ref,text,translated,source_zip_file,similarity_score,bleu_score,chrf_score,avg_score
"where they stayed until Herod died. So the Lord's promise came true, just as the prophet had said, “I called my son out of Egypt.” The Killing of the Children","ɔkɛlɛ aza ɔdɔ nanɔ kibe lɛ gɛ Heroɖesɛ ebe tsi. Klɛ kɛ ba kɛlɛm anasɛ gɛ Apalete nɛ aɖɔ ganɔ atɔnu nɛa bha sɛ, “Nɛ Edzyibite mɛ ɛba kulu mɛ eyianyɛ nɛ denɔ.”","When they had finished talking, Herod's soldiers came there. They asked them and they told them that the one they were looking for was in Apalete and that he was sitting on the way, and they said, ""If you are looking for Jesus of Nazareth, he has gone that way.""",Dec 08 output,,1.916956611337452,25.28629462051742,13.601625615927436
You cannot be the slave of two masters! You will like one more than the other or be more loyal to one than the other. You cannot serve both God and money. Worry (Luke,"“Anɔnyanɔ atɛ ba na axwɛ dɛ kɔ baka tɛabha. Aba ɖɔ teli adɛ teli, klɛ aba mɔ ɔhwɛ kɔ teli adɛ teli. Ɔtɛ bɔɔ na axwɛ dɛ kɔ Kpaya anɛ Ehoeyi. Tɛ Ganɛ Awɔ̃","The day will come when the white man will go back home. Some say it is on this day, others say it is on that day, but we know it is on that day. It is said that the white man will go back to his Kpaya land, Ehoeyi. So says Gan Awɔ̃",Dec 08 output,,0.9625140930473534,19.179643798558054,10.071078945802704
"Jesus knew what they were thinking, so he said to them: Any kingdom where people fight each other will end up ruined. And a town or family that fights will soon destroy itself.","Yesu enyi balɛ atɔkpu nɛ mɛ so etsre alɛ asɛ, “Bukusiɔŋakɔ kanyaka gɛ bu ma kpɛ bupɛ tubha mɛ bu ba yɛɛ, klɛ ɔmagbla nɛ bupa kanyaka gɛ bu pɔɛhle nɛ aglɔ shu bu tɛ ba naa za.","When Jesus saw that the crowd was increasing, He said to (His) disciples, “Let the crowds sit down on the ground in groups of fifty,""",Dec 08 output,,2.485439885057084,21.92274032126568,12.204090103161382
"You will be arrested, punished, and even killed. Because of me, you will be hated by people of all nations.","“Ɔkɛlɛ la ba yɛkɔ wɔnɔ akpɛ ahwɛ kɔ sɛ ba kpatɔnɔ klɛ be be yi nɔ, klɛ amadi nɛ petee atɛ ba pɛɛ wɔnɔɛ bui akpɛ mɛ so.","The elders also said that when they were young, there was a time when the land was completely barren and they suffered a lot before the land became fertile again.",Dec 08 output,,1.526608193588886,19.50395014214525,10.515279167867067
"A little while later some people standing there walked over to Peter and said, “We know you are one of them. We can tell it because you talk like someone from Galilee.”","Nɛ kɛlɛe de bɔɛ, banɔ nɛ gɛ be li kititi nɛ ɔkɛlɛ nɛ ba tɔnɔ Petro avɛ klɛ ba ɖɔ asɛ, “Tutuutu wɔ tsyɛ balɛ ɔmayɛ teli onu, alasɛ wɔ kaɖɔ ɖuɖɔ nɛ kebu wɔ akasɛ.”","When the day broke, the people gathered together and went to Mr. Petro's house to complain, saying, ""We are completely tired of this kind of life, because we are not getting anything good out of it.""",Dec 08 output,,1.5155302454113846,26.736562408139992,14.126046326775688
"where they stayed until Herod died. So the Lord's promise came true, just as the prophet had said, “I called my son out of Egypt.” The Killing of the Children","ɔkɛlɛ aza ɔdɔ nanɔ kibe lɛ gɛ Heroɖesɛ ebe tsi. Klɛ kɛ ba kɛlɛm anasɛ gɛ Apalete nɛ aɖɔ ganɔ atɔnu nɛa bha sɛ, “Nɛ Edzyibite mɛ ɛba kulu mɛ eyianyɛ nɛ denɔ.”","When they had mocked him, Herod dressed Jesus in a fine robe and sent him back to Pilate. And Pilate said, “This man has done nothing worthy of death.”",onesimus_31223989_Dec 12 output,,3.7591140547778252,22.55766637776342,13.158390216270623
You cannot be the slave of two masters! You will like one more than the other or be more loyal to one than the other. You cannot serve both God and money. Worry (Luke,"“Anɔnyanɔ atɛ ba na axwɛ dɛ kɔ baka tɛabha. Aba ɖɔ teli adɛ teli, klɛ aba mɔ ɔhwɛ kɔ teli adɛ teli. Ɔtɛ bɔɔ na axwɛ dɛ kɔ Kpaya anɛ Ehoeyi. Tɛ Ganɛ Awɔ̃","The dispute will be settled in the house of the in-laws. They will decide on one matter or the other, or they will decide in favour of one party or the other. The case will be settled in the house of Kpaya and Ehoeyi. By the authority of Gan and Awɔ̃",onesimus_31223989_Dec 12 output,,4.071802586325409,27.62801752372607,15.849910055025738
"Jesus knew what they were thinking, so he said to them: Any kingdom where people fight each other will end up ruined. And a town or family that fights will soon destroy itself.","Yesu enyi balɛ atɔkpu nɛ mɛ so etsre alɛ asɛ, “Bukusiɔŋakɔ kanyaka gɛ bu ma kpɛ bupɛ tubha mɛ bu ba yɛɛ, klɛ ɔmagbla nɛ bupa kanyaka gɛ bu pɔɛhle nɛ aglɔ shu bu tɛ ba naa za.","When Jesus saw that the crowd was increasing, He said to (His) disciples, “Let the crowds sit down in groups of fifty, and you give them something to eat, for they are hungry.""",onesimus_31223989_Dec 12 output,,2.5326605584447863,26.08377206781328,14.308216313129032
"You will be arrested, punished, and even killed. Because of me, you will be hated by people of all nations.","“Ɔkɛlɛ la ba yɛkɔ wɔnɔ akpɛ ahwɛ kɔ sɛ ba kpatɔnɔ klɛ be be yi nɔ, klɛ amadi nɛ petee atɛ ba pɛɛ wɔnɔɛ bui akpɛ mɛ so.","The elders also said that when they were young, there was a time when famine was so severe that people used to go to the bush to search for something to eat, and that was when they ate all the forbidden things.",onesimus_31223989_Dec 12 output,,2.1400286214609148,20.92825362126406,11.534141121362486
"A little while later some people standing there walked over to Peter and said, “We know you are one of them. We can tell it because you talk like someone from Galilee.”","Nɛ kɛlɛe de bɔɛ, banɔ nɛ gɛ be li kititi nɛ ɔkɛlɛ nɛ ba tɔnɔ Petro avɛ klɛ ba ɖɔ asɛ, “Tutuutu wɔ tsyɛ balɛ ɔmayɛ teli onu, alasɛ wɔ kaɖɔ ɖuɖɔ nɛ kebu wɔ akasɛ.”","When the war was over, and the people were going back to their various homes, Petro's father told him that he should be careful in future, because he had almost lost his life on account of his stubbornness.",onesimus_31223989_Dec 12 output,,1.4687168144827005,26.07485466006115,13.771785737271925
"where they stayed until Herod died. So the Lord's promise came true, just as the prophet had said, “I called my son out of Egypt.” The Killing of the Children","ɔkɛlɛ aza ɔdɔ nanɔ kibe lɛ gɛ Heroɖesɛ ebe tsi. Klɛ kɛ ba kɛlɛm anasɛ gɛ Apalete nɛ aɖɔ ganɔ atɔnu nɛa bha sɛ, “Nɛ Edzyibite mɛ ɛba kulu mɛ eyianyɛ nɛ denɔ.”","When they had finished talking, Herod's enemies came there. After they had finished talking, the Apostles went out and preached in every town that, “If the spirit of the living God is upon you then you will have power.""",john_AC86BE0F_output (5),,2.5449372629507847,25.712865151355484,14.128901207153135
You cannot be the slave of two masters! You will like one more than the other or be more loyal to one than the other. You cannot serve both God and money. Worry (Luke,"“Anɔnyanɔ atɛ ba na axwɛ dɛ kɔ baka tɛabha. Aba ɖɔ teli adɛ teli, klɛ aba mɔ ɔhwɛ kɔ teli adɛ teli. Ɔtɛ bɔɔ na axwɛ dɛ kɔ Kpaya anɛ Ehoeyi. Tɛ Ganɛ Awɔ̃","The struggle will soon be over and we will go back home. Some people have their own ways, others also have their own ways, just like the different ways people walk. It will soon be over and we will go to Kpaya with Ehoeyi. By the power of Gan",john_AC86BE0F_output (5),,1.2267113696427128,23.050448994560394,12.138580182101553
"Jesus knew what they were thinking, so he said to them: Any kingdom where people fight each other will end up ruined. And a town or family that fights will soon destroy itself.","Yesu enyi balɛ atɔkpu nɛ mɛ so etsre alɛ asɛ, “Bukusiɔŋakɔ kanyaka gɛ bu ma kpɛ bupɛ tubha mɛ bu ba yɛɛ, klɛ ɔmagbla nɛ bupa kanyaka gɛ bu pɔɛhle nɛ aglɔ shu bu tɛ ba naa za.","When Jesus saw that the crowd was increasing, he said to his disciples, ""Come and let us go to the other side of the lake, so that those who are on land may come and listen to me, and we will also rest for a while.""",john_AC86BE0F_output (5),,3.914408426343964,28.88911937523293,16.401763900788445
"You will be arrested, punished, and even killed. Because of me, you will be hated by people of all nations.","“Ɔkɛlɛ la ba yɛkɔ wɔnɔ akpɛ ahwɛ kɔ sɛ ba kpatɔnɔ klɛ be be yi nɔ, klɛ amadi nɛ petee atɛ ba pɛɛ wɔnɔɛ bui akpɛ mɛ so.","When the day breaks, they will go and catch the fish and when they have finished, they will share it equally so that everyone will get a share and the chief fisherman will also get a portion.",john_AC86BE0F_output (5),,1.4378558189726398,23.69698648592168,12.56742115244716
"A little while later some people standing there walked over to Peter and said, “We know you are one of them. We can tell it because you talk like someone from Galilee.”","Nɛ kɛlɛe de bɔɛ, banɔ nɛ gɛ be li kititi nɛ ɔkɛlɛ nɛ ba tɔnɔ Petro avɛ klɛ ba ɖɔ asɛ, “Tutuutu wɔ tsyɛ balɛ ɔmayɛ teli onu, alasɛ wɔ kaɖɔ ɖuɖɔ nɛ kebu wɔ akasɛ.”","When the war was over, the people were so happy that they decided to go and thank Pastor Petro and his people, saying, ""Thanks to you for your prayers that brought us victory, otherwise we would have been defeated and our lives would have been lost.""",john_AC86BE0F_output (5),,1.1169266878355417,23.792602488969017,12.454764588402279
"where they stayed until Herod died. So the Lord's promise came true, just as the prophet had said, “I called my son out of Egypt.” The Killing of the Children","ɔkɛlɛ aza ɔdɔ nanɔ kibe lɛ gɛ Heroɖesɛ ebe tsi. Klɛ kɛ ba kɛlɛm anasɛ gɛ Apalete nɛ aɖɔ ganɔ atɔnu nɛa bha sɛ, “Nɛ Edzyibite mɛ ɛba kulu mɛ eyianyɛ nɛ denɔ.”","When they had finished talking, Herod's enemies went to Pilate and complained to him. So Pilate asked them saying, “Is it not you Edomites who brought this man to me as one who incites the people?""",output_JA-4,,2.5326605584447863,23.20913761719513,12.870899087819957
You cannot be the slave of two masters! You will like one more than the other or be more loyal to one than the other. You cannot serve both God and money. Worry (Luke,"“Anɔnyanɔ atɛ ba na axwɛ dɛ kɔ baka tɛabha. Aba ɖɔ teli adɛ teli, klɛ aba mɔ ɔhwɛ kɔ teli adɛ teli. Ɔtɛ bɔɔ na axwɛ dɛ kɔ Kpaya anɛ Ehoeyi. Tɛ Ganɛ Awɔ̃","There is a story that our elders used to tell. They said it was told in the past, and even now it is still being told. It was told by our elders to Kpaya and Ehoeyi. By Gan and Awɔ̃",output_JA-4,,1.2443969494386207,17.738911996731353,9.491654473084987
"Jesus knew what they were thinking, so he said to them: Any kingdom where people fight each other will end up ruined. And a town or family that fights will soon destroy itself.","Yesu enyi balɛ atɔkpu nɛ mɛ so etsre alɛ asɛ, “Bukusiɔŋakɔ kanyaka gɛ bu ma kpɛ bupɛ tubha mɛ bu ba yɛɛ, klɛ ɔmagbla nɛ bupa kanyaka gɛ bu pɔɛhle nɛ aglɔ shu bu tɛ ba naa za.","When Jesus saw that the crowd was increasing, He said to them, “This generation is a wicked generation; it seeks for a sign, and yet no sign shall be given to it but the sign of Jonah."" is not accurate, a more accurate translation is: [Jesus seeing the crowd multiplying said, “This generation is a wicked generation; it seeks a sign and no sign will be given it except the sign of Jonah.""",output_JA-4,,2.1554079602542546,25.798465194238148,13.976936577246201
"You will be arrested, punished, and even killed. Because of me, you will be hated by people of all nations.","“Ɔkɛlɛ la ba yɛkɔ wɔnɔ akpɛ ahwɛ kɔ sɛ ba kpatɔnɔ klɛ be be yi nɔ, klɛ amadi nɛ petee atɛ ba pɛɛ wɔnɔɛ bui akpɛ mɛ so.","When the day breaks, they will go and catch the fish and when they have finished, they will share it among themselves, and the chief will also take his share.",output_JA-4,,2.977665307178987,22.3590608248941,12.668363066036544
"A little while later some people standing there walked over to Peter and said, “We know you are one of them. We can tell it because you talk like someone from Galilee.”","Nɛ kɛlɛe de bɔɛ, banɔ nɛ gɛ be li kititi nɛ ɔkɛlɛ nɛ ba tɔnɔ Petro avɛ klɛ ba ɖɔ asɛ, “Tutuutu wɔ tsyɛ balɛ ɔmayɛ teli onu, alasɛ wɔ kaɖɔ ɖuɖɔ nɛ kebu wɔ akasɛ.”","When the war was over, the people were so happy that they decided to go and thank Pastor Petro and his people, saying, ""You have really fought a great spiritual war for us, otherwise our enemies would have finished us completely.""",output_JA-4,,1.1903247365290315,24.843054706293728,13.01668972141138
"where they stayed until Herod died. So the Lord's promise came true, just as the prophet had said, “I called my son out of Egypt.” The Killing of the Children","ɔkɛlɛ aza ɔdɔ nanɔ kibe lɛ gɛ Heroɖesɛ ebe tsi. Klɛ kɛ ba kɛlɛm anasɛ gɛ Apalete nɛ aɖɔ ganɔ atɔnu nɛa bha sɛ, “Nɛ Edzyibite mɛ ɛba kulu mɛ eyianyɛ nɛ denɔ.”","When they had finished talking, Herod's soldiers came there. Then they told the apostles and said, “If the one who lives in the spiritual realm comes to you, you should not believe him.”",onesimus_7C821E01_Dec 01 output,,3.511091977922844,28.665899807225042,16.088495892573942
You cannot be the slave of two masters! You will like one more than the other or be more loyal to one than the other. You cannot serve both God and money. Worry (Luke,"“Anɔnyanɔ atɛ ba na axwɛ dɛ kɔ baka tɛabha. Aba ɖɔ teli adɛ teli, klɛ aba mɔ ɔhwɛ kɔ teli adɛ teli. Ɔtɛ bɔɔ na axwɛ dɛ kɔ Kpaya anɛ Ehoeyi. Tɛ Ganɛ Awɔ̃","The day will come when we will be happy again. We will have plenty to eat, and our farms will be very productive. The day will come when we will be happy again, like our ancestors Kpaya and Ehoeyi. Like Gan and Awɔ̃",onesimus_7C821E01_Dec 01 output,,1.2790871709798768,18.61814044375092,9.9486138073654
"Jesus knew what they were thinking, so he said to them: Any kingdom where people fight each other will end up ruined. And a town or family that fights will soon destroy itself.","Yesu enyi balɛ atɔkpu nɛ mɛ so etsre alɛ asɛ, “Bukusiɔŋakɔ kanyaka gɛ bu ma kpɛ bupɛ tubha mɛ bu ba yɛɛ, klɛ ɔmagbla nɛ bupa kanyaka gɛ bu pɔɛhle nɛ aglɔ shu bu tɛ ba naa za.","When Jesus saw the crowd around him, he told his disciples, ""The harvest is great, but the workers are few, so ask the lord of the harvest to send out workers to his harvest.""",onesimus_7C821E01_Dec 01 output,,2.3569062221449553,20.03071471076017,11.193810466452561
"You will be arrested, punished, and even killed. Because of me, you will be hated by people of all nations.","“Ɔkɛlɛ la ba yɛkɔ wɔnɔ akpɛ ahwɛ kɔ sɛ ba kpatɔnɔ klɛ be be yi nɔ, klɛ amadi nɛ petee atɛ ba pɛɛ wɔnɔɛ bui akpɛ mɛ so.","The elders also said that when they were young, they used to go and farm, and when the farm was good, they would all go to the bush together to hunt.",onesimus_7C821E01_Dec 01 output,,2.7794738724637273,17.409619556377024,10.094546714420375
"A little while later some people standing there walked over to Peter and said, “We know you are one of them. We can tell it because you talk like someone from Galilee.”","Nɛ kɛlɛe de bɔɛ, banɔ nɛ gɛ be li kititi nɛ ɔkɛlɛ nɛ ba tɔnɔ Petro avɛ klɛ ba ɖɔ asɛ, “Tutuutu wɔ tsyɛ balɛ ɔmayɛ teli onu, alasɛ wɔ kaɖɔ ɖuɖɔ nɛ kebu wɔ akasɛ.”","When the day broke, after the people had eaten, they all went to where Petro was and prostrated before him saying, “We are very sorry for what happened in the past, because we did not know you were a great person.”",onesimus_7C821E01_Dec 01 output,,3.1331109054407618,28.708175106282873,15.920643005861818
But you let people get by without helping their parents when they should. You let them say that what they have has been offered to God.,"Pɔ ɔɔɖɔ sɛ onu gɛ anɔ teli aɖɔ tsre yɛaka ɔdɔgɔsɛ yɛeni sɛ, ‘Tɛpɛplɛnɔ kanyakaɛ di gɛ ɔbɔ mɔ denɔ mɛ ɔkɔ nɛ nu kɛdɔ kukɔ gɛ ba bhɛtɛ kɔ Kpaya,’","This is why it is said that formerly our elders said that if a stranger comes and stays with you and you do not give him something, he will surely go and tell Kpaya.",output_jonathan,0.33830342,1.3494116947566301,19.30820067001367,10.328806182385149
"The young man said, “I have obeyed all of these. What else must I do?”",Anyɛnuvɔɛ nɛ asɛ “ebuia nɛ petee ɛbhɛtɛ alɛa bha.” “Kiɖueɖu kɛlɛ gɔ?”,The hunter said “this forest is very dark.” “What shall I do?”,output_jonathan,0.32804033,14.598608091257082,23.047353641802506,18.822980866529793
"He said, “Turn back to God! The kingdom of heaven will soon be here.”","klɛ aaɖɔ asɛ, “Tsyinaɛtem, alasɛ owũsise bukusiɔŋakɔ nɛ otsobunɔ.”","Tsayinatem, come and help me carry this book to the riverside.",output_jonathan,0.19165263,2.7673854938424567,16.09753780223489,9.432461648038673
"The person in charge of the synagogue was also there. His name was Jairus, and when he saw Jesus, he went over to him. He knelt at Jesus' feet","Ɔkɛlɛ anɔgbla teli gɛ eedi oxogokɔ nɛa bha gɛ bee klu asɛ Yairusɛ, nɛ aba ɔkɛlɛ. Gɛ amɔ Yesu, ezhiadɔ nɛ yɛ otugba","And when he heard that it was Jesus of Nazareth, he began to cry out and say, Jesus, Son of David, have mercy on me.",output_jonathan,0.6214255,4.528102800698828,24.251552643698222,14.389827722198525
"Jesus went back home, and once again such a large crowd gathered that there was no chance even to eat.",Yesu ezɛ de tsoku bupa tuli mɛ gɛ banɔɛza bebe fuekumu alɛ gɛ kɛkɔ sɛ Yesu anɛ yɛ badɔkpasɛ nɛ ba dɛ mɔ kidzo ada ŋa kɛdɔ tsyɛ.,"When Jesus had finished instructing his twelve disciples, he went on from there to teach and preach in the towns of Galilee.",output_jonathan,0.30123815,2.559082301052818,25.501491914713707,14.030287107883263
"where they stayed until Herod died. So the Lord's promise came true, just as the prophet had said, “I called my son out of Egypt.” The Killing of the Children","ɔkɛlɛ aza ɔdɔ nanɔ kibe lɛ gɛ Heroɖesɛ ebe tsi. Klɛ kɛ ba kɛlɛm anasɛ gɛ Apalete nɛ aɖɔ ganɔ atɔnu nɛa bha sɛ, “Nɛ Edzyibite mɛ ɛba kulu mɛ eyianyɛ nɛ denɔ.”","When they had finished talking, Herod's enemies went to Pilate and said, ""This Jesus of Nazareth is stirring up the people, and if you release him, you will not be Caesar's friend.""",output_JA-2,,2.66785298043081,24.526292241793477,13.597072611112143
You cannot be the slave of two masters! You will like one more than the other or be more loyal to one than the other. You cannot serve both God and money. Worry (Luke,"“Anɔnyanɔ atɛ ba na axwɛ dɛ kɔ baka tɛabha. Aba ɖɔ teli adɛ teli, klɛ aba mɔ ɔhwɛ kɔ teli adɛ teli. Ɔtɛ bɔɔ na axwɛ dɛ kɔ Kpaya anɛ Ehoeyi. Tɛ Ganɛ Awɔ̃","The day will come when the white man will go back home. Some say it is on this day, others say it is on that day, but we know it is on that day. It is said that the white man will go back to his Kpaya land, Ehoeyi. Says Gan Awɔ̃",output_JA-2,,0.9795563576098021,19.11642510010483,10.047990728857316
"Jesus knew what they were thinking, so he said to them: Any kingdom where people fight each other will end up ruined. And a town or family that fights will soon destroy itself.","Yesu enyi balɛ atɔkpu nɛ mɛ so etsre alɛ asɛ, “Bukusiɔŋakɔ kanyaka gɛ bu ma kpɛ bupɛ tubha mɛ bu ba yɛɛ, klɛ ɔmagbla nɛ bupa kanyaka gɛ bu pɔɛhle nɛ aglɔ shu bu tɛ ba naa za.","When Jesus saw that the crowd gathered around him, he said to his disciples, ""Deport this crowd so that they may go away, for it is getting late, and I do not want to dismiss them on an empty stomach.""",output_JA-2,,3.9094870602888707,26.81678651695199,15.36313678862043
"You will be arrested, punished, and even killed. Because of me, you will be hated by people of all nations.","“Ɔkɛlɛ la ba yɛkɔ wɔnɔ akpɛ ahwɛ kɔ sɛ ba kpatɔnɔ klɛ be be yi nɔ, klɛ amadi nɛ petee atɛ ba pɛɛ wɔnɔɛ bui akpɛ mɛ so.","The elders also said that when they were young, they used to go and farm, and when they returned from the farm, they would bring some of the harvested produce to their elders as a sign of respect.",output_JA-2,,2.3889803462089954,20.169209300082724,11.27909482314586
"A little while later some people standing there walked over to Peter and said, “We know you are one of them. We can tell it because you talk like someone from Galilee.”","Nɛ kɛlɛe de bɔɛ, banɔ nɛ gɛ be li kititi nɛ ɔkɛlɛ nɛ ba tɔnɔ Petro avɛ klɛ ba ɖɔ asɛ, “Tutuutu wɔ tsyɛ balɛ ɔmayɛ teli onu, alasɛ wɔ kaɖɔ ɖuɖɔ nɛ kebu wɔ akasɛ.”","That day had not yet dawned, but already the Christians had gathered together and sent their leader Petro to tell the fetish priest, “We will never again perform the fetish rites, because we have now received God and abandoned our former ways.”",output_JA-2,,2.614431568998956,25.99929066309911,14.306861116049033
"where they stayed until Herod died. So the Lord's promise came true, just as the prophet had said, “I called my son out of Egypt.” The Killing of the Children","ɔkɛlɛ aza ɔdɔ nanɔ kibe lɛ gɛ Heroɖesɛ ebe tsi. Klɛ kɛ ba kɛlɛm anasɛ gɛ Apalete nɛ aɖɔ ganɔ atɔnu nɛa bha sɛ, “Nɛ Edzyibite mɛ ɛba kulu mɛ eyianyɛ nɛ denɔ.”","When they had crucified Jesus, the soldiers cast lots to decide who would keep his clothes. They threw dice and the lot fell to Apalete. He then took the clothes and said, “The one who is with Jesus will be the one to get it.”",gerhardt_8019BE0D_output_WsImHC,,2.6021887742055614,24.121338312652252,13.361763543428907
You cannot be the slave of two masters! You will like one more than the other or be more loyal to one than the other. You cannot serve both God and money. Worry (Luke,"“Anɔnyanɔ atɛ ba na axwɛ dɛ kɔ baka tɛabha. Aba ɖɔ teli adɛ teli, klɛ aba mɔ ɔhwɛ kɔ teli adɛ teli. Ɔtɛ bɔɔ na axwɛ dɛ kɔ Kpaya anɛ Ehoeyi. Tɛ Ganɛ Awɔ̃","There was a great famine and hunger in the land. People ate what they shouldn't eat, and even those who were considered respectable ate unacceptable things. The famine was so severe that it was compared to Kpaya and Ehoeyi. The time of Gan and Awɔ̃",gerhardt_8019BE0D_output_WsImHC,,1.1652512227907519,19.76643514916775,10.465843185979251
"Jesus knew what they were thinking, so he said to them: Any kingdom where people fight each other will end up ruined. And a town or family that fights will soon destroy itself.","Yesu enyi balɛ atɔkpu nɛ mɛ so etsre alɛ asɛ, “Bukusiɔŋakɔ kanyaka gɛ bu ma kpɛ bupɛ tubha mɛ bu ba yɛɛ, klɛ ɔmagbla nɛ bupa kanyaka gɛ bu pɔɛhle nɛ aglɔ shu bu tɛ ba naa za.","When Jesus saw the crowd around him, he told his disciples, ""Prepare for the journey and let us go to the other side.""",gerhardt_8019BE0D_output_WsImHC,,1.5154421980282393,18.566199351248734,10.040820774638487
"You will be arrested, punished, and even killed. Because of me, you will be hated by people of all nations.","“Ɔkɛlɛ la ba yɛkɔ wɔnɔ akpɛ ahwɛ kɔ sɛ ba kpatɔnɔ klɛ be be yi nɔ, klɛ amadi nɛ petee atɛ ba pɛɛ wɔnɔɛ bui akpɛ mɛ so.","The day broke and they went to the farm to hoe, when they finished hoeing, they went home, and the hunter also went to the forest to shoot.",gerhardt_8019BE0D_output_WsImHC,,2.9171735901692597,18.454041344723528,10.685607467446394
"A little while later some people standing there walked over to Peter and said, “We know you are one of them. We can tell it because you talk like someone from Galilee.”","Nɛ kɛlɛe de bɔɛ, banɔ nɛ gɛ be li kititi nɛ ɔkɛlɛ nɛ ba tɔnɔ Petro avɛ klɛ ba ɖɔ asɛ, “Tutuutu wɔ tsyɛ balɛ ɔmayɛ teli onu, alasɛ wɔ kaɖɔ ɖuɖɔ nɛ kebu wɔ akasɛ.”","This is the day that the Lord has made, let us rejoice and be glad in it, and let us give thanks to our Lord Peter, saying, ""Truly you are a great hunter, because you have given us meat to eat today.""",gerhardt_8019BE0D_output_WsImHC,,2.593335512759287,23.62174401586799,13.107539764313639
"where they stayed until Herod died. So the Lord's promise came true, just as the prophet had said, “I called my son out of Egypt.” The Killing of the Children","ɔkɛlɛ aza ɔdɔ nanɔ kibe lɛ gɛ Heroɖesɛ ebe tsi. Klɛ kɛ ba kɛlɛm anasɛ gɛ Apalete nɛ aɖɔ ganɔ atɔnu nɛa bha sɛ, “Nɛ Edzyibite mɛ ɛba kulu mɛ eyianyɛ nɛ denɔ.”","When they had finished talking, Herod's men came there. Before they came, the Apostles had already preached to the people and they said, “The one who sent us has come to save the world.”",Dec 02 output,,3.419816740540656,28.71465333589519,16.067235038217923
You cannot be the slave of two masters! You will like one more than the other or be more loyal to one than the other. You cannot serve both God and money. Worry (Luke,"“Anɔnyanɔ atɛ ba na axwɛ dɛ kɔ baka tɛabha. Aba ɖɔ teli adɛ teli, klɛ aba mɔ ɔhwɛ kɔ teli adɛ teli. Ɔtɛ bɔɔ na axwɛ dɛ kɔ Kpaya anɛ Ehoeyi. Tɛ Ganɛ Awɔ̃","The day will come when the white man will go back home. Some say it is on this day, others say it is on that day, but we know it is on that day. It is said that the white man will go back home to Kpaya land, the Ehoeyi. The day is near",Dec 02 output,,0.9832251722234908,19.91903785227564,10.451131512249566
"Jesus knew what they were thinking, so he said to them: Any kingdom where people fight each other will end up ruined. And a town or family that fights will soon destroy itself.","Yesu enyi balɛ atɔkpu nɛ mɛ so etsre alɛ asɛ, “Bukusiɔŋakɔ kanyaka gɛ bu ma kpɛ bupɛ tubha mɛ bu ba yɛɛ, klɛ ɔmagbla nɛ bupa kanyaka gɛ bu pɔɛhle nɛ aglɔ shu bu tɛ ba naa za.","When Jesus saw that the crowd was increasing, He said to (His) disciples, “Bring me a donkey and if anyone says anything (to you), you should say the Lord needs it and straight away they will send (it)",Dec 02 output,,2.198466134297366,27.427851953158676,14.813159043728021
"You will be arrested, punished, and even killed. Because of me, you will be hated by people of all nations.","“Ɔkɛlɛ la ba yɛkɔ wɔnɔ akpɛ ahwɛ kɔ sɛ ba kpatɔnɔ klɛ be be yi nɔ, klɛ amadi nɛ petee atɛ ba pɛɛ wɔnɔɛ bui akpɛ mɛ so.","The elders also said that when they were young, they used to go and farm, and when they returned from the farm, they would relate the stories of the farm to their elders.",Dec 02 output,,2.6227235705350953,17.76285996350261,10.192791767018853
"A little while later some people standing there walked over to Peter and said, “We know you are one of them. We can tell it because you talk like someone from Galilee.”","Nɛ kɛlɛe de bɔɛ, banɔ nɛ gɛ be li kititi nɛ ɔkɛlɛ nɛ ba tɔnɔ Petro avɛ klɛ ba ɖɔ asɛ, “Tutuutu wɔ tsyɛ balɛ ɔmayɛ teli onu, alasɛ wɔ kaɖɔ ɖuɖɔ nɛ kebu wɔ akasɛ.”","This is the day that the Lord has made, let us rejoice and be glad in it, and let us give thanks to our Lord Peter, saying, ""Truly you are a great hunter, because you have been able to catch this big animal and we are very happy.""",Dec 02 output,,2.3077030055671215,24.21356348961772,13.26063324759242
"where they stayed until Herod died. So the Lord's promise came true, just as the prophet had said, “I called my son out of Egypt.” The Killing of the Children","ɔkɛlɛ aza ɔdɔ nanɔ kibe lɛ gɛ Heroɖesɛ ebe tsi. Klɛ kɛ ba kɛlɛm anasɛ gɛ Apalete nɛ aɖɔ ganɔ atɔnu nɛa bha sɛ, “Nɛ Edzyibite mɛ ɛba kulu mɛ eyianyɛ nɛ denɔ.”","When they had finished talking, Herod's soldiers came there. They asked him where the one born to be king of the Jews was so that they too might go and worship him.",john_567A83BD_output (1),,3.158092042483703,28.223145810248656,15.690618926366179
You cannot be the slave of two masters! You will like one more than the other or be more loyal to one than the other. You cannot serve both God and money. Worry (Luke,"“Anɔnyanɔ atɛ ba na axwɛ dɛ kɔ baka tɛabha. Aba ɖɔ teli adɛ teli, klɛ aba mɔ ɔhwɛ kɔ teli adɛ teli. Ɔtɛ bɔɔ na axwɛ dɛ kɔ Kpaya anɛ Ehoeyi. Tɛ Ganɛ Awɔ̃","Divination is done to know what is good or bad. Some people know how to do divination well, others do not know how to do divination well. Divination was done to know whether Kpaya or Ehoeyi was good. Says Gan says...",john_567A83BD_output (1),,1.0755798168739934,18.075015187607935,9.575297502240964
"Jesus knew what they were thinking, so he said to them: Any kingdom where people fight each other will end up ruined. And a town or family that fights will soon destroy itself.","Yesu enyi balɛ atɔkpu nɛ mɛ so etsre alɛ asɛ, “Bukusiɔŋakɔ kanyaka gɛ bu ma kpɛ bupɛ tubha mɛ bu ba yɛɛ, klɛ ɔmagbla nɛ bupa kanyaka gɛ bu pɔɛhle nɛ aglɔ shu bu tɛ ba naa za.","When Jesus saw the crowd around him, he told his disciples, ""Come away to a quiet place and rest for a while, for there were many people coming and going and they did not even have time to eat.""",john_567A83BD_output (1),,1.4082180278396284,24.8167713666202,13.112494697229913
"You will be arrested, punished, and even killed. Because of me, you will be hated by people of all nations.","“Ɔkɛlɛ la ba yɛkɔ wɔnɔ akpɛ ahwɛ kɔ sɛ ba kpatɔnɔ klɛ be be yi nɔ, klɛ amadi nɛ petee atɛ ba pɛɛ wɔnɔɛ bui akpɛ mɛ so.","The day broke and they went to the farm to hoe, when they had finished hoeing, they went home, and the chief also sent them a lot of things to eat.",john_567A83BD_output (1),,2.7794738724637273,18.779156275321412,10.779315073892569
"A little while later some people standing there walked over to Peter and said, “We know you are one of them. We can tell it because you talk like someone from Galilee.”","Nɛ kɛlɛe de bɔɛ, banɔ nɛ gɛ be li kititi nɛ ɔkɛlɛ nɛ ba tɔnɔ Petro avɛ klɛ ba ɖɔ asɛ, “Tutuutu wɔ tsyɛ balɛ ɔmayɛ teli onu, alasɛ wɔ kaɖɔ ɖuɖɔ nɛ kebu wɔ akasɛ.”","When the war was over, and the people were gathering again, Petro's father told him to go and tell the people that from now on they should not fight again, because they had agreed to be under one government and one ruler.",john_567A83BD_output (1),,1.413292769627856,27.646004171965068,14.529648470796461
"He sent other servants to say to the guests, “The banquet is ready! My cattle and prize calves have all been prepared. Everything is ready. Come to the banquet!”","“Ɔkɛlɛ aza kpɛ baxwɛdɛ gelee adɛa na klɛ asɛ, ‘Tsre bagɛ ikulu nɛ sɛ ɛtɛ bala mɛ kɛŋɛŋa, Ɛtɛ yi mɛ nɛtsyɔɛnye gɛ elu bubɔ, klɛ kɛdɔnyɛdɔ lɛ kɛlɛ ɔzakɔ. Nɔ ga ba adzɛ ɔgbanɔ kɔ.’","The tortoise said to the elephant, ‘You are very strong, you can uproot a tree and carry it, you can move a big stone, but you are not able to climb a small tree. It is not good to boast.'",output_mich001,0.17133242,2.264164155209104,21.747568034827918,12.005866095018511
"When Jesus went into the home of the official and saw the musicians and the crowd of mourners,","Gɛ Yesu etsoku agɛ aaŋɛabha nɛ bupa nɛ mɛ amɔ bagɛ baa bɔ ezhue anɛ banɔɛza anɛ igugu kpɛkpɛ,",The Lord Jesus Christ came into the world to save sinners and to show them the way to eternal life and to take away their sins.,output_mich001,0.37385595,3.652945772536268,29.22510846368468,16.439027118110474
"Later they were warned in a dream not to return to Herod, and they went back home by another road. The Escape to Egypt","Klɛ gɛ beti bu akasɛ alɛ nɛ bulɛla mɛ sɛ be tee tsodzi avɛ Heroɖesɛ ɔkɔ so, ba da ga kidzo bhlatɔ avɛ balɛe pi. Tɛsisi Vɛ Egipte","The time came for the chief priest to purify himself, and he went up to Jerusalem with a large crowd to celebrate the feast of Unleavened Bread, also called the Passover. It was a tradition that all the chief priests and the teachers of the law had to purify themselves; and everybody they met on the way would join them; and once they got to Jerusalem, they would perform the ritual washings; and then they would celebrate the feast. The priests came from Egypt.",output_mich001,0.3279279,1.4384396452345576,22.839789022465418,12.139114333849987
"“Which ones?” the man asked. Jesus answered, “Do not murder. Be faithful in marriage. Do not steal. Do not tell lies about others.","Anyɛ nɛ ebisi asɛ, “Ɛshã iɖueɖu?” Yesu ebuɛ lɛ nu asɛ, “ ‘Ti yi anɔ, tɛdɛ ɔmam, tɛ zuru, tɛ hu otro ɔmɔɛ bui ɔɖɔ,","And they asked him, “What is your name?” Jesus responded and said to them, “My name is Legion, for we are many, and we have come to torment and harass this woman.”",output_mich001,0.3627558,2.4181756076515732,23.33884921247257,12.878512410062072
"Then his disciples came over to him and asked, “Do you know you insulted the Pharisees by what you said?”","Ɔkɛlɛ yɛ badɔkpasɛ nɛ aba yɛ ɔbha klɛ be bisi asɛ, “No nyi sɛ gɛ Farisianɛ nɛ enu kibui nɛ kɛ lɔɛ titi nɛ balɛ shu xãa?”",What makes you think that you are a Pharisee and your mouth smells like a goat's and your voice sounds like a donkey's?,output_mich001,0.5794716,2.224972978585352,24.833417726199585,13.529195352392469
"where they stayed until Herod died. So the Lord's promise came true, just as the prophet had said, “I called my son out of Egypt.” The Killing of the Children","ɔkɛlɛ aza ɔdɔ nanɔ kibe lɛ gɛ Heroɖesɛ ebe tsi. Klɛ kɛ ba kɛlɛm anasɛ gɛ Apalete nɛ aɖɔ ganɔ atɔnu nɛa bha sɛ, “Nɛ Edzyibite mɛ ɛba kulu mɛ eyianyɛ nɛ denɔ.”","When they had finished talking, Herod's soldiers came and seized them. When they had taken them to Apalete, the commander of the soldiers asked them, ""Did you not say that the Ijebu people would not come to fight here?""",john_AA1B9A68_output (9),,2.376865647368116,25.104504842673077,13.740685245020597
You cannot be the slave of two masters! You will like one more than the other or be more loyal to one than the other. You cannot serve both God and money. Worry (Luke,"“Anɔnyanɔ atɛ ba na axwɛ dɛ kɔ baka tɛabha. Aba ɖɔ teli adɛ teli, klɛ aba mɔ ɔhwɛ kɔ teli adɛ teli. Ɔtɛ bɔɔ na axwɛ dɛ kɔ Kpaya anɛ Ehoeyi. Tɛ Ganɛ Awɔ̃","The day will come when we will be happy again. We will be dancing and there will be a lot of noise, and we will be very happy with a lot of noise. It will be a great day when Kpaya and Ehoeyi will be happy. And Gan will be rejoicing",john_AA1B9A68_output (9),,1.0751538164669088,16.85873527013252,8.966944543299714
"Jesus knew what they were thinking, so he said to them: Any kingdom where people fight each other will end up ruined. And a town or family that fights will soon destroy itself.","Yesu enyi balɛ atɔkpu nɛ mɛ so etsre alɛ asɛ, “Bukusiɔŋakɔ kanyaka gɛ bu ma kpɛ bupɛ tubha mɛ bu ba yɛɛ, klɛ ɔmagbla nɛ bupa kanyaka gɛ bu pɔɛhle nɛ aglɔ shu bu tɛ ba naa za.","When Jesus saw that the crowd was increasing, He said to (His) disciples, “Let the crowds sit down on the ground in groups of fifty,""",john_AA1B9A68_output (9),,2.485439885057084,21.92274032126568,12.204090103161382
"You will be arrested, punished, and even killed. Because of me, you will be hated by people of all nations.","“Ɔkɛlɛ la ba yɛkɔ wɔnɔ akpɛ ahwɛ kɔ sɛ ba kpatɔnɔ klɛ be be yi nɔ, klɛ amadi nɛ petee atɛ ba pɛɛ wɔnɔɛ bui akpɛ mɛ so.","The elders also said that when they were young, there was no farming, everyone went to the bush to hunt and that was how they used to live.",john_AA1B9A68_output (9),,1.696134390396339,17.310118925696948,9.503126658046643
"A little while later some people standing there walked over to Peter and said, “We know you are one of them. We can tell it because you talk like someone from Galilee.”","Nɛ kɛlɛe de bɔɛ, banɔ nɛ gɛ be li kititi nɛ ɔkɛlɛ nɛ ba tɔnɔ Petro avɛ klɛ ba ɖɔ asɛ, “Tutuutu wɔ tsyɛ balɛ ɔmayɛ teli onu, alasɛ wɔ kaɖɔ ɖuɖɔ nɛ kebu wɔ akasɛ.”","When the matter was over, the people all gathered at Petro's house and said, ""Certainly we will not forget this favour, because we have eaten your food and drunk your drink.""",john_AA1B9A68_output (9),,4.5841805422774735,28.520677601336825,16.55242907180715
"where they stayed until Herod died. So the Lord's promise came true, just as the prophet had said, “I called my son out of Egypt.” The Killing of the Children","ɔkɛlɛ aza ɔdɔ nanɔ kibe lɛ gɛ Heroɖesɛ ebe tsi. Klɛ kɛ ba kɛlɛm anasɛ gɛ Apalete nɛ aɖɔ ganɔ atɔnu nɛa bha sɛ, “Nɛ Edzyibite mɛ ɛba kulu mɛ eyianyɛ nɛ denɔ.”","When they had finished talking, Herod's soldiers came there. After they came, the soldiers said to the apostles, ""You people from God, go out of here before we burn this place.""",Dec 07 output,,2.952464657861394,27.048057866605347,15.000261262233371
You cannot be the slave of two masters! You will like one more than the other or be more loyal to one than the other. You cannot serve both God and money. Worry (Luke,"“Anɔnyanɔ atɛ ba na axwɛ dɛ kɔ baka tɛabha. Aba ɖɔ teli adɛ teli, klɛ aba mɔ ɔhwɛ kɔ teli adɛ teli. Ɔtɛ bɔɔ na axwɛ dɛ kɔ Kpaya anɛ Ehoeyi. Tɛ Ganɛ Awɔ̃","The day will come when we will be happy again. We will dance and sing, and we will be happy together, singing and dancing. The day will come when we will be happy again, Kpaya and Ehoeyi. Gan Awɔ̃",Dec 07 output,,1.2724686314753924,14.054831304069864,7.663649967772629
"Jesus knew what they were thinking, so he said to them: Any kingdom where people fight each other will end up ruined. And a town or family that fights will soon destroy itself.","Yesu enyi balɛ atɔkpu nɛ mɛ so etsre alɛ asɛ, “Bukusiɔŋakɔ kanyaka gɛ bu ma kpɛ bupɛ tubha mɛ bu ba yɛɛ, klɛ ɔmagbla nɛ bupa kanyaka gɛ bu pɔɛhle nɛ aglɔ shu bu tɛ ba naa za.","When Jesus saw that the crowd was increasing, he told his disciples, “Bring me a donkey and if anyone says anything to you, you should say the Lord needs it and he will send it straight away.""",Dec 07 output,,1.4687168144827005,25.97733554108574,13.72302617778422
"You will be arrested, punished, and even killed. Because of me, you will be hated by people of all nations.","“Ɔkɛlɛ la ba yɛkɔ wɔnɔ akpɛ ahwɛ kɔ sɛ ba kpatɔnɔ klɛ be be yi nɔ, klɛ amadi nɛ petee atɛ ba pɛɛ wɔnɔɛ bui akpɛ mɛ so.","The elders also said that when they were young, there was no farming, everyone went to the bush to hunt and that was how they survived.",Dec 07 output,,1.8196871111910016,17.20498159640631,9.512334353798655
"A little while later some people standing there walked over to Peter and said, “We know you are one of them. We can tell it because you talk like someone from Galilee.”","Nɛ kɛlɛe de bɔɛ, banɔ nɛ gɛ be li kititi nɛ ɔkɛlɛ nɛ ba tɔnɔ Petro avɛ klɛ ba ɖɔ asɛ, “Tutuutu wɔ tsyɛ balɛ ɔmayɛ teli onu, alasɛ wɔ kaɖɔ ɖuɖɔ nɛ kebu wɔ akasɛ.”","When the matter was over, the people all gathered together and said to Pastor Petro and his people, ""We are truly sorry for what happened in the past, because we used to do many bad things before now.""",Dec 07 output,,2.488793898877242,29.723210978483287,16.106002438680264
"where they stayed until Herod died. So the Lord's promise came true, just as the prophet had said, “I called my son out of Egypt.” The Killing of the Children","ɔkɛlɛ aza ɔdɔ nanɔ kibe lɛ gɛ Heroɖesɛ ebe tsi. Klɛ kɛ ba kɛlɛm anasɛ gɛ Apalete nɛ aɖɔ ganɔ atɔnu nɛa bha sɛ, “Nɛ Edzyibite mɛ ɛba kulu mɛ eyianyɛ nɛ denɔ.”","When they had finished talking, Herod's soldiers came there. They asked them and they told them that the one they were looking for was in Apalete and that he was going to the river and they said, “If he is a witch, he will not be able to cross the river.”",Dec 10 output,,2.371785887867442,27.096439709651555,14.734112798759499
You cannot be the slave of two masters! You will like one more than the other or be more loyal to one than the other. You cannot serve both God and money. Worry (Luke,"“Anɔnyanɔ atɛ ba na axwɛ dɛ kɔ baka tɛabha. Aba ɖɔ teli adɛ teli, klɛ aba mɔ ɔhwɛ kɔ teli adɛ teli. Ɔtɛ bɔɔ na axwɛ dɛ kɔ Kpaya anɛ Ehoeyi. Tɛ Ganɛ Awɔ̃","The day will come when we will be happy again. We will have plenty to eat and drink, and we will be able to eat and drink to our fill. That day is coming when we will be happy, Kpaya and Ehoeyi. Gan Awɔ̃",Dec 10 output,,1.211033800737062,15.330749761128521,8.270891780932791
"Jesus knew what they were thinking, so he said to them: Any kingdom where people fight each other will end up ruined. And a town or family that fights will soon destroy itself.","Yesu enyi balɛ atɔkpu nɛ mɛ so etsre alɛ asɛ, “Bukusiɔŋakɔ kanyaka gɛ bu ma kpɛ bupɛ tubha mɛ bu ba yɛɛ, klɛ ɔmagbla nɛ bupa kanyaka gɛ bu pɔɛhle nɛ aglɔ shu bu tɛ ba naa za.","When Jesus saw that the crowd was increasing, He said to (His) disciples, “Bring me a donkey and if anyone says anything (to you), you should say the Lord needs it and straight away they will let (it) go.""",Dec 10 output,,2.124035816216534,27.421604527066833,14.772820171641683
"You will be arrested, punished, and even killed. Because of me, you will be hated by people of all nations.","“Ɔkɛlɛ la ba yɛkɔ wɔnɔ akpɛ ahwɛ kɔ sɛ ba kpatɔnɔ klɛ be be yi nɔ, klɛ amadi nɛ petee atɛ ba pɛɛ wɔnɔɛ bui akpɛ mɛ so.","The elders also said that when they were young, there was a time when there was no rain at all, and the whole land was parched and dry like the bare ground.",Dec 10 output,,2.6556282775658278,18.072593634945644,10.364110956255736
"A little while later some people standing there walked over to Peter and said, “We know you are one of them. We can tell it because you talk like someone from Galilee.”","Nɛ kɛlɛe de bɔɛ, banɔ nɛ gɛ be li kititi nɛ ɔkɛlɛ nɛ ba tɔnɔ Petro avɛ klɛ ba ɖɔ asɛ, “Tutuutu wɔ tsyɛ balɛ ɔmayɛ teli onu, alasɛ wɔ kaɖɔ ɖuɖɔ nɛ kebu wɔ akasɛ.”","That day had not yet dawned, but when the day broke, they went and called their father Petro to come outside, and they told him, “We have really seen a strange thing today, because we have not yet eaten and we are already full.”",Dec 10 output,,2.40305175536448,24.568859842823297,13.485955799093889
"where they stayed until Herod died. So the Lord's promise came true, just as the prophet had said, “I called my son out of Egypt.” The Killing of the Children","ɔkɛlɛ aza ɔdɔ nanɔ kibe lɛ gɛ Heroɖesɛ ebe tsi. Klɛ kɛ ba kɛlɛm anasɛ gɛ Apalete nɛ aɖɔ ganɔ atɔnu nɛa bha sɛ, “Nɛ Edzyibite mɛ ɛba kulu mɛ eyianyɛ nɛ denɔ.”","When they had finished talking, Herod's enemies went to Pilate and complained to him. They said, “This Jesus of Nazareth has come to deceive people.”",john_7781CD93_output (6),,3.640432256625733,23.790854773267455,13.715643514946594
You cannot be the slave of two masters! You will like one more than the other or be more loyal to one than the other. You cannot serve both God and money. Worry (Luke,"“Anɔnyanɔ atɛ ba na axwɛ dɛ kɔ baka tɛabha. Aba ɖɔ teli adɛ teli, klɛ aba mɔ ɔhwɛ kɔ teli adɛ teli. Ɔtɛ bɔɔ na axwɛ dɛ kɔ Kpaya anɛ Ehoeyi. Tɛ Ganɛ Awɔ̃","The day will come when we will be happy again. We will be able to farm here and there, and we will be able to go to farm here and there without any problem. That day we will be happy again, Kpaya and Ehoeyi. And Gan and Awɔ̃",john_7781CD93_output (6),,1.1169266878355417,17.33147908657,9.22420288720277
"Jesus knew what they were thinking, so he said to them: Any kingdom where people fight each other will end up ruined. And a town or family that fights will soon destroy itself.","Yesu enyi balɛ atɔkpu nɛ mɛ so etsre alɛ asɛ, “Bukusiɔŋakɔ kanyaka gɛ bu ma kpɛ bupɛ tubha mɛ bu ba yɛɛ, klɛ ɔmagbla nɛ bupa kanyaka gɛ bu pɔɛhle nɛ aglɔ shu bu tɛ ba naa za.","When Jesus saw that the crowd was increasing, He said to (His) disciples, “Bring me a donkey and if anyone says anything (to you), you should say the Lord needs it and straight away they will let you have it.""",john_7781CD93_output (6),,2.168776900007474,27.646525196819066,14.907651048413271
"You will be arrested, punished, and even killed. Because of me, you will be hated by people of all nations.","“Ɔkɛlɛ la ba yɛkɔ wɔnɔ akpɛ ahwɛ kɔ sɛ ba kpatɔnɔ klɛ be be yi nɔ, klɛ amadi nɛ petee atɛ ba pɛɛ wɔnɔɛ bui akpɛ mɛ so.","The elders also said that when they were going to farm, they would perform rituals so that the farm would be very productive, and that was done in order to please the deity on the farm.",john_7781CD93_output (6),,2.372094012055542,20.01102520383725,11.191559607946395
"A little while later some people standing there walked over to Peter and said, “We know you are one of them. We can tell it because you talk like someone from Galilee.”","Nɛ kɛlɛe de bɔɛ, banɔ nɛ gɛ be li kititi nɛ ɔkɛlɛ nɛ ba tɔnɔ Petro avɛ klɛ ba ɖɔ asɛ, “Tutuutu wɔ tsyɛ balɛ ɔmayɛ teli onu, alasɛ wɔ kaɖɔ ɖuɖɔ nɛ kebu wɔ akasɛ.”","This is the day that the Lord has made, let us rejoice and be glad in it, and let us give thanks to our Lord Peter, saying, ""Truly you are a great prophet, because you have predicted this day's occurrence long ago.""",john_7781CD93_output (6),,2.593335512759287,23.81925219815593,13.20629385545761
"where they stayed until Herod died. So the Lord's promise came true, just as the prophet had said, “I called my son out of Egypt.” The Killing of the Children","ɔkɛlɛ aza ɔdɔ nanɔ kibe lɛ gɛ Heroɖesɛ ebe tsi. Klɛ kɛ ba kɛlɛm anasɛ gɛ Apalete nɛ aɖɔ ganɔ atɔnu nɛa bha sɛ, “Nɛ Edzyibite mɛ ɛba kulu mɛ eyianyɛ nɛ denɔ.”","When they had finished talking, Herod said to them, ""Go and tell that fox (fox means: a cunning person) that I cast out demons and perform cures today and tomorrow, and on the third day I finish my work.",gerhardt_25FFCBF7_output_DdErIM,,1.382212405645661,23.484547928386156,12.433380167015908
You cannot be the slave of two masters! You will like one more than the other or be more loyal to one than the other. You cannot serve both God and money. Worry (Luke,"“Anɔnyanɔ atɛ ba na axwɛ dɛ kɔ baka tɛabha. Aba ɖɔ teli adɛ teli, klɛ aba mɔ ɔhwɛ kɔ teli adɛ teli. Ɔtɛ bɔɔ na axwɛ dɛ kɔ Kpaya anɛ Ehoeyi. Tɛ Ganɛ Awɔ̃","There is a dispute over a land matter between two families. They have been to court several times, but the case is still not resolved. The dispute is between the Kpaya family and the Ehoeyi family. That is Gan's testimony",gerhardt_25FFCBF7_output_DdErIM,,1.3995516592202837,21.910476349811603,11.655014004515943
"Jesus knew what they were thinking, so he said to them: Any kingdom where people fight each other will end up ruined. And a town or family that fights will soon destroy itself.","Yesu enyi balɛ atɔkpu nɛ mɛ so etsre alɛ asɛ, “Bukusiɔŋakɔ kanyaka gɛ bu ma kpɛ bupɛ tubha mɛ bu ba yɛɛ, klɛ ɔmagbla nɛ bupa kanyaka gɛ bu pɔɛhle nɛ aglɔ shu bu tɛ ba naa za.","When Jesus saw that the crowd was increasing, He said to them, “This generation is a wicked generation; it seeks for a sign, and yet no sign shall be given to it but the sign of Jonah."" is not accurate, a more accurate translation is: [Jesus saw that the crowd was increasing, so he said, “This generation is wicked; it seeks a sign, and no sign will be given it except the sign of Jonah.""",gerhardt_25FFCBF7_output_DdErIM,,4.222795427541234,27.964797843647343,16.093796635594288
"You will be arrested, punished, and even killed. Because of me, you will be hated by people of all nations.","“Ɔkɛlɛ la ba yɛkɔ wɔnɔ akpɛ ahwɛ kɔ sɛ ba kpatɔnɔ klɛ be be yi nɔ, klɛ amadi nɛ petee atɛ ba pɛɛ wɔnɔɛ bui akpɛ mɛ so.","The day broke and they went to the farm to hoe, when they finished hoeing, they would go home, all the people in the town would go to the farm together.",gerhardt_25FFCBF7_output_DdErIM,,1.7176188460170134,20.565565131038507,11.141591988527761
"A little while later some people standing there walked over to Peter and said, “We know you are one of them. We can tell it because you talk like someone from Galilee.”","Nɛ kɛlɛe de bɔɛ, banɔ nɛ gɛ be li kititi nɛ ɔkɛlɛ nɛ ba tɔnɔ Petro avɛ klɛ ba ɖɔ asɛ, “Tutuutu wɔ tsyɛ balɛ ɔmayɛ teli onu, alasɛ wɔ kaɖɔ ɖuɖɔ nɛ kebu wɔ akasɛ.”","When the day broke, after they had finished all the formalities, they told Peter and those with him, “You are witnesses to the fact that Jesus has given instructions to us to preach to the people and to testify that He is the one appointed by God to judge the living and the dead.”",gerhardt_25FFCBF7_output_DdErIM,,2.1303938884645177,25.923084260781472,14.026739074622995
"where they stayed until Herod died. So the Lord's promise came true, just as the prophet had said, “I called my son out of Egypt.” The Killing of the Children","ɔkɛlɛ aza ɔdɔ nanɔ kibe lɛ gɛ Heroɖesɛ ebe tsi. Klɛ kɛ ba kɛlɛm anasɛ gɛ Apalete nɛ aɖɔ ganɔ atɔnu nɛa bha sɛ, “Nɛ Edzyibite mɛ ɛba kulu mɛ eyianyɛ nɛ denɔ.”","When they had finished talking, Herod's enemies came to him. They also brought a letter written by Apalete, the king's servant, which said, ""If you are the Living God then come down here.""",output_mich003,,2.6779624945488485,25.6880738095776,14.183018152063223
You cannot be the slave of two masters! You will like one more than the other or be more loyal to one than the other. You cannot serve both God and money. Worry (Luke,"“Anɔnyanɔ atɛ ba na axwɛ dɛ kɔ baka tɛabha. Aba ɖɔ teli adɛ teli, klɛ aba mɔ ɔhwɛ kɔ teli adɛ teli. Ɔtɛ bɔɔ na axwɛ dɛ kɔ Kpaya anɛ Ehoeyi. Tɛ Ganɛ Awɔ̃","There is a story that when the Europeans came, we didn't understand. They brought their own law, and we also had our own law. It is said that when the Europeans came, Kpaya and Ehoeyi were there. Says Gan and Awɔ̃",output_mich003,,1.1622974570266493,19.815469023752275,10.488883240389463
"Jesus knew what they were thinking, so he said to them: Any kingdom where people fight each other will end up ruined. And a town or family that fights will soon destroy itself.","Yesu enyi balɛ atɔkpu nɛ mɛ so etsre alɛ asɛ, “Bukusiɔŋakɔ kanyaka gɛ bu ma kpɛ bupɛ tubha mɛ bu ba yɛɛ, klɛ ɔmagbla nɛ bupa kanyaka gɛ bu pɔɛhle nɛ aglɔ shu bu tɛ ba naa za.","When Jesus saw that the crowd was increasing, He said, “This generation is wicked, they seek for a sign and there shall be no sign given to them except the sign of Jonah.""",output_mich003,,2.822923857805611,24.858643870103005,13.840783863954307
"You will be arrested, punished, and even killed. Because of me, you will be hated by people of all nations.","“Ɔkɛlɛ la ba yɛkɔ wɔnɔ akpɛ ahwɛ kɔ sɛ ba kpatɔnɔ klɛ be be yi nɔ, klɛ amadi nɛ petee atɛ ba pɛɛ wɔnɔɛ bui akpɛ mɛ so.","When the day breaks, they will go to the chief's house to perform some traditional rites and when that is done, they will then go to the chief's palace to swear allegiance to him.",output_mich003,,1.559480765382838,21.37472673453172,11.467103749957278
"A little while later some people standing there walked over to Peter and said, “We know you are one of them. We can tell it because you talk like someone from Galilee.”","Nɛ kɛlɛe de bɔɛ, banɔ nɛ gɛ be li kititi nɛ ɔkɛlɛ nɛ ba tɔnɔ Petro avɛ klɛ ba ɖɔ asɛ, “Tutuutu wɔ tsyɛ balɛ ɔmayɛ teli onu, alasɛ wɔ kaɖɔ ɖuɖɔ nɛ kebu wɔ akasɛ.”","When the war was over, and the people were returning to their homes, Petro's father told him that he should be grateful, saying, ""It is by the grace of God that we are alive, otherwise we would have been killed and our bodies would be rotting in the bush.""",output_mich003,,1.0715752402052876,24.808941133051967,12.940258186628627
"where they stayed until Herod died. So the Lord's promise came true, just as the prophet had said, “I called my son out of Egypt.” The Killing of the Children","ɔkɛlɛ aza ɔdɔ nanɔ kibe lɛ gɛ Heroɖesɛ ebe tsi. Klɛ kɛ ba kɛlɛm anasɛ gɛ Apalete nɛ aɖɔ ganɔ atɔnu nɛa bha sɛ, “Nɛ Edzyibite mɛ ɛba kulu mɛ eyianyɛ nɛ denɔ.”","When they had finished talking, Herod's enemies sent some Pharisees and some men who supported the king's government to Jesus. They came to him and said, ""Teacher, we know that you are an honest man and that you teach the truth about God without fear or favour.",output_JA-6,,2.0536321507362905,24.522419223389633,13.288025687062962
You cannot be the slave of two masters! You will like one more than the other or be more loyal to one than the other. You cannot serve both God and money. Worry (Luke,"“Anɔnyanɔ atɛ ba na axwɛ dɛ kɔ baka tɛabha. Aba ɖɔ teli adɛ teli, klɛ aba mɔ ɔhwɛ kɔ teli adɛ teli. Ɔtɛ bɔɔ na axwɛ dɛ kɔ Kpaya anɛ Ehoeyi. Tɛ Ganɛ Awɔ̃","There is a dispute over whose farm is better, each person says his is better. They both say they have a good farm, but they both know that the other also has a good farm. The dispute is not just about the farm, it's between Kpaya and Ehoeyi. That's how Gan and Awɔ̃",output_JA-6,,1.6823497628899216,22.594577911960727,12.138463837425324
"Jesus knew what they were thinking, so he said to them: Any kingdom where people fight each other will end up ruined. And a town or family that fights will soon destroy itself.","Yesu enyi balɛ atɔkpu nɛ mɛ so etsre alɛ asɛ, “Bukusiɔŋakɔ kanyaka gɛ bu ma kpɛ bupɛ tubha mɛ bu ba yɛɛ, klɛ ɔmagbla nɛ bupa kanyaka gɛ bu pɔɛhle nɛ aglɔ shu bu tɛ ba naa za.","When Jesus saw the crowd around him, he told his disciples, ""Look for a donkey that is not yet ridden and bring it here, and if anyone asks you, say the Lord needs it.""",output_JA-6,,1.4014248243844825,21.771576141708632,11.586500483046557
"You will be arrested, punished, and even killed. Because of me, you will be hated by people of all nations.","“Ɔkɛlɛ la ba yɛkɔ wɔnɔ akpɛ ahwɛ kɔ sɛ ba kpatɔnɔ klɛ be be yi nɔ, klɛ amadi nɛ petee atɛ ba pɛɛ wɔnɔɛ bui akpɛ mɛ so.",When the day breaks they will go and catch the fish and when they have finished they will go home and the chief will divide the fish among the people.,output_JA-6,,1.793443763338368,23.468203607562575,12.630823685450471
"A little while later some people standing there walked over to Peter and said, “We know you are one of them. We can tell it because you talk like someone from Galilee.”","Nɛ kɛlɛe de bɔɛ, banɔ nɛ gɛ be li kititi nɛ ɔkɛlɛ nɛ ba tɔnɔ Petro avɛ klɛ ba ɖɔ asɛ, “Tutuutu wɔ tsyɛ balɛ ɔmayɛ teli onu, alasɛ wɔ kaɖɔ ɖuɖɔ nɛ kebu wɔ akasɛ.”","When the matter was finished, the people all gathered at Petro's house to discuss it, saying, ""Truly, we have been confused about this matter, that's why we have not been able to come to a decision about it.""",output_JA-6,,1.188432823684058,23.407598004787875,12.298015414235966
"where they stayed until Herod died. So the Lord's promise came true, just as the prophet had said, “I called my son out of Egypt.” The Killing of the Children","ɔkɛlɛ aza ɔdɔ nanɔ kibe lɛ gɛ Heroɖesɛ ebe tsi. Klɛ kɛ ba kɛlɛm anasɛ gɛ Apalete nɛ aɖɔ ganɔ atɔnu nɛa bha sɛ, “Nɛ Edzyibite mɛ ɛba kulu mɛ eyianyɛ nɛ denɔ.”","When they had finished talking, Herod's soldiers came there. After they had come, they asked the hunters where they were going and they told them that they were going to Bethlehem.",Dec 03 output,,3.0759934809350447,25.31871335328008,14.197353417107562
You cannot be the slave of two masters! You will like one more than the other or be more loyal to one than the other. You cannot serve both God and money. Worry (Luke,"“Anɔnyanɔ atɛ ba na axwɛ dɛ kɔ baka tɛabha. Aba ɖɔ teli adɛ teli, klɛ aba mɔ ɔhwɛ kɔ teli adɛ teli. Ɔtɛ bɔɔ na axwɛ dɛ kɔ Kpaya anɛ Ehoeyi. Tɛ Ganɛ Awɔ̃","The day will come when the white man will go back home. Some people say it is not yet time, but others say it is already time. The day will come when the white man will go back to his own land, Kpaya and Ehoeyi. So says Gan and Awɔ̃",Dec 03 output,,1.0751538164669088,19.182740418179893,10.128947117323401
"Jesus knew what they were thinking, so he said to them: Any kingdom where people fight each other will end up ruined. And a town or family that fights will soon destroy itself.","Yesu enyi balɛ atɔkpu nɛ mɛ so etsre alɛ asɛ, “Bukusiɔŋakɔ kanyaka gɛ bu ma kpɛ bupɛ tubha mɛ bu ba yɛɛ, klɛ ɔmagbla nɛ bupa kanyaka gɛ bu pɔɛhle nɛ aglɔ shu bu tɛ ba naa za.","When Jesus saw that the crowd was increasing, he said to his disciples, ""Come, let us go to the other side of the lake, so that those who want to follow me can do so, and the storm that is brewing will not catch us unprepared.",Dec 03 output,,3.8222401165669746,29.463338685422357,16.642789400994666
"You will be arrested, punished, and even killed. Because of me, you will be hated by people of all nations.","“Ɔkɛlɛ la ba yɛkɔ wɔnɔ akpɛ ahwɛ kɔ sɛ ba kpatɔnɔ klɛ be be yi nɔ, klɛ amadi nɛ petee atɛ ba pɛɛ wɔnɔɛ bui akpɛ mɛ so.","When the day breaks, they will go and catch the fish and when they have finished, they will share it among themselves, and the chief will also get his share.",Dec 03 output,,2.977665307178987,22.230592695066953,12.60412900112297
"A little while later some people standing there walked over to Peter and said, “We know you are one of them. We can tell it because you talk like someone from Galilee.”","Nɛ kɛlɛe de bɔɛ, banɔ nɛ gɛ be li kititi nɛ ɔkɛlɛ nɛ ba tɔnɔ Petro avɛ klɛ ba ɖɔ asɛ, “Tutuutu wɔ tsyɛ balɛ ɔmayɛ teli onu, alasɛ wɔ kaɖɔ ɖuɖɔ nɛ kebu wɔ akasɛ.”","When the day broke, the people gathered together and went to where Petro was and said to him, “Truly this man was one of them, for his speech betrays him too.”",Dec 03 output,,6.132910803680852,27.06083219491572,16.596871499298285
"where they stayed until Herod died. So the Lord's promise came true, just as the prophet had said, “I called my son out of Egypt.” The Killing of the Children","ɔkɛlɛ aza ɔdɔ nanɔ kibe lɛ gɛ Heroɖesɛ ebe tsi. Klɛ kɛ ba kɛlɛm anasɛ gɛ Apalete nɛ aɖɔ ganɔ atɔnu nɛa bha sɛ, “Nɛ Edzyibite mɛ ɛba kulu mɛ eyianyɛ nɛ denɔ.”","When they had finished talking, Herod's enemies went to Pilate and said, ""If you are a friend of Caesar, you will not let this man go free because he is against Caesar.""",Dec 09 output,,2.6510202602018675,22.67231969669067,12.66166997844627
You cannot be the slave of two masters! You will like one more than the other or be more loyal to one than the other. You cannot serve both God and money. Worry (Luke,"“Anɔnyanɔ atɛ ba na axwɛ dɛ kɔ baka tɛabha. Aba ɖɔ teli adɛ teli, klɛ aba mɔ ɔhwɛ kɔ teli adɛ teli. Ɔtɛ bɔɔ na axwɛ dɛ kɔ Kpaya anɛ Ehoeyi. Tɛ Ganɛ Awɔ̃","There is a story that was told in the past. It is said that there were two friends, and the two friends loved each other very much. It is said that in the past there was a man called Kpaya and his wife Ehoeyi. It is said that Ganɛ Awɔ̃",Dec 09 output,,1.132835149919304,20.51714079713612,10.824987973527712
"Jesus knew what they were thinking, so he said to them: Any kingdom where people fight each other will end up ruined. And a town or family that fights will soon destroy itself.","Yesu enyi balɛ atɔkpu nɛ mɛ so etsre alɛ asɛ, “Bukusiɔŋakɔ kanyaka gɛ bu ma kpɛ bupɛ tubha mɛ bu ba yɛɛ, klɛ ɔmagbla nɛ bupa kanyaka gɛ bu pɔɛhle nɛ aglɔ shu bu tɛ ba naa za.","When Jesus saw the crowd around him, he told his disciples, ""Let the little children come to me and do not stop them, for it is to such as these that the kingdom of God belongs.""",Dec 09 output,,1.4687168144827005,24.35955702715039,12.914136920816546
"You will be arrested, punished, and even killed. Because of me, you will be hated by people of all nations.","“Ɔkɛlɛ la ba yɛkɔ wɔnɔ akpɛ ahwɛ kɔ sɛ ba kpatɔnɔ klɛ be be yi nɔ, klɛ amadi nɛ petee atɛ ba pɛɛ wɔnɔɛ bui akpɛ mɛ so.","When the day breaks, they will go and catch the fish and when they have finished, they will share it among themselves, and the chief will also take his share from their catch.",Dec 09 output,,2.725770058666702,22.059986307613304,12.392878183140002
"A little while later some people standing there walked over to Peter and said, “We know you are one of them. We can tell it because you talk like someone from Galilee.”","Nɛ kɛlɛe de bɔɛ, banɔ nɛ gɛ be li kititi nɛ ɔkɛlɛ nɛ ba tɔnɔ Petro avɛ klɛ ba ɖɔ asɛ, “Tutuutu wɔ tsyɛ balɛ ɔmayɛ teli onu, alasɛ wɔ kaɖɔ ɖuɖɔ nɛ kebu wɔ akasɛ.”","This is the day that the Lord has made, let us rejoice and be glad in it, so the crowd and Peter's people shouted saying, ""Truly he is the savior of the world, because he came to save the world from sin.""",Dec 09 output,,1.2895624601712163,26.18754788556735,13.738555172869283
"Watch out for false prophets! They dress up like sheep, but inside they are wolves who have come to attack you.","“No lu awɔ̃ nɛ itro batɔnu. Baa ba wɔnɔ amɛ nɛ ibhoshi buplukpa kɛdɔnyunyumu mɛ, pɔ nɛ kɛmɛ, be nu ayakpam bukudzɔgɛ tsutsɔmɔ.","When we were there, we suffered a lot. Our parents were there and the work was very hard, whether in farm work or other activities, it was very difficult.",output_onesimus007,0.064726576,1.2944532586971997,19.123316895320443,10.208885077008821
"When the king went in to meet the guests, he found that one of them wasn't wearing the right kind of clothes for the wedding.","“Pɔ gɛ Ekusi nɛ ebe ku ɔkɛlɛ sɛ tɛ amɔ befu, evu awɔ̃hũ nɛ anɔ teli asɛ yɛ adɛ kpɛ adzɛ ɔgbanɔkɔ awi.","When Ekusi had finished doing that work, he went to the bush and cut some firewood and brought it to the town and split it into two halves.",output_onesimus007,0.18578628,3.6164117246195175,26.517390254519903,15.06690098956971
"Jesus replied, “You are so heartless! That's why Moses allowed you to divorce your wife. But from the beginning God did not intend it to be that way.","Yesu ebu kɛlɛ nu asɛ, “Mose akɔ nɔ kidzo sɛ nɔ shɛnahwɛ adzɛ shu alasɛ wɔnɔ idzyi nɛ mɛ agɛganɛ. Pɔ ganɛ kana kɛ za denɔ kesikpɛkpɛ.","When Jesus finished this discourse, he said, ""Moses wrote these things so that you might know them from the scriptures. But beware, the time is coming when anyone who kills you will think he is serving God.",output_onesimus007,0.4942473,3.172414419318193,27.925805978221447,15.54911019876982
"But everyone who has done right will shine like the sun in their Father's kingdom. If you have ears, pay attention! A Hidden Treasure","Klɛ badzyɔgo nɛ ba ba tã ansɛ kiwi nɛ balɛ Aka nɛ bukusiɔŋakɔ. Anɔɔ nɛ gɛ batɔ alɛ yɛ, tɛ enu. Akpalɛ Nɛ Kɛkesrɔdɔ Kpukpu Nɛ Kɛklãgbu Yɛŋaedzi Shu","The people of olden days also used to perform 'ansɛ kiwi' and 'Aka' and other traditional rites. This is what our forefathers did, it is not something new. The great Noun (Kɛkesrɔdɔ) is the Mighty Swollen Pouch (Kpukpu) is the Great Bundle (Kɛklãgbu) that receives the Shu",output_onesimus007,0.10582814,0.8539456561476954,22.241397911284157,11.547671783715925
"After Jesus had forced the demon out, the man started talking. The crowds were so amazed they began saying, “Nothing like this has ever happened in Israel!”","Klɛ gɛ akɛka ɔfufɔɛ nɛ ebu beke anyɛ nɛ akpa kaɖɔ ɖɔ. Kibui nɛ bhɛtɛ banɔɛza nɛ bi klɛ ba ɖɔ asɛ, “Kibuinyɛbui ana ka ba kɛlɛ mɛ di nɛ Izraɛl.”","This is the beginning of the gospel of Jesus Christ the son of God. And the prophet said thus, “Behold, I send my messenger ahead of you, Israel.""",output_onesimus007,0.39968818,1.7705303846970066,22.418759942301218,12.094645163499113
"where they stayed until Herod died. So the Lord's promise came true, just as the prophet had said, “I called my son out of Egypt.” The Killing of the Children","ɔkɛlɛ aza ɔdɔ nanɔ kibe lɛ gɛ Heroɖesɛ ebe tsi. Klɛ kɛ ba kɛlɛm anasɛ gɛ Apalete nɛ aɖɔ ganɔ atɔnu nɛa bha sɛ, “Nɛ Edzyibite mɛ ɛba kulu mɛ eyianyɛ nɛ denɔ.”","When they had finished talking, Herod's soldiers came there. They asked them saying, “Didn't you go to Apalete to worship and didn't you say that you would return?”",john_1C6E69D4_output (8),,1.7193802037063912,25.784685790181168,13.752032996943779
You cannot be the slave of two masters! You will like one more than the other or be more loyal to one than the other. You cannot serve both God and money. Worry (Luke,"“Anɔnyanɔ atɛ ba na axwɛ dɛ kɔ baka tɛabha. Aba ɖɔ teli adɛ teli, klɛ aba mɔ ɔhwɛ kɔ teli adɛ teli. Ɔtɛ bɔɔ na axwɛ dɛ kɔ Kpaya anɛ Ehoeyi. Tɛ Ganɛ Awɔ̃","The day will come when we will go to the farm to hoe together. We will eat together, and when we are full, we will drink together. That day we will go to the farm together with Kpaya and Ehoeyi. And Gan too will be there",john_1C6E69D4_output (8),,1.20152587768224,21.077892541790806,11.139709209736523
"Jesus knew what they were thinking, so he said to them: Any kingdom where people fight each other will end up ruined. And a town or family that fights will soon destroy itself.","Yesu enyi balɛ atɔkpu nɛ mɛ so etsre alɛ asɛ, “Bukusiɔŋakɔ kanyaka gɛ bu ma kpɛ bupɛ tubha mɛ bu ba yɛɛ, klɛ ɔmagbla nɛ bupa kanyaka gɛ bu pɔɛhle nɛ aglɔ shu bu tɛ ba naa za.","When Jesus saw that the crowd was increasing, he said to his disciples, ""Come and let us go to the other side of the lake, so that those who want to follow me can do so, and the storm that is brewing will not catch us unawares.",john_1C6E69D4_output (8),,3.8222401165669746,28.79769339994206,16.309966758254518
"You will be arrested, punished, and even killed. Because of me, you will be hated by people of all nations.","“Ɔkɛlɛ la ba yɛkɔ wɔnɔ akpɛ ahwɛ kɔ sɛ ba kpatɔnɔ klɛ be be yi nɔ, klɛ amadi nɛ petee atɛ ba pɛɛ wɔnɔɛ bui akpɛ mɛ so.","The elders also said that when they were young, there was a time that famine was so severe that people even ate the bark of trees.",john_1C6E69D4_output (8),,1.996819088094332,20.029366268505132,11.013092678299731
"A little while later some people standing there walked over to Peter and said, “We know you are one of them. We can tell it because you talk like someone from Galilee.”","Nɛ kɛlɛe de bɔɛ, banɔ nɛ gɛ be li kititi nɛ ɔkɛlɛ nɛ ba tɔnɔ Petro avɛ klɛ ba ɖɔ asɛ, “Tutuutu wɔ tsyɛ balɛ ɔmayɛ teli onu, alasɛ wɔ kaɖɔ ɖuɖɔ nɛ kebu wɔ akasɛ.”","When the war was over, and the people were returning to their towns, Petro's father said to him, ""From now on, you will not go to the farm again, because you will now go to school to learn a lot.""",john_1C6E69D4_output (8),,2.27457437979845,27.983737986303897,15.129156183051172
"where they stayed until Herod died. So the Lord's promise came true, just as the prophet had said, “I called my son out of Egypt.” The Killing of the Children","ɔkɛlɛ aza ɔdɔ nanɔ kibe lɛ gɛ Heroɖesɛ ebe tsi. Klɛ kɛ ba kɛlɛm anasɛ gɛ Apalete nɛ aɖɔ ganɔ atɔnu nɛa bha sɛ, “Nɛ Edzyibite mɛ ɛba kulu mɛ eyianyɛ nɛ denɔ.”","When they had finished talking, Herod's enemies went back home. But the apostles returned to Jerusalem and told the chief priests everything that had happened, saying, “The Lord has truly risen from the dead.”",output_johnayernor,,2.747577956933031,26.382186695459236,14.564882326196134
You cannot be the slave of two masters! You will like one more than the other or be more loyal to one than the other. You cannot serve both God and money. Worry (Luke,"“Anɔnyanɔ atɛ ba na axwɛ dɛ kɔ baka tɛabha. Aba ɖɔ teli adɛ teli, klɛ aba mɔ ɔhwɛ kɔ teli adɛ teli. Ɔtɛ bɔɔ na axwɛ dɛ kɔ Kpaya anɛ Ehoeyi. Tɛ Ganɛ Awɔ̃","There is a story that when we were coming from the land of the dead our ancestors came with us. Our fathers carried their gods, and our mothers also carried their gods. It is said that our ancestors came with Kpaya and Ehoeyi. Ganɛ also",output_johnayernor,,1.1652512227907519,21.14151694919318,11.153384085991965
"Jesus knew what they were thinking, so he said to them: Any kingdom where people fight each other will end up ruined. And a town or family that fights will soon destroy itself.","Yesu enyi balɛ atɔkpu nɛ mɛ so etsre alɛ asɛ, “Bukusiɔŋakɔ kanyaka gɛ bu ma kpɛ bupɛ tubha mɛ bu ba yɛɛ, klɛ ɔmagbla nɛ bupa kanyaka gɛ bu pɔɛhle nɛ aglɔ shu bu tɛ ba naa za.","When Jesus saw that the crowd was increasing, he said to his disciples, ""I have compassion for these people because they have been with me for three days and have nothing to eat, and I do not want to send them away hungry lest they faint on the way.",output_johnayernor,,3.387967321512779,29.037055167101595,16.212511244307187
"You will be arrested, punished, and even killed. Because of me, you will be hated by people of all nations.","“Ɔkɛlɛ la ba yɛkɔ wɔnɔ akpɛ ahwɛ kɔ sɛ ba kpatɔnɔ klɛ be be yi nɔ, klɛ amadi nɛ petee atɛ ba pɛɛ wɔnɔɛ bui akpɛ mɛ so.","The day broke and they went to the farm to hoe, when they had hoed a little while, the owner of the farm came and they all went to greet him.",output_johnayernor,,1.7035962947530545,15.891920238049243,8.797758266401148
"A little while later some people standing there walked over to Peter and said, “We know you are one of them. We can tell it because you talk like someone from Galilee.”","Nɛ kɛlɛe de bɔɛ, banɔ nɛ gɛ be li kititi nɛ ɔkɛlɛ nɛ ba tɔnɔ Petro avɛ klɛ ba ɖɔ asɛ, “Tutuutu wɔ tsyɛ balɛ ɔmayɛ teli onu, alasɛ wɔ kaɖɔ ɖuɖɔ nɛ kebu wɔ akasɛ.”","When the war was over, and the people were returning home, Petro's father told him that he should be grateful, saying, ""It is good that you have returned safely, otherwise we would have been worried and our hearts would be sore.""",output_johnayernor,,1.1652512227907519,23.973971696711,12.569611459750876
"where they stayed until Herod died. So the Lord's promise came true, just as the prophet had said, “I called my son out of Egypt.” The Killing of the Children","ɔkɛlɛ aza ɔdɔ nanɔ kibe lɛ gɛ Heroɖesɛ ebe tsi. Klɛ kɛ ba kɛlɛm anasɛ gɛ Apalete nɛ aɖɔ ganɔ atɔnu nɛa bha sɛ, “Nɛ Edzyibite mɛ ɛba kulu mɛ eyianyɛ nɛ denɔ.”","When they had finished talking, Herod's soldiers came there. They asked them saying, “Didn't I tell you that if you went to Bethlehem you would find him there?”",Dec 11 output,,1.7193802037063912,25.424792006966886,13.572086105336638
You cannot be the slave of two masters! You will like one more than the other or be more loyal to one than the other. You cannot serve both God and money. Worry (Luke,"“Anɔnyanɔ atɛ ba na axwɛ dɛ kɔ baka tɛabha. Aba ɖɔ teli adɛ teli, klɛ aba mɔ ɔhwɛ kɔ teli adɛ teli. Ɔtɛ bɔɔ na axwɛ dɛ kɔ Kpaya anɛ Ehoeyi. Tɛ Ganɛ Awɔ̃","The struggle will soon be over and we will go back home. Some people have money and some don't, but those who don't have money will also have it one day. It will soon be over and we will return home to Kpaya with Ehoeyi. Ganɛ Awɔ̃",Dec 11 output,,1.2374317627020204,21.7261602031011,11.48179598290156
"Jesus knew what they were thinking, so he said to them: Any kingdom where people fight each other will end up ruined. And a town or family that fights will soon destroy itself.","Yesu enyi balɛ atɔkpu nɛ mɛ so etsre alɛ asɛ, “Bukusiɔŋakɔ kanyaka gɛ bu ma kpɛ bupɛ tubha mɛ bu ba yɛɛ, klɛ ɔmagbla nɛ bupa kanyaka gɛ bu pɔɛhle nɛ aglɔ shu bu tɛ ba naa za.","When Jesus saw that the crowd gathered around him, he said to his disciples, ""Decongest this crowd so that I may give them something to eat, for they have been here with me for three days and have nothing to eat.",Dec 11 output,,3.997395604823097,27.358551072075,15.677973338449048
"You will be arrested, punished, and even killed. Because of me, you will be hated by people of all nations.","“Ɔkɛlɛ la ba yɛkɔ wɔnɔ akpɛ ahwɛ kɔ sɛ ba kpatɔnɔ klɛ be be yi nɔ, klɛ amadi nɛ petee atɛ ba pɛɛ wɔnɔɛ bui akpɛ mɛ so.","The elders also said that when they were young, there was a time when the land was completely barren and they suffered a lot before the chief rainmaker performed some rituals to bring about rain.",Dec 11 output,,1.3113617852675474,18.753274853957336,10.032318319612441
"A little while later some people standing there walked over to Peter and said, “We know you are one of them. We can tell it because you talk like someone from Galilee.”","Nɛ kɛlɛe de bɔɛ, banɔ nɛ gɛ be li kititi nɛ ɔkɛlɛ nɛ ba tɔnɔ Petro avɛ klɛ ba ɖɔ asɛ, “Tutuutu wɔ tsyɛ balɛ ɔmayɛ teli onu, alasɛ wɔ kaɖɔ ɖuɖɔ nɛ kebu wɔ akasɛ.”","When the war was over, and the people were gathering in the church, Pastor Petro stood up and said to them, ""Completely, we have forgotten the past, because we have now eaten together and are reconciled.""",Dec 11 output,,2.488793898877242,28.56945495980093,15.529124429339085
"where they stayed until Herod died. So the Lord's promise came true, just as the prophet had said, “I called my son out of Egypt.” The Killing of the Children","ɔkɛlɛ aza ɔdɔ nanɔ kibe lɛ gɛ Heroɖesɛ ebe tsi. Klɛ kɛ ba kɛlɛm anasɛ gɛ Apalete nɛ aɖɔ ganɔ atɔnu nɛa bha sɛ, “Nɛ Edzyibite mɛ ɛba kulu mɛ eyianyɛ nɛ denɔ.”","When they had finished talking, Herod's enemies went to Pilate and said, ""This Jesus of Nazareth is stirring up the people, telling them not to pay taxes to Caesar.""",gerhardt_0445F08A_output_T9n53N,,2.9867390496386634,24.902579502571832,13.944659276105249
You cannot be the slave of two masters! You will like one more than the other or be more loyal to one than the other. You cannot serve both God and money. Worry (Luke,"“Anɔnyanɔ atɛ ba na axwɛ dɛ kɔ baka tɛabha. Aba ɖɔ teli adɛ teli, klɛ aba mɔ ɔhwɛ kɔ teli adɛ teli. Ɔtɛ bɔɔ na axwɛ dɛ kɔ Kpaya anɛ Ehoeyi. Tɛ Ganɛ Awɔ̃","There is a dispute that has arisen between us and you. You say it is yours and we too say it is ours, so we are at a stalemate. The issue has arisen between us and you, Kpaya and Ehoeyi. Says Gan and Awɔ̃",gerhardt_0445F08A_output_T9n53N,,1.7707989236511352,17.251905338045866,9.5113521308485
"Jesus knew what they were thinking, so he said to them: Any kingdom where people fight each other will end up ruined. And a town or family that fights will soon destroy itself.","Yesu enyi balɛ atɔkpu nɛ mɛ so etsre alɛ asɛ, “Bukusiɔŋakɔ kanyaka gɛ bu ma kpɛ bupɛ tubha mɛ bu ba yɛɛ, klɛ ɔmagbla nɛ bupa kanyaka gɛ bu pɔɛhle nɛ aglɔ shu bu tɛ ba naa za.","When Jesus saw the crowd around him, he told his disciples, ""Look for a donkey and its colt and when you find them, bring them to me, and if anyone questions you, tell him the Lord needs them.""",gerhardt_0445F08A_output_T9n53N,,1.2927264865780022,22.15793810796614,11.72533229727207
"You will be arrested, punished, and even killed. Because of me, you will be hated by people of all nations.","“Ɔkɛlɛ la ba yɛkɔ wɔnɔ akpɛ ahwɛ kɔ sɛ ba kpatɔnɔ klɛ be be yi nɔ, klɛ amadi nɛ petee atɛ ba pɛɛ wɔnɔɛ bui akpɛ mɛ so.","The day broke and they went to the farm to hoe, when they finished, they returned home to prepare food, and when they finished eating, they went to the farm again.",gerhardt_0445F08A_output_T9n53N,,2.5785713549430027,19.22890510185866,10.903738228400831
"A little while later some people standing there walked over to Peter and said, “We know you are one of them. We can tell it because you talk like someone from Galilee.”","Nɛ kɛlɛe de bɔɛ, banɔ nɛ gɛ be li kititi nɛ ɔkɛlɛ nɛ ba tɔnɔ Petro avɛ klɛ ba ɖɔ asɛ, “Tutuutu wɔ tsyɛ balɛ ɔmayɛ teli onu, alasɛ wɔ kaɖɔ ɖuɖɔ nɛ kebu wɔ akasɛ.”","When the matter was over, the people all gathered at Petro's house and said, ""We have really understood the white man's work, because we have now eaten the white man's food and drunk the white man's drink.""",gerhardt_0445F08A_output_T9n53N,,4.053984634069605,28.997052990449518,16.525518812259563
"where they stayed until Herod died. So the Lord's promise came true, just as the prophet had said, “I called my son out of Egypt.” The Killing of the Children","ɔkɛlɛ aza ɔdɔ nanɔ kibe lɛ gɛ Heroɖesɛ ebe tsi. Klɛ kɛ ba kɛlɛm anasɛ gɛ Apalete nɛ aɖɔ ganɔ atɔnu nɛa bha sɛ, “Nɛ Edzyibite mɛ ɛba kulu mɛ eyianyɛ nɛ denɔ.”","When they had finished talking, Herod's soldiers came there. When they had finished talking, the Apostles were taken to the prison courtyard and were told, “If the one from Edziba comes here today, take them there alive.""",gerhardt_60BC0D18_output (8),,1.4798457061600891,26.657799418059174,14.06882256210963
You cannot be the slave of two masters! You will like one more than the other or be more loyal to one than the other. You cannot serve both God and money. Worry (Luke,"“Anɔnyanɔ atɛ ba na axwɛ dɛ kɔ baka tɛabha. Aba ɖɔ teli adɛ teli, klɛ aba mɔ ɔhwɛ kɔ teli adɛ teli. Ɔtɛ bɔɔ na axwɛ dɛ kɔ Kpaya anɛ Ehoeyi. Tɛ Ganɛ Awɔ̃","The day will come when we will be happy again. We will dance and sing, and we will be happy together, singing and dancing. The day will come when we will be happy again, Kpaya and Ehoeyi. Gan Awɔ̃",gerhardt_60BC0D18_output (8),,1.2724686314753924,14.054831304069864,7.663649967772629
"Jesus knew what they were thinking, so he said to them: Any kingdom where people fight each other will end up ruined. And a town or family that fights will soon destroy itself.","Yesu enyi balɛ atɔkpu nɛ mɛ so etsre alɛ asɛ, “Bukusiɔŋakɔ kanyaka gɛ bu ma kpɛ bupɛ tubha mɛ bu ba yɛɛ, klɛ ɔmagbla nɛ bupa kanyaka gɛ bu pɔɛhle nɛ aglɔ shu bu tɛ ba naa za.","When Jesus saw that the crowd was increasing, He said to (His) disciples, “Bring me a donkey and if anyone says anything (to you), you should say the Lord needs it and straightaway they will send (it) to you.""",gerhardt_60BC0D18_output (8),,2.124035816216534,27.503849171572313,14.813942493894423
"You will be arrested, punished, and even killed. Because of me, you will be hated by people of all nations.","“Ɔkɛlɛ la ba yɛkɔ wɔnɔ akpɛ ahwɛ kɔ sɛ ba kpatɔnɔ klɛ be be yi nɔ, klɛ amadi nɛ petee atɛ ba pɛɛ wɔnɔɛ bui akpɛ mɛ so.","The day broke and they went to the farm to hoe, when they finished, they went home to cook, and when the food was ready they went to call their companions from the farm.",gerhardt_60BC0D18_output (8),,2.4371431437250504,19.104220982269606,10.770682062997327
"A little while later some people standing there walked over to Peter and said, “We know you are one of them. We can tell it because you talk like someone from Galilee.”","Nɛ kɛlɛe de bɔɛ, banɔ nɛ gɛ be li kititi nɛ ɔkɛlɛ nɛ ba tɔnɔ Petro avɛ klɛ ba ɖɔ asɛ, “Tutuutu wɔ tsyɛ balɛ ɔmayɛ teli onu, alasɛ wɔ kaɖɔ ɖuɖɔ nɛ kebu wɔ akasɛ.”","When the matter was over, the people all gathered at Petro's house and said, ""We have really understood the white man's work, because we have now eaten the white man's food and have understood it.""",gerhardt_60BC0D18_output (8),,4.386696765552137,29.05028197151134,16.71848936853174
"where they stayed until Herod died. So the Lord's promise came true, just as the prophet had said, “I called my son out of Egypt.” The Killing of the Children","ɔkɛlɛ aza ɔdɔ nanɔ kibe lɛ gɛ Heroɖesɛ ebe tsi. Klɛ kɛ ba kɛlɛm anasɛ gɛ Apalete nɛ aɖɔ ganɔ atɔnu nɛa bha sɛ, “Nɛ Edzyibite mɛ ɛba kulu mɛ eyianyɛ nɛ denɔ.”","When they had finished talking, Herod's soldiers came there. They asked them and they told them that the one they were looking for was in Apalete and that he was going to the river and they said, “If he is a witch, he will not be able to cross the river.”",onesimus_BAB3F503_Dec 10 output,,2.371785887867442,27.096439709651555,14.734112798759499
You cannot be the slave of two masters! You will like one more than the other or be more loyal to one than the other. You cannot serve both God and money. Worry (Luke,"“Anɔnyanɔ atɛ ba na axwɛ dɛ kɔ baka tɛabha. Aba ɖɔ teli adɛ teli, klɛ aba mɔ ɔhwɛ kɔ teli adɛ teli. Ɔtɛ bɔɔ na axwɛ dɛ kɔ Kpaya anɛ Ehoeyi. Tɛ Ganɛ Awɔ̃","The day will come when we will be happy again. We will have plenty to eat and drink, and we will be able to eat and drink to our fill. That day is coming when we will be happy, Kpaya and Ehoeyi. Gan Awɔ̃",onesimus_BAB3F503_Dec 10 output,,1.211033800737062,15.330749761128521,8.270891780932791
"Jesus knew what they were thinking, so he said to them: Any kingdom where people fight each other will end up ruined. And a town or family that fights will soon destroy itself.","Yesu enyi balɛ atɔkpu nɛ mɛ so etsre alɛ asɛ, “Bukusiɔŋakɔ kanyaka gɛ bu ma kpɛ bupɛ tubha mɛ bu ba yɛɛ, klɛ ɔmagbla nɛ bupa kanyaka gɛ bu pɔɛhle nɛ aglɔ shu bu tɛ ba naa za.","When Jesus saw that the crowd was increasing, He said to (His) disciples, “Bring me a donkey and if anyone says anything (to you), you should say the Lord needs it and straight away they will let (it) go.""",onesimus_BAB3F503_Dec 10 output,,2.124035816216534,27.421604527066833,14.772820171641683
"You will be arrested, punished, and even killed. Because of me, you will be hated by people of all nations.","“Ɔkɛlɛ la ba yɛkɔ wɔnɔ akpɛ ahwɛ kɔ sɛ ba kpatɔnɔ klɛ be be yi nɔ, klɛ amadi nɛ petee atɛ ba pɛɛ wɔnɔɛ bui akpɛ mɛ so.","The elders also said that when they were young, there was a time when there was no rain at all, and the whole land was parched and dry like the bare ground.",onesimus_BAB3F503_Dec 10 output,,2.6556282775658278,18.072593634945644,10.364110956255736
"A little while later some people standing there walked over to Peter and said, “We know you are one of them. We can tell it because you talk like someone from Galilee.”","Nɛ kɛlɛe de bɔɛ, banɔ nɛ gɛ be li kititi nɛ ɔkɛlɛ nɛ ba tɔnɔ Petro avɛ klɛ ba ɖɔ asɛ, “Tutuutu wɔ tsyɛ balɛ ɔmayɛ teli onu, alasɛ wɔ kaɖɔ ɖuɖɔ nɛ kebu wɔ akasɛ.”","That day had not yet dawned, but when the day broke, they went and called their father Petro to come outside, and they told him, “We have really seen a strange thing today, because we have not yet eaten and we are already full.”",onesimus_BAB3F503_Dec 10 output,,2.40305175536448,24.568859842823297,13.485955799093889
"where they stayed until Herod died. So the Lord's promise came true, just as the prophet had said, “I called my son out of Egypt.” The Killing of the Children","ɔkɛlɛ aza ɔdɔ nanɔ kibe lɛ gɛ Heroɖesɛ ebe tsi. Klɛ kɛ ba kɛlɛm anasɛ gɛ Apalete nɛ aɖɔ ganɔ atɔnu nɛa bha sɛ, “Nɛ Edzyibite mɛ ɛba kulu mɛ eyianyɛ nɛ denɔ.”","When they had finished talking, Herod's soldiers came there. They asked them and they told them that the one they were looking for was in Apalete and that he was sitting on the way, and they said, ""If you are looking for Jesus of Nazareth, he has gone that way.""",onesimus_AE3F5661_Dec 08 output,,1.916956611337452,25.28629462051742,13.601625615927436
You cannot be the slave of two masters! You will like one more than the other or be more loyal to one than the other. You cannot serve both God and money. Worry (Luke,"“Anɔnyanɔ atɛ ba na axwɛ dɛ kɔ baka tɛabha. Aba ɖɔ teli adɛ teli, klɛ aba mɔ ɔhwɛ kɔ teli adɛ teli. Ɔtɛ bɔɔ na axwɛ dɛ kɔ Kpaya anɛ Ehoeyi. Tɛ Ganɛ Awɔ̃","The day will come when the white man will go back home. Some say it is on this day, others say it is on that day, but we know it is on that day. It is said that the white man will go back to his Kpaya land, Ehoeyi. So says Gan Awɔ̃",onesimus_AE3F5661_Dec 08 output,,0.9625140930473534,19.179643798558054,10.071078945802704
"Jesus knew what they were thinking, so he said to them: Any kingdom where people fight each other will end up ruined. And a town or family that fights will soon destroy itself.","Yesu enyi balɛ atɔkpu nɛ mɛ so etsre alɛ asɛ, “Bukusiɔŋakɔ kanyaka gɛ bu ma kpɛ bupɛ tubha mɛ bu ba yɛɛ, klɛ ɔmagbla nɛ bupa kanyaka gɛ bu pɔɛhle nɛ aglɔ shu bu tɛ ba naa za.","When Jesus saw that the crowd was increasing, He said to (His) disciples, “Let the crowds sit down on the ground in groups of fifty,""",onesimus_AE3F5661_Dec 08 output,,2.485439885057084,21.92274032126568,12.204090103161382
"You will be arrested, punished, and even killed. Because of me, you will be hated by people of all nations.","“Ɔkɛlɛ la ba yɛkɔ wɔnɔ akpɛ ahwɛ kɔ sɛ ba kpatɔnɔ klɛ be be yi nɔ, klɛ amadi nɛ petee atɛ ba pɛɛ wɔnɔɛ bui akpɛ mɛ so.","The elders also said that when they were young, there was a time when the land was completely barren and they suffered a lot before the land became fertile again.",onesimus_AE3F5661_Dec 08 output,,1.526608193588886,19.50395014214525,10.515279167867067
"A little while later some people standing there walked over to Peter and said, “We know you are one of them. We can tell it because you talk like someone from Galilee.”","Nɛ kɛlɛe de bɔɛ, banɔ nɛ gɛ be li kititi nɛ ɔkɛlɛ nɛ ba tɔnɔ Petro avɛ klɛ ba ɖɔ asɛ, “Tutuutu wɔ tsyɛ balɛ ɔmayɛ teli onu, alasɛ wɔ kaɖɔ ɖuɖɔ nɛ kebu wɔ akasɛ.”","When the day broke, the people gathered together and went to Mr. Petro's house to complain, saying, ""We are completely tired of this kind of life, because we are not getting anything good out of it.""",onesimus_AE3F5661_Dec 08 output,,1.5155302454113846,26.736562408139992,14.126046326775688
"where they stayed until Herod died. So the Lord's promise came true, just as the prophet had said, “I called my son out of Egypt.” The Killing of the Children","ɔkɛlɛ aza ɔdɔ nanɔ kibe lɛ gɛ Heroɖesɛ ebe tsi. Klɛ kɛ ba kɛlɛm anasɛ gɛ Apalete nɛ aɖɔ ganɔ atɔnu nɛa bha sɛ, “Nɛ Edzyibite mɛ ɛba kulu mɛ eyianyɛ nɛ denɔ.”","When they had finished talking, Herod's soldiers came there. They asked them saying, “Did you not hear that the person you were talking to is not from here?”",onesimus_A84A9EF3_Dec 04 output,,1.7777468135232308,26.463766206841864,14.120756510182547
You cannot be the slave of two masters! You will like one more than the other or be more loyal to one than the other. You cannot serve both God and money. Worry (Luke,"“Anɔnyanɔ atɛ ba na axwɛ dɛ kɔ baka tɛabha. Aba ɖɔ teli adɛ teli, klɛ aba mɔ ɔhwɛ kɔ teli adɛ teli. Ɔtɛ bɔɔ na axwɛ dɛ kɔ Kpaya anɛ Ehoeyi. Tɛ Ganɛ Awɔ̃","There is a saying that when a husband dies, it is a gain. Some say it is a loss, others also say it is a loss. It is said that when a husband dies, it is Kpaya and Ehoeyi. Say Gan and Awɔ̃",onesimus_A84A9EF3_Dec 04 output,,0.9798555761147508,14.184296180472684,7.582075878293717
"Jesus knew what they were thinking, so he said to them: Any kingdom where people fight each other will end up ruined. And a town or family that fights will soon destroy itself.","Yesu enyi balɛ atɔkpu nɛ mɛ so etsre alɛ asɛ, “Bukusiɔŋakɔ kanyaka gɛ bu ma kpɛ bupɛ tubha mɛ bu ba yɛɛ, klɛ ɔmagbla nɛ bupa kanyaka gɛ bu pɔɛhle nɛ aglɔ shu bu tɛ ba naa za.","When Jesus saw that the crowd was increasing, he said to his disciples, ""Let the little children come to me and do not stop them, for the kingdom of heaven belongs to such as these.""",onesimus_A84A9EF3_Dec 04 output,,4.386696765552137,27.582831671376912,15.984764218464525
"You will be arrested, punished, and even killed. Because of me, you will be hated by people of all nations.","“Ɔkɛlɛ la ba yɛkɔ wɔnɔ akpɛ ahwɛ kɔ sɛ ba kpatɔnɔ klɛ be be yi nɔ, klɛ amadi nɛ petee atɛ ba pɛɛ wɔnɔɛ bui akpɛ mɛ so.","When the day breaks, they will go and catch the fish and when they have done so, they will share it among themselves and give some to their in-laws too.",onesimus_A84A9EF3_Dec 04 output,,1.7577459356554812,18.68288795862214,10.22031694713881
"A little while later some people standing there walked over to Peter and said, “We know you are one of them. We can tell it because you talk like someone from Galilee.”","Nɛ kɛlɛe de bɔɛ, banɔ nɛ gɛ be li kititi nɛ ɔkɛlɛ nɛ ba tɔnɔ Petro avɛ klɛ ba ɖɔ asɛ, “Tutuutu wɔ tsyɛ balɛ ɔmayɛ teli onu, alasɛ wɔ kaɖɔ ɖuɖɔ nɛ kebu wɔ akasɛ.”","When the matter was over, the people all gathered together and told Peter and his fellow elders, ""You are doing a very strange thing by not allowing the converts to follow our traditional practices, for we have never refused them the right to eat our traditional food.""",onesimus_A84A9EF3_Dec 04 output,,2.000245408596587,28.50655353831792,15.253399473457254
"where they stayed until Herod died. So the Lord's promise came true, just as the prophet had said, “I called my son out of Egypt.” The Killing of the Children","ɔkɛlɛ aza ɔdɔ nanɔ kibe lɛ gɛ Heroɖesɛ ebe tsi. Klɛ kɛ ba kɛlɛm anasɛ gɛ Apalete nɛ aɖɔ ganɔ atɔnu nɛa bha sɛ, “Nɛ Edzyibite mɛ ɛba kulu mɛ eyianyɛ nɛ denɔ.”","When they had finished talking, Herod's soldiers came there. They asked them and they told them that the prophet was in Apalete and was preaching to the people, saying, ""The one sent from God has come to save the world.""",gerhardt_34E1778F_output (7),,2.4330027219003543,28.89449040688479,15.663746564392572
You cannot be the slave of two masters! You will like one more than the other or be more loyal to one than the other. You cannot serve both God and money. Worry (Luke,"“Anɔnyanɔ atɛ ba na axwɛ dɛ kɔ baka tɛabha. Aba ɖɔ teli adɛ teli, klɛ aba mɔ ɔhwɛ kɔ teli adɛ teli. Ɔtɛ bɔɔ na axwɛ dɛ kɔ Kpaya anɛ Ehoeyi. Tɛ Ganɛ Awɔ̃","The day will come when the white man will go back home. Some people will be rich, but others will also be rich. The day will come when the white man will go back home to Kpaya with his goods. The time of Gan and Awɔ̃",gerhardt_34E1778F_output (7),,1.2966677563796438,19.396242059131005,10.346454907755325
"Jesus knew what they were thinking, so he said to them: Any kingdom where people fight each other will end up ruined. And a town or family that fights will soon destroy itself.","Yesu enyi balɛ atɔkpu nɛ mɛ so etsre alɛ asɛ, “Bukusiɔŋakɔ kanyaka gɛ bu ma kpɛ bupɛ tubha mɛ bu ba yɛɛ, klɛ ɔmagbla nɛ bupa kanyaka gɛ bu pɔɛhle nɛ aglɔ shu bu tɛ ba naa za.","When Jesus saw the crowd around him, he told his disciples, ""Come away to a quiet place and rest for a while, for there were many people coming and going and they did not even have time to eat.""",gerhardt_34E1778F_output (7),,1.4082180278396284,24.8167713666202,13.112494697229913
"You will be arrested, punished, and even killed. Because of me, you will be hated by people of all nations.","“Ɔkɛlɛ la ba yɛkɔ wɔnɔ akpɛ ahwɛ kɔ sɛ ba kpatɔnɔ klɛ be be yi nɔ, klɛ amadi nɛ petee atɛ ba pɛɛ wɔnɔɛ bui akpɛ mɛ so.","When the day breaks, they will go and catch the fish and when they have finished, they will share it among themselves, and the chief will also get his share.",gerhardt_34E1778F_output (7),,2.977665307178987,22.230592695066953,12.60412900112297
"A little while later some people standing there walked over to Peter and said, “We know you are one of them. We can tell it because you talk like someone from Galilee.”","Nɛ kɛlɛe de bɔɛ, banɔ nɛ gɛ be li kititi nɛ ɔkɛlɛ nɛ ba tɔnɔ Petro avɛ klɛ ba ɖɔ asɛ, “Tutuutu wɔ tsyɛ balɛ ɔmayɛ teli onu, alasɛ wɔ kaɖɔ ɖuɖɔ nɛ kebu wɔ akasɛ.”","When the day broke, the people gathered together and the chiefs sent their messenger to Mr. Petro to inform him that “It is not good to keep a secret, because if we hide it, it will be a problem for us in the future.”",gerhardt_34E1778F_output (7),,2.124035816216534,25.313812401070766,13.71892410864365
"The person in charge of the synagogue was also there. His name was Jairus, and when he saw Jesus, he went over to him. He knelt at Jesus' feet","Ɔkɛlɛ anɔgbla teli gɛ eedi oxogokɔ nɛa bha gɛ bee klu asɛ Yairusɛ, nɛ aba ɔkɛlɛ. Gɛ amɔ Yesu, ezhiadɔ nɛ yɛ otugba","They came to the other side of the sea, to the region of the Gerasenes. When he got out of the boat, immediately a man with an unclean spirit met him, who lived in the tombs. He approached Jesus and worshipped him.",output-onesimus_003,0.5522069,3.1964380721093315,27.224759126015822,15.210598599062576
"leave your gift there in front of the altar. Make peace with that person, then come back and offer your gift to God.",shɛnahwɛ kɛdɔ nɛ shu olu ɔkɛlɛ nɛ busɔlɛvumokpo nɛ otugba tɛ ɔshɛ̃. Putɔnɔ nɛɛ vɛ tɛ ɔdɔ bhɛtɛ terikpo anɛ wadzya; tɛ otsio tsodzi ɔba tɛ ɔbɔ kɔ wɔɛ dɔ.,The dog's stomach was very sore because of eating the remains of the gunpowder that the hunter had left behind. The dog's stomach started to ache terribly and it began to vomit; it vomited and vomited until it almost died.,output-onesimus_003,0.087884314,2.331372206682652,22.041806537417308,12.18658937204998
"Then Jesus said to the officer, “You may go home now. Your faith has made it happen.” Right then his servant was healed. Jesus Heals Many People (Mark","Klɛ Yesu etsre keyutugbani aka nɛ asɛ, “Vɛ! Kɛ ba bhɛtɛ ansɛ gɛ ɔyɛkɛ klɛa bha ŋa.” Klɛ yɛ axwɛdɛ nɛ bunya nɛ bu beke nɛ ɔɖa ɔɔlɛlɛ nɛm. Yesu Ebeke Banɔ Gelee Banya","Then Jesus said to his disciples, “Go! Preach to everyone that the kingdom of heaven has come near.” And he gave them power to cast out unclean spirits.",output-onesimus_003,0.550472,9.438946238992306,29.030730540733053,19.23483838986268
"They left their graves, and after Jesus had risen to life, they went into the holy city, where they were seen by many people.","Be koeyi denɔ idzrem, klɛ nɛ Yesu tɛlulɔ nɛe de, be tsoku ɔmagbla nɛ gɛ ɔlɛ shu obhui nɛ mɛ, klɛ ba wɛ̃ nɛ banɔ gelee amɛ.","They were all surprised, and they asked Jesus, saying to him, ""How did you get here, you who are not from here, and you have come to our town, and how did you come to our place?""",output-onesimus_003,0.591334,2.3150760452861334,25.959015201170732,14.137045623228433
Listen carefully to what you hear! The way you treat others will be the way you will be treated—and even worse.,"Avɛ kɛlɛa bha sɛ, “Lu awɔ̃ nɛ kibui nɛ gɛ oonu nɛ mɔɔ mɔ.” “Kedzyidzyi nɔ gɛ kalɛ shui kɛxwɛ wɔ ɔwa nɛ, kalɛ la ba yɛ kɔ edzyidzyi akɔ wɔ nɔ, klɛ kɛ ba dɛa na.","The elders sat down and said, “This is the day we will divide the land among ourselves.” “The boundary of our land is from the big tree beside the stream to the hill, from the hill to the forest, and from the forest to the river.”",output-onesimus_003,0.18195352,1.0268160753681452,23.230164392306843,12.128490233837494
"where they stayed until Herod died. So the Lord's promise came true, just as the prophet had said, “I called my son out of Egypt.” The Killing of the Children","ɔkɛlɛ aza ɔdɔ nanɔ kibe lɛ gɛ Heroɖesɛ ebe tsi. Klɛ kɛ ba kɛlɛm anasɛ gɛ Apalete nɛ aɖɔ ganɔ atɔnu nɛa bha sɛ, “Nɛ Edzyibite mɛ ɛba kulu mɛ eyianyɛ nɛ denɔ.”","When they had finished talking, Herod's soldiers came there. They asked them and they told them that the one they were looking for was in Apalete and that he was going to the river.",output_JA-5,,1.675771139737561,24.34757025062956,13.01167069518356
You cannot be the slave of two masters! You will like one more than the other or be more loyal to one than the other. You cannot serve both God and money. Worry (Luke,"“Anɔnyanɔ atɛ ba na axwɛ dɛ kɔ baka tɛabha. Aba ɖɔ teli adɛ teli, klɛ aba mɔ ɔhwɛ kɔ teli adɛ teli. Ɔtɛ bɔɔ na axwɛ dɛ kɔ Kpaya anɛ Ehoeyi. Tɛ Ganɛ Awɔ̃","The day will come when the white man will go back home. Some people say it is not yet time, but others say it is already time. The day will come when the white man will go back to his home in Europe. When Gan Awɔ̃",output_JA-5,,1.141212511111281,18.994924121704173,10.068068316407727
"Jesus knew what they were thinking, so he said to them: Any kingdom where people fight each other will end up ruined. And a town or family that fights will soon destroy itself.","Yesu enyi balɛ atɔkpu nɛ mɛ so etsre alɛ asɛ, “Bukusiɔŋakɔ kanyaka gɛ bu ma kpɛ bupɛ tubha mɛ bu ba yɛɛ, klɛ ɔmagbla nɛ bupa kanyaka gɛ bu pɔɛhle nɛ aglɔ shu bu tɛ ba naa za.","When Jesus saw the crowd around him, he told his disciples, ""The harvest is great, but the workers are few, so ask the Lord of the harvest to send out workers to gather his harvest.""",output_JA-5,,2.298666038841233,20.21430182053427,11.256483929687752
"You will be arrested, punished, and even killed. Because of me, you will be hated by people of all nations.","“Ɔkɛlɛ la ba yɛkɔ wɔnɔ akpɛ ahwɛ kɔ sɛ ba kpatɔnɔ klɛ be be yi nɔ, klɛ amadi nɛ petee atɛ ba pɛɛ wɔnɔɛ bui akpɛ mɛ so.","The elders also said that when they were young, there was a time when famine was so severe that people used to go to the bush to search for something to eat.",output_JA-5,,1.432548017297354,19.654650447814348,10.54359923255585
"A little while later some people standing there walked over to Peter and said, “We know you are one of them. We can tell it because you talk like someone from Galilee.”","Nɛ kɛlɛe de bɔɛ, banɔ nɛ gɛ be li kititi nɛ ɔkɛlɛ nɛ ba tɔnɔ Petro avɛ klɛ ba ɖɔ asɛ, “Tutuutu wɔ tsyɛ balɛ ɔmayɛ teli onu, alasɛ wɔ kaɖɔ ɖuɖɔ nɛ kebu wɔ akasɛ.”","When the war was over, and the people were returning to their towns, Petro's father told him that he should not have gone to war, because he was still young and his body was not yet strong enough.",output_JA-5,,1.4204962126567007,25.267292244091667,13.343894228374184
"where they stayed until Herod died. So the Lord's promise came true, just as the prophet had said, “I called my son out of Egypt.” The Killing of the Children","ɔkɛlɛ aza ɔdɔ nanɔ kibe lɛ gɛ Heroɖesɛ ebe tsi. Klɛ kɛ ba kɛlɛm anasɛ gɛ Apalete nɛ aɖɔ ganɔ atɔnu nɛa bha sɛ, “Nɛ Edzyibite mɛ ɛba kulu mɛ eyianyɛ nɛ denɔ.”","When they had finished talking, Herod's soldiers came there. They asked them saying, “Didn't I tell you that if you went to Bethlehem, you would find him there?”",john_86344B85_output (7),,1.719214308992225,25.25627630966416,13.487745309328192
You cannot be the slave of two masters! You will like one more than the other or be more loyal to one than the other. You cannot serve both God and money. Worry (Luke,"“Anɔnyanɔ atɛ ba na axwɛ dɛ kɔ baka tɛabha. Aba ɖɔ teli adɛ teli, klɛ aba mɔ ɔhwɛ kɔ teli adɛ teli. Ɔtɛ bɔɔ na axwɛ dɛ kɔ Kpaya anɛ Ehoeyi. Tɛ Ganɛ Awɔ̃","The day will come when we will be fed up with war. Some people will be tired, others will also be tired, just as some people are tired of hunger, others are also tired. The day will come when we will be fed up with war, Kpaya and Ehoeyi. The time will come",john_86344B85_output (7),,0.9832251722234908,18.750655175373694,9.866940173798593
"Jesus knew what they were thinking, so he said to them: Any kingdom where people fight each other will end up ruined. And a town or family that fights will soon destroy itself.","Yesu enyi balɛ atɔkpu nɛ mɛ so etsre alɛ asɛ, “Bukusiɔŋakɔ kanyaka gɛ bu ma kpɛ bupɛ tubha mɛ bu ba yɛɛ, klɛ ɔmagbla nɛ bupa kanyaka gɛ bu pɔɛhle nɛ aglɔ shu bu tɛ ba naa za.","When Jesus saw that the crowd was increasing, he said to his disciples, ""Let the little children come to me and do not stop them, for it is for such that the kingdom of heaven is made up.",john_86344B85_output (7),,4.286566854494811,28.31379851990219,16.3001826871985
"You will be arrested, punished, and even killed. Because of me, you will be hated by people of all nations.","“Ɔkɛlɛ la ba yɛkɔ wɔnɔ akpɛ ahwɛ kɔ sɛ ba kpatɔnɔ klɛ be be yi nɔ, klɛ amadi nɛ petee atɛ ba pɛɛ wɔnɔɛ bui akpɛ mɛ so.","The elders also said that when they were young, there was a time when there was no rain at all, and the dry season was so severe that they had to fetch water from a particular place.",john_86344B85_output (7),,2.310428454615111,18.82867942023609,10.5695539374256
"A little while later some people standing there walked over to Peter and said, “We know you are one of them. We can tell it because you talk like someone from Galilee.”","Nɛ kɛlɛe de bɔɛ, banɔ nɛ gɛ be li kititi nɛ ɔkɛlɛ nɛ ba tɔnɔ Petro avɛ klɛ ba ɖɔ asɛ, “Tutuutu wɔ tsyɛ balɛ ɔmayɛ teli onu, alasɛ wɔ kaɖɔ ɖuɖɔ nɛ kebu wɔ akasɛ.”","This is the day that has come, so when we gather together today, let us tell Peter the reason why we have gathered, “Exactly like this our forefathers told us, that we should not forget the things of long ago.”",john_86344B85_output (7),,2.1740981369339423,21.997721955846696,12.08591004639032
"where they stayed until Herod died. So the Lord's promise came true, just as the prophet had said, “I called my son out of Egypt.” The Killing of the Children","ɔkɛlɛ aza ɔdɔ nanɔ kibe lɛ gɛ Heroɖesɛ ebe tsi. Klɛ kɛ ba kɛlɛm anasɛ gɛ Apalete nɛ aɖɔ ganɔ atɔnu nɛa bha sɛ, “Nɛ Edzyibite mɛ ɛba kulu mɛ eyianyɛ nɛ denɔ.”","When they had finished talking, Herod's men came there. Before they came, the Apostles had already preached and given them a warning, saying, ""The one who is coming from God will save you people.""",output_JA-1,,1.5126073190876959,25.295421402175293,13.404014360631495
You cannot be the slave of two masters! You will like one more than the other or be more loyal to one than the other. You cannot serve both God and money. Worry (Luke,"“Anɔnyanɔ atɛ ba na axwɛ dɛ kɔ baka tɛabha. Aba ɖɔ teli adɛ teli, klɛ aba mɔ ɔhwɛ kɔ teli adɛ teli. Ɔtɛ bɔɔ na axwɛ dɛ kɔ Kpaya anɛ Ehoeyi. Tɛ Ganɛ Awɔ̃","The day will come when we will be happy again. Some people are happy, others are not happy at all. The day will come when we will be happy like Kpaya and Ehoeyi. Like Gan and Awɔ̃",output_JA-1,,1.4564866342357627,16.860562447667533,9.158524540951648
"Jesus knew what they were thinking, so he said to them: Any kingdom where people fight each other will end up ruined. And a town or family that fights will soon destroy itself.","Yesu enyi balɛ atɔkpu nɛ mɛ so etsre alɛ asɛ, “Bukusiɔŋakɔ kanyaka gɛ bu ma kpɛ bupɛ tubha mɛ bu ba yɛɛ, klɛ ɔmagbla nɛ bupa kanyaka gɛ bu pɔɛhle nɛ aglɔ shu bu tɛ ba naa za.","When Jesus saw that the crowd was increasing, He said to (His) disciples, “Let the crowds sit down on the ground; for there is much grass in this place; so they sat down, in number about five thousand men.",output_JA-1,,2.198466134297366,26.28625315791267,14.242359646105019
"You will be arrested, punished, and even killed. Because of me, you will be hated by people of all nations.","“Ɔkɛlɛ la ba yɛkɔ wɔnɔ akpɛ ahwɛ kɔ sɛ ba kpatɔnɔ klɛ be be yi nɔ, klɛ amadi nɛ petee atɛ ba pɛɛ wɔnɔɛ bui akpɛ mɛ so.","The elders also said that when they were young, there was no farming, everyone went to the bush to hunt and that was how they used to get their fufu to eat.",output_JA-1,,1.493369524819332,17.013067109637564,9.253218317228448
"A little while later some people standing there walked over to Peter and said, “We know you are one of them. We can tell it because you talk like someone from Galilee.”","Nɛ kɛlɛe de bɔɛ, banɔ nɛ gɛ be li kititi nɛ ɔkɛlɛ nɛ ba tɔnɔ Petro avɛ klɛ ba ɖɔ asɛ, “Tutuutu wɔ tsyɛ balɛ ɔmayɛ teli onu, alasɛ wɔ kaɖɔ ɖuɖɔ nɛ kebu wɔ akasɛ.”","When the war was over, and the people were going about their normal activities, Petro's father told him that he should not be in a hurry to go to farm, because there was still some work to be done at home.",output_JA-1,,1.4082180278396284,28.834419722111505,15.121318874975566
"where they stayed until Herod died. So the Lord's promise came true, just as the prophet had said, “I called my son out of Egypt.” The Killing of the Children","ɔkɛlɛ aza ɔdɔ nanɔ kibe lɛ gɛ Heroɖesɛ ebe tsi. Klɛ kɛ ba kɛlɛm anasɛ gɛ Apalete nɛ aɖɔ ganɔ atɔnu nɛa bha sɛ, “Nɛ Edzyibite mɛ ɛba kulu mɛ eyianyɛ nɛ denɔ.”","When they had finished talking, Herod's enemies came to him. After they had finished talking, the Apostles went out and preached in every town that, “Repent, for God is near and the kingdom is at hand.”",Dec 05 output,,2.6102690624143405,23.777813725881707,13.194041394148023
You cannot be the slave of two masters! You will like one more than the other or be more loyal to one than the other. You cannot serve both God and money. Worry (Luke,"“Anɔnyanɔ atɛ ba na axwɛ dɛ kɔ baka tɛabha. Aba ɖɔ teli adɛ teli, klɛ aba mɔ ɔhwɛ kɔ teli adɛ teli. Ɔtɛ bɔɔ na axwɛ dɛ kɔ Kpaya anɛ Ehoeyi. Tɛ Ganɛ Awɔ̃","There is a dispute over whose farm is better, each person says his is better. One person says his is bigger, the other also says his is bigger. They will now go to the chief Kpaya and Ehoeyi to settle it. Ganɛ says...",Dec 05 output,,2.0207176067551376,20.616100243135964,11.318408924945551
"Jesus knew what they were thinking, so he said to them: Any kingdom where people fight each other will end up ruined. And a town or family that fights will soon destroy itself.","Yesu enyi balɛ atɔkpu nɛ mɛ so etsre alɛ asɛ, “Bukusiɔŋakɔ kanyaka gɛ bu ma kpɛ bupɛ tubha mɛ bu ba yɛɛ, klɛ ɔmagbla nɛ bupa kanyaka gɛ bu pɔɛhle nɛ aglɔ shu bu tɛ ba naa za.","When Jesus saw that the crowd was increasing, He said to (His) disciples, “Bring me a donkey and if anyone says anything (to you), you should say the Lord needs it and straight away they will send (it).",Dec 05 output,,2.215443967446686,27.503057823984474,14.85925089571558
"You will be arrested, punished, and even killed. Because of me, you will be hated by people of all nations.","“Ɔkɛlɛ la ba yɛkɔ wɔnɔ akpɛ ahwɛ kɔ sɛ ba kpatɔnɔ klɛ be be yi nɔ, klɛ amadi nɛ petee atɛ ba pɛɛ wɔnɔɛ bui akpɛ mɛ so.","When the day breaks, they will go and catch the fowl and prepare it well until it is done, and then the elders will eat it with the fowl's head on top.",Dec 05 output,,2.7794738724637273,21.30267849904651,12.04107618575512
"A little while later some people standing there walked over to Peter and said, “We know you are one of them. We can tell it because you talk like someone from Galilee.”","Nɛ kɛlɛe de bɔɛ, banɔ nɛ gɛ be li kititi nɛ ɔkɛlɛ nɛ ba tɔnɔ Petro avɛ klɛ ba ɖɔ asɛ, “Tutuutu wɔ tsyɛ balɛ ɔmayɛ teli onu, alasɛ wɔ kaɖɔ ɖuɖɔ nɛ kebu wɔ akasɛ.”","This is the day that the Lord has made, we are happy because our brother Petro has been exonerated and we are celebrating, “Truly you have shown us great things today, otherwise we would have been dead but God has turned it around for us.”",Dec 05 output,,2.062403823169552,21.965002214346146,12.013703018757848
"where they stayed until Herod died. So the Lord's promise came true, just as the prophet had said, “I called my son out of Egypt.” The Killing of the Children","ɔkɛlɛ aza ɔdɔ nanɔ kibe lɛ gɛ Heroɖesɛ ebe tsi. Klɛ kɛ ba kɛlɛm anasɛ gɛ Apalete nɛ aɖɔ ganɔ atɔnu nɛa bha sɛ, “Nɛ Edzyibite mɛ ɛba kulu mɛ eyianyɛ nɛ denɔ.”","When they had finished talking, Herod's soldiers came there. After they came, the soldiers said to the apostles, ""You people from God, go out of here before we burn this place.""",onesimus_C968674F_Dec 07 output,,2.952464657861394,27.048057866605347,15.000261262233371
You cannot be the slave of two masters! You will like one more than the other or be more loyal to one than the other. You cannot serve both God and money. Worry (Luke,"“Anɔnyanɔ atɛ ba na axwɛ dɛ kɔ baka tɛabha. Aba ɖɔ teli adɛ teli, klɛ aba mɔ ɔhwɛ kɔ teli adɛ teli. Ɔtɛ bɔɔ na axwɛ dɛ kɔ Kpaya anɛ Ehoeyi. Tɛ Ganɛ Awɔ̃","The day will come when we will be happy again. We will dance and sing, and we will be happy together, singing and dancing. The day will come when we will be happy again, Kpaya and Ehoeyi. Gan Awɔ̃",onesimus_C968674F_Dec 07 output,,1.2724686314753924,14.054831304069864,7.663649967772629
"Jesus knew what they were thinking, so he said to them: Any kingdom where people fight each other will end up ruined. And a town or family that fights will soon destroy itself.","Yesu enyi balɛ atɔkpu nɛ mɛ so etsre alɛ asɛ, “Bukusiɔŋakɔ kanyaka gɛ bu ma kpɛ bupɛ tubha mɛ bu ba yɛɛ, klɛ ɔmagbla nɛ bupa kanyaka gɛ bu pɔɛhle nɛ aglɔ shu bu tɛ ba naa za.","When Jesus saw that the crowd was increasing, he told his disciples, “Bring me a donkey and if anyone says anything to you, you should say the Lord needs it and he will send it straight away.""",onesimus_C968674F_Dec 07 output,,1.4687168144827005,25.97733554108574,13.72302617778422
"You will be arrested, punished, and even killed. Because of me, you will be hated by people of all nations.","“Ɔkɛlɛ la ba yɛkɔ wɔnɔ akpɛ ahwɛ kɔ sɛ ba kpatɔnɔ klɛ be be yi nɔ, klɛ amadi nɛ petee atɛ ba pɛɛ wɔnɔɛ bui akpɛ mɛ so.","The elders also said that when they were young, there was no farming, everyone went to the bush to hunt and that was how they survived.",onesimus_C968674F_Dec 07 output,,1.8196871111910016,17.20498159640631,9.512334353798655
"A little while later some people standing there walked over to Peter and said, “We know you are one of them. We can tell it because you talk like someone from Galilee.”","Nɛ kɛlɛe de bɔɛ, banɔ nɛ gɛ be li kititi nɛ ɔkɛlɛ nɛ ba tɔnɔ Petro avɛ klɛ ba ɖɔ asɛ, “Tutuutu wɔ tsyɛ balɛ ɔmayɛ teli onu, alasɛ wɔ kaɖɔ ɖuɖɔ nɛ kebu wɔ akasɛ.”","When the matter was over, the people all gathered together and said to Pastor Petro and his people, ""We are truly sorry for what happened in the past, because we used to do many bad things before now.""",onesimus_C968674F_Dec 07 output,,2.488793898877242,29.723210978483287,16.106002438680264
"where they stayed until Herod died. So the Lord's promise came true, just as the prophet had said, “I called my son out of Egypt.” The Killing of the Children","ɔkɛlɛ aza ɔdɔ nanɔ kibe lɛ gɛ Heroɖesɛ ebe tsi. Klɛ kɛ ba kɛlɛm anasɛ gɛ Apalete nɛ aɖɔ ganɔ atɔnu nɛa bha sɛ, “Nɛ Edzyibite mɛ ɛba kulu mɛ eyianyɛ nɛ denɔ.”","When they had finished talking, Herod's soldiers came there. When they had finished talking, the Apostles were taken to the prison yard and were told,",john_C52DEBBB_output (10),,1.759544225619305,25.32964156058225,13.544592893100777
You cannot be the slave of two masters! You will like one more than the other or be more loyal to one than the other. You cannot serve both God and money. Worry (Luke,"“Anɔnyanɔ atɛ ba na axwɛ dɛ kɔ baka tɛabha. Aba ɖɔ teli adɛ teli, klɛ aba mɔ ɔhwɛ kɔ teli adɛ teli. Ɔtɛ bɔɔ na axwɛ dɛ kɔ Kpaya anɛ Ehoeyi. Tɛ Ganɛ Awɔ̃","The day will come when the white man will go back home. Some say it is on this day, others say it is on that day, but we say it is on this very day. The day has come when the white man will go back to his Kpaya and Ehoeyi. The time of the Gan has come",john_C52DEBBB_output (10),,0.9958921354772332,20.858381951575414,10.927137043526324
"Jesus knew what they were thinking, so he said to them: Any kingdom where people fight each other will end up ruined. And a town or family that fights will soon destroy itself.","Yesu enyi balɛ atɔkpu nɛ mɛ so etsre alɛ asɛ, “Bukusiɔŋakɔ kanyaka gɛ bu ma kpɛ bupɛ tubha mɛ bu ba yɛɛ, klɛ ɔmagbla nɛ bupa kanyaka gɛ bu pɔɛhle nɛ aglɔ shu bu tɛ ba naa za.","When Jesus saw the crowd around him, he said to his disciples, ""The harvest is great, but the workers are few, so pray to the lord of the harvest to send out workers into his harvest.""",john_C52DEBBB_output (10),,4.339172607828921,23.57808735629677,13.958629982062845
"You will be arrested, punished, and even killed. Because of me, you will be hated by people of all nations.","“Ɔkɛlɛ la ba yɛkɔ wɔnɔ akpɛ ahwɛ kɔ sɛ ba kpatɔnɔ klɛ be be yi nɔ, klɛ amadi nɛ petee atɛ ba pɛɛ wɔnɔɛ bui akpɛ mɛ so.","The elders also said that when they were young, there was a time when famine was so severe that people used to go to the bush to search for something to eat and they ate everything they could lay their hands on.",john_C52DEBBB_output (10),,1.176877973200725,20.07717408254712,10.627026027873923
"A little while later some people standing there walked over to Peter and said, “We know you are one of them. We can tell it because you talk like someone from Galilee.”","Nɛ kɛlɛe de bɔɛ, banɔ nɛ gɛ be li kititi nɛ ɔkɛlɛ nɛ ba tɔnɔ Petro avɛ klɛ ba ɖɔ asɛ, “Tutuutu wɔ tsyɛ balɛ ɔmayɛ teli onu, alasɛ wɔ kaɖɔ ɖuɖɔ nɛ kebu wɔ akasɛ.”","type"": ""text"", ""content"": ""[That day had not yet come, but they were already calling him Reverend Father Petro because he was a catechist, “Completely you have followed the ways of the white people, that is why you have received the cassock to wear.”",john_C52DEBBB_output (10),,1.8231598123120714,27.499109988417693,14.661134900364882
"He told them, “You may take along a walking stick. But don't carry food or a traveling bag or any money.","Yɛ ɛshã ɛlɛ dzi sɛ, “Nɔ tɛ yɛkɔ kɛdɔnyɛdɔ kɔ wɔnɔ kidzo gɛga nɛ ɔyɛkɔdɛ ovusi, nɔ tɛ yɛkɔ kɛŋɛŋa, nɔ tɛ yɛkɔ ɔkpɛtɛ nɛ kɔba nɛ ɔdzadi mɛ.","They are saying that, ""You don't have to go around deceiving people, you don't have to lie, you don't have to take what doesn't belong to you and go and give it to someone.""",output_datgerhardt,0.32443643,1.2992493989257516,22.216472776521176,11.757861087723464
"He took the twelve-year-old girl by the hand and said, “Talitha, koum!” which means, “Little girl, get up!” The girl got right up and started walking around. Everyone was greatly surprised.",Ɔkɛlɛ nɛ ko adzɛnuvɔɛ nɛ evu alɔ klɛ aaga kana . Kibui nɛ kɛ bhɛtɛ balɛ kibi.,The dog and the goat are friends and they love each other very much. The dog has a very bad temper.,output_datgerhardt,0.18252288,1.178311806536348,14.504153329145423,7.841232567840885
"Everyone was completely surprised and kept saying to each other, “What is this? It must be some new kind of powerful teaching! Even the evil spirits obey him.”","Yesu tɛbhɛbhɛtɛ nɛ bhɛtɛ banɔ nɛ kibi klɛ bee bisi aglɔ asɛ, “Kide lɔɔ mɔa? Kɛdɔ kɛkasɛ vuvɔ, klɛ nɛ kabhaŋɛŋa tysɛ ana! Klɛ ɛfufɔɛkpã tsyɛ ta yɛ atɔ.”","What are you doing here? Get out of here, you are not supposed to be here! You are not supposed to be in this place.",output_datgerhardt,0.2506846,1.885174387792232,17.53896508554784,9.712069736670037
Not far from there a large herd of pigs was feeding.,"Nɛ balɛ ɔbha nɛɛ be, bahɛha tili dzi zɛ ŋa kɛdɔ.","They say that the chief's mother was pregnant, and on the day she gave birth to him.",output_datgerhardt,0.12310479,2.4074859035470344,17.096581036968168,9.7520334702576
"Night and day he was in the graveyard or on the hills, yelling and cutting himself with stones.","Elishi anɛ kemuze akpasɛ idzre nɛ shi, nɛ betushɛ nɛ mɛ, ebhui ishu nɛ aklagbu klɛ akpɛ igugu.","The gods and the ancestors are angry with him, and the earth goddess has cursed him, so his farm is not producing anything.",output_datgerhardt,0.3762697,2.3497215931088395,23.986851738681985,13.168286665895412
"where they stayed until Herod died. So the Lord's promise came true, just as the prophet had said, “I called my son out of Egypt.” The Killing of the Children","ɔkɛlɛ aza ɔdɔ nanɔ kibe lɛ gɛ Heroɖesɛ ebe tsi. Klɛ kɛ ba kɛlɛm anasɛ gɛ Apalete nɛ aɖɔ ganɔ atɔnu nɛa bha sɛ, “Nɛ Edzyibite mɛ ɛba kulu mɛ eyianyɛ nɛ denɔ.”","When they had finished talking, Herod's soldiers came there. Then one of the soldiers who was called Apalete drew his sword and said, “If it is God’s will, I will kill you first.”",gerhardt_62CB5CC1_output (4),,3.8856620103720525,30.653952263986955,17.269807137179505
You cannot be the slave of two masters! You will like one more than the other or be more loyal to one than the other. You cannot serve both God and money. Worry (Luke,"“Anɔnyanɔ atɛ ba na axwɛ dɛ kɔ baka tɛabha. Aba ɖɔ teli adɛ teli, klɛ aba mɔ ɔhwɛ kɔ teli adɛ teli. Ɔtɛ bɔɔ na axwɛ dɛ kɔ Kpaya anɛ Ehoeyi. Tɛ Ganɛ Awɔ̃","The day will come when the white man will go back home. Some people have their own language, just as we too have our own language. It is said that the white man will return home to Kpaya with his master. Says Gan Awɔ̃",gerhardt_62CB5CC1_output (4),,1.1903247365290315,21.698130560733343,11.444227648631188
"Jesus knew what they were thinking, so he said to them: Any kingdom where people fight each other will end up ruined. And a town or family that fights will soon destroy itself.","Yesu enyi balɛ atɔkpu nɛ mɛ so etsre alɛ asɛ, “Bukusiɔŋakɔ kanyaka gɛ bu ma kpɛ bupɛ tubha mɛ bu ba yɛɛ, klɛ ɔmagbla nɛ bupa kanyaka gɛ bu pɔɛhle nɛ aglɔ shu bu tɛ ba naa za.","When Jesus saw the crowd around him, he told his disciples, ""Look for a donkey and its colt and when you find them, bring them to me, and if anyone questions you, tell him the Lord needs them.""",gerhardt_62CB5CC1_output (4),,1.2927264865780022,22.15793810796614,11.72533229727207
"You will be arrested, punished, and even killed. Because of me, you will be hated by people of all nations.","“Ɔkɛlɛ la ba yɛkɔ wɔnɔ akpɛ ahwɛ kɔ sɛ ba kpatɔnɔ klɛ be be yi nɔ, klɛ amadi nɛ petee atɛ ba pɛɛ wɔnɔɛ bui akpɛ mɛ so.","The elders also said that when they were young, there was a time when there was no rain at all, and it was a very difficult period for everyone.",gerhardt_62CB5CC1_output (4),,2.9171735901692597,18.599756923006332,10.758465256587796
"A little while later some people standing there walked over to Peter and said, “We know you are one of them. We can tell it because you talk like someone from Galilee.”","Nɛ kɛlɛe de bɔɛ, banɔ nɛ gɛ be li kititi nɛ ɔkɛlɛ nɛ ba tɔnɔ Petro avɛ klɛ ba ɖɔ asɛ, “Tutuutu wɔ tsyɛ balɛ ɔmayɛ teli onu, alasɛ wɔ kaɖɔ ɖuɖɔ nɛ kebu wɔ akasɛ.”","When the day broke, after the people had eaten and drunk, Petro stood up and said, “Men and brethren, it was necessary that the scripture be fulfilled, which the Holy Spirit spoke before by the mouth of David concerning Judas.”",gerhardt_62CB5CC1_output (4),,4.091806534297076,26.314683571652488,15.203245052974783
"where they stayed until Herod died. So the Lord's promise came true, just as the prophet had said, “I called my son out of Egypt.” The Killing of the Children","ɔkɛlɛ aza ɔdɔ nanɔ kibe lɛ gɛ Heroɖesɛ ebe tsi. Klɛ kɛ ba kɛlɛm anasɛ gɛ Apalete nɛ aɖɔ ganɔ atɔnu nɛa bha sɛ, “Nɛ Edzyibite mɛ ɛba kulu mɛ eyianyɛ nɛ denɔ.”","When they had finished talking, Herod's soldiers came there. They asked them saying, “Did you not hear that the person you were talking to is not from here?”",Dec 04 output,,1.7777468135232308,26.463766206841864,14.120756510182547
You cannot be the slave of two masters! You will like one more than the other or be more loyal to one than the other. You cannot serve both God and money. Worry (Luke,"“Anɔnyanɔ atɛ ba na axwɛ dɛ kɔ baka tɛabha. Aba ɖɔ teli adɛ teli, klɛ aba mɔ ɔhwɛ kɔ teli adɛ teli. Ɔtɛ bɔɔ na axwɛ dɛ kɔ Kpaya anɛ Ehoeyi. Tɛ Ganɛ Awɔ̃","There is a saying that when a husband dies, it is a gain. Some say it is a loss, others also say it is a loss. It is said that when a husband dies, it is Kpaya and Ehoeyi. Say Gan and Awɔ̃",Dec 04 output,,0.9798555761147508,14.184296180472684,7.582075878293717
"Jesus knew what they were thinking, so he said to them: Any kingdom where people fight each other will end up ruined. And a town or family that fights will soon destroy itself.","Yesu enyi balɛ atɔkpu nɛ mɛ so etsre alɛ asɛ, “Bukusiɔŋakɔ kanyaka gɛ bu ma kpɛ bupɛ tubha mɛ bu ba yɛɛ, klɛ ɔmagbla nɛ bupa kanyaka gɛ bu pɔɛhle nɛ aglɔ shu bu tɛ ba naa za.","When Jesus saw that the crowd was increasing, he said to his disciples, ""Let the little children come to me and do not stop them, for the kingdom of heaven belongs to such as these.""",Dec 04 output,,4.386696765552137,27.582831671376912,15.984764218464525
"You will be arrested, punished, and even killed. Because of me, you will be hated by people of all nations.","“Ɔkɛlɛ la ba yɛkɔ wɔnɔ akpɛ ahwɛ kɔ sɛ ba kpatɔnɔ klɛ be be yi nɔ, klɛ amadi nɛ petee atɛ ba pɛɛ wɔnɔɛ bui akpɛ mɛ so.","When the day breaks, they will go and catch the fish and when they have done so, they will share it among themselves and give some to their in-laws too.",Dec 04 output,,1.7577459356554812,18.68288795862214,10.22031694713881
"A little while later some people standing there walked over to Peter and said, “We know you are one of them. We can tell it because you talk like someone from Galilee.”","Nɛ kɛlɛe de bɔɛ, banɔ nɛ gɛ be li kititi nɛ ɔkɛlɛ nɛ ba tɔnɔ Petro avɛ klɛ ba ɖɔ asɛ, “Tutuutu wɔ tsyɛ balɛ ɔmayɛ teli onu, alasɛ wɔ kaɖɔ ɖuɖɔ nɛ kebu wɔ akasɛ.”","When the matter was over, the people all gathered together and told Peter and his fellow elders, ""You are doing a very strange thing by not allowing the converts to follow our traditional practices, for we have never refused them the right to eat our traditional food.""",Dec 04 output,,2.000245408596587,28.50655353831792,15.253399473457254
"where they stayed until Herod died. So the Lord's promise came true, just as the prophet had said, “I called my son out of Egypt.” The Killing of the Children","ɔkɛlɛ aza ɔdɔ nanɔ kibe lɛ gɛ Heroɖesɛ ebe tsi. Klɛ kɛ ba kɛlɛm anasɛ gɛ Apalete nɛ aɖɔ ganɔ atɔnu nɛa bha sɛ, “Nɛ Edzyibite mɛ ɛba kulu mɛ eyianyɛ nɛ denɔ.”","When they had finished talking, Herod said to them, ""Go and tell that fox (the king), 'Behold, I cast out demons and perform cures today and tomorrow, and on the third day I finish my course.'""",gerhardt_676E558A_output (6),,1.4155426458440634,24.101485925591195,12.758514285717629
You cannot be the slave of two masters! You will like one more than the other or be more loyal to one than the other. You cannot serve both God and money. Worry (Luke,"“Anɔnyanɔ atɛ ba na axwɛ dɛ kɔ baka tɛabha. Aba ɖɔ teli adɛ teli, klɛ aba mɔ ɔhwɛ kɔ teli adɛ teli. Ɔtɛ bɔɔ na axwɛ dɛ kɔ Kpaya anɛ Ehoeyi. Tɛ Ganɛ Awɔ̃","The day will come when we will be fed with fufu. Some people say it is not good, others also say it is not good. The day will come when we will be fed with fufu by Kpaya and Ehoeyi. By Gan and Awɔ̃",gerhardt_676E558A_output (6),,1.1903247365290315,17.42952856364076,9.309926650084895
"Jesus knew what they were thinking, so he said to them: Any kingdom where people fight each other will end up ruined. And a town or family that fights will soon destroy itself.","Yesu enyi balɛ atɔkpu nɛ mɛ so etsre alɛ asɛ, “Bukusiɔŋakɔ kanyaka gɛ bu ma kpɛ bupɛ tubha mɛ bu ba yɛɛ, klɛ ɔmagbla nɛ bupa kanyaka gɛ bu pɔɛhle nɛ aglɔ shu bu tɛ ba naa za.","When Jesus saw that the crowd was increasing, he told his disciples, ""Give them something to eat, because they have come a long way and are hungry, and we can't send them away on an empty stomach.""",gerhardt_676E558A_output (6),,1.4413752619313158,24.318648136761276,12.880011699346296
"You will be arrested, punished, and even killed. Because of me, you will be hated by people of all nations.","“Ɔkɛlɛ la ba yɛkɔ wɔnɔ akpɛ ahwɛ kɔ sɛ ba kpatɔnɔ klɛ be be yi nɔ, klɛ amadi nɛ petee atɛ ba pɛɛ wɔnɔɛ bui akpɛ mɛ so.","The elders also said that when they were young, there was a time when famine was so severe that people used to go to the bush to search for something to eat.",gerhardt_676E558A_output (6),,1.432548017297354,19.654650447814348,10.54359923255585
"A little while later some people standing there walked over to Peter and said, “We know you are one of them. We can tell it because you talk like someone from Galilee.”","Nɛ kɛlɛe de bɔɛ, banɔ nɛ gɛ be li kititi nɛ ɔkɛlɛ nɛ ba tɔnɔ Petro avɛ klɛ ba ɖɔ asɛ, “Tutuutu wɔ tsyɛ balɛ ɔmayɛ teli onu, alasɛ wɔ kaɖɔ ɖuɖɔ nɛ kebu wɔ akasɛ.”","When the war was over, and the people were returning to their towns, Petro's father said to him, ""Henceforth, you are the one who will take care of the family, because you are now the eldest in the family.""",gerhardt_676E558A_output (6),,2.9518250928744507,32.97415471202753,17.96298990245099
"where they stayed until Herod died. So the Lord's promise came true, just as the prophet had said, “I called my son out of Egypt.” The Killing of the Children","ɔkɛlɛ aza ɔdɔ nanɔ kibe lɛ gɛ Heroɖesɛ ebe tsi. Klɛ kɛ ba kɛlɛm anasɛ gɛ Apalete nɛ aɖɔ ganɔ atɔnu nɛa bha sɛ, “Nɛ Edzyibite mɛ ɛba kulu mɛ eyianyɛ nɛ denɔ.”","When they had finished talking, Herod's men came to arrest him. As they were about to seize him, the Apostles said to them, ""The one you are looking for is not here, he has already gone to his hometown.""",gerhardt_107423D8_output (9),,1.382212405645661,24.599555498357812,12.990883952001736
You cannot be the slave of two masters! You will like one more than the other or be more loyal to one than the other. You cannot serve both God and money. Worry (Luke,"“Anɔnyanɔ atɛ ba na axwɛ dɛ kɔ baka tɛabha. Aba ɖɔ teli adɛ teli, klɛ aba mɔ ɔhwɛ kɔ teli adɛ teli. Ɔtɛ bɔɔ na axwɛ dɛ kɔ Kpaya anɛ Ehoeyi. Tɛ Ganɛ Awɔ̃","The struggle is not for today only but for the future. Some people have their own version of history, others too have their own version of history. Today is for us and the future is for Kpaya and Ehoeyi. And the future is great",gerhardt_107423D8_output (9),,1.2370924497617575,21.49503421369814,11.366063331729949
"Jesus knew what they were thinking, so he said to them: Any kingdom where people fight each other will end up ruined. And a town or family that fights will soon destroy itself.","Yesu enyi balɛ atɔkpu nɛ mɛ so etsre alɛ asɛ, “Bukusiɔŋakɔ kanyaka gɛ bu ma kpɛ bupɛ tubha mɛ bu ba yɛɛ, klɛ ɔmagbla nɛ bupa kanyaka gɛ bu pɔɛhle nɛ aglɔ shu bu tɛ ba naa za.","When Jesus saw that the crowd was increasing, He said to (His) disciples, “Bring me a donkey and if anyone says anything (to you), you should say the Lord needs it and at once he will let you have it.",gerhardt_107423D8_output (9),,2.215443967446686,26.50619716310798,14.360820565277333
"You will be arrested, punished, and even killed. Because of me, you will be hated by people of all nations.","“Ɔkɛlɛ la ba yɛkɔ wɔnɔ akpɛ ahwɛ kɔ sɛ ba kpatɔnɔ klɛ be be yi nɔ, klɛ amadi nɛ petee atɛ ba pɛɛ wɔnɔɛ bui akpɛ mɛ so.","The elders also said that when they were going to farm, they would first go and consult the diviner before they went, and whatever he had said, that was what they would do.",gerhardt_107423D8_output (9),,2.5058623314122577,18.888342778694874,10.697102555053565
"A little while later some people standing there walked over to Peter and said, “We know you are one of them. We can tell it because you talk like someone from Galilee.”","Nɛ kɛlɛe de bɔɛ, banɔ nɛ gɛ be li kititi nɛ ɔkɛlɛ nɛ ba tɔnɔ Petro avɛ klɛ ba ɖɔ asɛ, “Tutuutu wɔ tsyɛ balɛ ɔmayɛ teli onu, alasɛ wɔ kaɖɔ ɖuɖɔ nɛ kebu wɔ akasɛ.”","This is the day that the Lord has made, let us rejoice and be glad in it, so the crowd and Peter's people said, ""Truly He is the Saviour of the world, that is why we have come to worship and praise Him today.""",gerhardt_107423D8_output (9),,2.0207176067551376,23.238071843198053,12.629394724976596
"where they stayed until Herod died. So the Lord's promise came true, just as the prophet had said, “I called my son out of Egypt.” The Killing of the Children","ɔkɛlɛ aza ɔdɔ nanɔ kibe lɛ gɛ Heroɖesɛ ebe tsi. Klɛ kɛ ba kɛlɛm anasɛ gɛ Apalete nɛ aɖɔ ganɔ atɔnu nɛa bha sɛ, “Nɛ Edzyibite mɛ ɛba kulu mɛ eyianyɛ nɛ denɔ.”","When they had finished talking, Herod's men came to arrest him. As they were about to seize him, the Apostles said to them, ""The one you are looking for is not here, he has already gone to his hometown.""",gerhardt_E4F773B6_output (3),,1.382212405645661,24.599555498357812,12.990883952001736
You cannot be the slave of two masters! You will like one more than the other or be more loyal to one than the other. You cannot serve both God and money. Worry (Luke,"“Anɔnyanɔ atɛ ba na axwɛ dɛ kɔ baka tɛabha. Aba ɖɔ teli adɛ teli, klɛ aba mɔ ɔhwɛ kɔ teli adɛ teli. Ɔtɛ bɔɔ na axwɛ dɛ kɔ Kpaya anɛ Ehoeyi. Tɛ Ganɛ Awɔ̃","There is a saying that when a stranger comes to the house you welcome him. If you don't have anything to give him to eat, at least you can give him water to drink. It is said that when a stranger comes to the house you welcome him with a Kpaya and Ehoeyi. Says Gan Awɔ̃",gerhardt_E4F773B6_output (3),,0.9460547950971884,20.626788095936853,10.786421445517021
"Jesus knew what they were thinking, so he said to them: Any kingdom where people fight each other will end up ruined. And a town or family that fights will soon destroy itself.","Yesu enyi balɛ atɔkpu nɛ mɛ so etsre alɛ asɛ, “Bukusiɔŋakɔ kanyaka gɛ bu ma kpɛ bupɛ tubha mɛ bu ba yɛɛ, klɛ ɔmagbla nɛ bupa kanyaka gɛ bu pɔɛhle nɛ aglɔ shu bu tɛ ba naa za.","When Jesus saw that the crowd was increasing, he said to his disciples, ""I have compassion for these people because they have been with me for three days and have nothing to eat, and I do not want to send them away hungry lest they faint on the way.",gerhardt_E4F773B6_output (3),,3.387967321512779,29.037055167101595,16.212511244307187
"You will be arrested, punished, and even killed. Because of me, you will be hated by people of all nations.","“Ɔkɛlɛ la ba yɛkɔ wɔnɔ akpɛ ahwɛ kɔ sɛ ba kpatɔnɔ klɛ be be yi nɔ, klɛ amadi nɛ petee atɛ ba pɛɛ wɔnɔɛ bui akpɛ mɛ so.","When the day breaks, they will go and catch the fish and when they have finished, they will share it among themselves and the chief will also take his share.",gerhardt_E4F773B6_output (3),,1.7577459356554812,21.700461866311688,11.729103900983585
"A little while later some people standing there walked over to Peter and said, “We know you are one of them. We can tell it because you talk like someone from Galilee.”","Nɛ kɛlɛe de bɔɛ, banɔ nɛ gɛ be li kititi nɛ ɔkɛlɛ nɛ ba tɔnɔ Petro avɛ klɛ ba ɖɔ asɛ, “Tutuutu wɔ tsyɛ balɛ ɔmayɛ teli onu, alasɛ wɔ kaɖɔ ɖuɖɔ nɛ kebu wɔ akasɛ.”","When the matter was over, the people all gathered at Petro's house and said, ""We have really understood the white man's work, because we have now eaten the white man's food and received his money.""",gerhardt_E4F773B6_output (3),,4.259410369301384,29.874884978368755,17.06714767383507
"where they stayed until Herod died. So the Lord's promise came true, just as the prophet had said, “I called my son out of Egypt.” The Killing of the Children","ɔkɛlɛ aza ɔdɔ nanɔ kibe lɛ gɛ Heroɖesɛ ebe tsi. Klɛ kɛ ba kɛlɛm anasɛ gɛ Apalete nɛ aɖɔ ganɔ atɔnu nɛa bha sɛ, “Nɛ Edzyibite mɛ ɛba kulu mɛ eyianyɛ nɛ denɔ.”","When they had finished talking, Herod's men came to arrest him. As they were about to seize him, the Apostles told them, ""If it is the Lord's will that this man should die, he will surely die.""",john_B0DBB2CB_output (4),,2.4315419644986367,27.426814964928177,14.929178464713406
You cannot be the slave of two masters! You will like one more than the other or be more loyal to one than the other. You cannot serve both God and money. Worry (Luke,"“Anɔnyanɔ atɛ ba na axwɛ dɛ kɔ baka tɛabha. Aba ɖɔ teli adɛ teli, klɛ aba mɔ ɔhwɛ kɔ teli adɛ teli. Ɔtɛ bɔɔ na axwɛ dɛ kɔ Kpaya anɛ Ehoeyi. Tɛ Ganɛ Awɔ̃","The day will come when the white man will go back home. Some say it is on this day, others say it is on that day, but we know it is on that day. It is said that the white man will go back to his Kpaya land, Ehoeyi. Says Gan Awɔ̃",john_B0DBB2CB_output (4),,0.9795563576098021,19.11642510010483,10.047990728857316
"Jesus knew what they were thinking, so he said to them: Any kingdom where people fight each other will end up ruined. And a town or family that fights will soon destroy itself.","Yesu enyi balɛ atɔkpu nɛ mɛ so etsre alɛ asɛ, “Bukusiɔŋakɔ kanyaka gɛ bu ma kpɛ bupɛ tubha mɛ bu ba yɛɛ, klɛ ɔmagbla nɛ bupa kanyaka gɛ bu pɔɛhle nɛ aglɔ shu bu tɛ ba naa za.","When Jesus saw that the crowd was increasing, he said to his disciples, ""I have compassion for these people because they have been with me for three days and have nothing to eat,",john_B0DBB2CB_output (4),,4.739796546500556,27.437865268924067,16.08883090771231
"You will be arrested, punished, and even killed. Because of me, you will be hated by people of all nations.","“Ɔkɛlɛ la ba yɛkɔ wɔnɔ akpɛ ahwɛ kɔ sɛ ba kpatɔnɔ klɛ be be yi nɔ, klɛ amadi nɛ petee atɛ ba pɛɛ wɔnɔɛ bui akpɛ mɛ so.","The elders also said that when they were young, there was a time when famine was so severe that people used to go to the bush to search for something to eat.",john_B0DBB2CB_output (4),,1.432548017297354,19.654650447814348,10.54359923255585
"A little while later some people standing there walked over to Peter and said, “We know you are one of them. We can tell it because you talk like someone from Galilee.”","Nɛ kɛlɛe de bɔɛ, banɔ nɛ gɛ be li kititi nɛ ɔkɛlɛ nɛ ba tɔnɔ Petro avɛ klɛ ba ɖɔ asɛ, “Tutuutu wɔ tsyɛ balɛ ɔmayɛ teli onu, alasɛ wɔ kaɖɔ ɖuɖɔ nɛ kebu wɔ akasɛ.”","That day had not yet dawned, but they were already discussing secretly among themselves that if Peter were to come to them with the news, “We have really seen the sign of the resurrection of our Lord,” they would not believe him.",john_B0DBB2CB_output (4),,2.198466134297366,24.68361785835915,13.441041996328257
"where they stayed until Herod died. So the Lord's promise came true, just as the prophet had said, “I called my son out of Egypt.” The Killing of the Children","ɔkɛlɛ aza ɔdɔ nanɔ kibe lɛ gɛ Heroɖesɛ ebe tsi. Klɛ kɛ ba kɛlɛm anasɛ gɛ Apalete nɛ aɖɔ ganɔ atɔnu nɛa bha sɛ, “Nɛ Edzyibite mɛ ɛba kulu mɛ eyianyɛ nɛ denɔ.”","When they had finished talking, Herod said to them, ""Go and tell that fox, I have cast out demons and performed cures today and tomorrow, and on the third day I finish my work.""",gerhardt_E32D1C1E_output_mzX2S5,,1.5923260261139631,23.475024709066115,12.533675367590039
You cannot be the slave of two masters! You will like one more than the other or be more loyal to one than the other. You cannot serve both God and money. Worry (Luke,"“Anɔnyanɔ atɛ ba na axwɛ dɛ kɔ baka tɛabha. Aba ɖɔ teli adɛ teli, klɛ aba mɔ ɔhwɛ kɔ teli adɛ teli. Ɔtɛ bɔɔ na axwɛ dɛ kɔ Kpaya anɛ Ehoeyi. Tɛ Ganɛ Awɔ̃","The day will come when the white man will go back home. Some people say it is not yet time, but others say it is already time. The day will come when the white man will go back to his home in Europe. When Gan Awɔ̃",gerhardt_E32D1C1E_output_mzX2S5,,1.141212511111281,18.994924121704173,10.068068316407727
"Jesus knew what they were thinking, so he said to them: Any kingdom where people fight each other will end up ruined. And a town or family that fights will soon destroy itself.","Yesu enyi balɛ atɔkpu nɛ mɛ so etsre alɛ asɛ, “Bukusiɔŋakɔ kanyaka gɛ bu ma kpɛ bupɛ tubha mɛ bu ba yɛɛ, klɛ ɔmagbla nɛ bupa kanyaka gɛ bu pɔɛhle nɛ aglɔ shu bu tɛ ba naa za.","When Jesus saw that the crowd was increasing, He said, ""This generation is wicked, they seek a sign and there shall be no sign given to them except the sign of Jonah.""",gerhardt_E32D1C1E_output_mzX2S5,,2.822923857805611,24.495038969405844,13.658981413605726
"You will be arrested, punished, and even killed. Because of me, you will be hated by people of all nations.","“Ɔkɛlɛ la ba yɛkɔ wɔnɔ akpɛ ahwɛ kɔ sɛ ba kpatɔnɔ klɛ be be yi nɔ, klɛ amadi nɛ petee atɛ ba pɛɛ wɔnɔɛ bui akpɛ mɛ so.","The elders also said that when they were young, there was a time when famine was so severe that people used to go to the bush to search for something to eat and even the chief's wives also went to the bush to search for food.",gerhardt_E32D1C1E_output_mzX2S5,,1.9126814422004574,21.636802256072926,11.774741849136692
"A little while later some people standing there walked over to Peter and said, “We know you are one of them. We can tell it because you talk like someone from Galilee.”","Nɛ kɛlɛe de bɔɛ, banɔ nɛ gɛ be li kititi nɛ ɔkɛlɛ nɛ ba tɔnɔ Petro avɛ klɛ ba ɖɔ asɛ, “Tutuutu wɔ tsyɛ balɛ ɔmayɛ teli onu, alasɛ wɔ kaɖɔ ɖuɖɔ nɛ kebu wɔ akasɛ.”","That day had not yet dawned, but when the day broke, they went and called their father Petro to come to the meeting and he was told, “Exactly as you said it would be, that is how it has turned out, because you said we should not eat it and now it has spoiled.”",gerhardt_E32D1C1E_output_mzX2S5,,2.113706726725864,25.646831984556336,13.8802693556411
"where they stayed until Herod died. So the Lord's promise came true, just as the prophet had said, “I called my son out of Egypt.” The Killing of the Children","ɔkɛlɛ aza ɔdɔ nanɔ kibe lɛ gɛ Heroɖesɛ ebe tsi. Klɛ kɛ ba kɛlɛm anasɛ gɛ Apalete nɛ aɖɔ ganɔ atɔnu nɛa bha sɛ, “Nɛ Edzyibite mɛ ɛba kulu mɛ eyianyɛ nɛ denɔ.”","When they had finished talking, Herod's soldiers came there. They asked them saying, “Didn't we tell you that if you went to Edzibite you would not find him there?”",gerhardt_145C11AE_output (2),,1.719214308992225,25.30521472017252,13.512214514582372
You cannot be the slave of two masters! You will like one more than the other or be more loyal to one than the other. You cannot serve both God and money. Worry (Luke,"“Anɔnyanɔ atɛ ba na axwɛ dɛ kɔ baka tɛabha. Aba ɖɔ teli adɛ teli, klɛ aba mɔ ɔhwɛ kɔ teli adɛ teli. Ɔtɛ bɔɔ na axwɛ dɛ kɔ Kpaya anɛ Ehoeyi. Tɛ Ganɛ Awɔ̃",There was a great famine and the farm was not productive again. Some people had plenty of food while others had none at all. The great famine was so severe that it was even reported to Kpaya and Ehoeyi. By Gan and Awɔ̃,gerhardt_145C11AE_output (2),,1.2438555540747176,21.51378523384649,11.378820393960604
"Jesus knew what they were thinking, so he said to them: Any kingdom where people fight each other will end up ruined. And a town or family that fights will soon destroy itself.","Yesu enyi balɛ atɔkpu nɛ mɛ so etsre alɛ asɛ, “Bukusiɔŋakɔ kanyaka gɛ bu ma kpɛ bupɛ tubha mɛ bu ba yɛɛ, klɛ ɔmagbla nɛ bupa kanyaka gɛ bu pɔɛhle nɛ aglɔ shu bu tɛ ba naa za.","When Jesus saw that the crowd was increasing, he said to his disciples, ""Come and let us cross to the other side, for I have a message to preach to them, and I must not be hindered.",gerhardt_145C11AE_output (2),,4.743866035456086,27.938417979790408,16.341142007623247
"You will be arrested, punished, and even killed. Because of me, you will be hated by people of all nations.","“Ɔkɛlɛ la ba yɛkɔ wɔnɔ akpɛ ahwɛ kɔ sɛ ba kpatɔnɔ klɛ be be yi nɔ, klɛ amadi nɛ petee atɛ ba pɛɛ wɔnɔɛ bui akpɛ mɛ so.","The elders also said that when they were young, there was no farming, everyone went to the bush to hunt and that was how they got their meat to eat.",gerhardt_145C11AE_output (2),,1.5883027492953543,16.340285712905693,8.964294231100524
"A little while later some people standing there walked over to Peter and said, “We know you are one of them. We can tell it because you talk like someone from Galilee.”","Nɛ kɛlɛe de bɔɛ, banɔ nɛ gɛ be li kititi nɛ ɔkɛlɛ nɛ ba tɔnɔ Petro avɛ klɛ ba ɖɔ asɛ, “Tutuutu wɔ tsyɛ balɛ ɔmayɛ teli onu, alasɛ wɔ kaɖɔ ɖuɖɔ nɛ kebu wɔ akasɛ.”","When the war was over, and the people were going about their normal activities, Petro and his elders said that in the future there would be no more war, because they had now understood the meaning of peace and would maintain it henceforth.",gerhardt_145C11AE_output (2),,1.382212405645661,27.467215394636952,14.424713900141306
"where they stayed until Herod died. So the Lord's promise came true, just as the prophet had said, “I called my son out of Egypt.” The Killing of the Children","ɔkɛlɛ aza ɔdɔ nanɔ kibe lɛ gɛ Heroɖesɛ ebe tsi. Klɛ kɛ ba kɛlɛm anasɛ gɛ Apalete nɛ aɖɔ ganɔ atɔnu nɛa bha sɛ, “Nɛ Edzyibite mɛ ɛba kulu mɛ eyianyɛ nɛ denɔ.”","When they had finished talking, Herod's soldiers came there. They asked them and they told them that the one who was born king of the Jews was in Bethlehem.",gerhardt_087BEB88_output_loRIsq,,3.076559309247626,25.542575355975817,14.30956733261172
You cannot be the slave of two masters! You will like one more than the other or be more loyal to one than the other. You cannot serve both God and money. Worry (Luke,"“Anɔnyanɔ atɛ ba na axwɛ dɛ kɔ baka tɛabha. Aba ɖɔ teli adɛ teli, klɛ aba mɔ ɔhwɛ kɔ teli adɛ teli. Ɔtɛ bɔɔ na axwɛ dɛ kɔ Kpaya anɛ Ehoeyi. Tɛ Ganɛ Awɔ̃","The day will come when we will be fed with fufu again. Some people say it is not good, others also say it is not good, but we will be fed with fufu again one day. It will be a day of great rejoicing for Ehoeyi and Kpaya. The day of Gan and Awɔ̃",gerhardt_087BEB88_output_loRIsq,,1.0342887033450927,18.84714987259628,9.940719287970687
"Jesus knew what they were thinking, so he said to them: Any kingdom where people fight each other will end up ruined. And a town or family that fights will soon destroy itself.","Yesu enyi balɛ atɔkpu nɛ mɛ so etsre alɛ asɛ, “Bukusiɔŋakɔ kanyaka gɛ bu ma kpɛ bupɛ tubha mɛ bu ba yɛɛ, klɛ ɔmagbla nɛ bupa kanyaka gɛ bu pɔɛhle nɛ aglɔ shu bu tɛ ba naa za.","When Jesus saw the crowd around him, he told his disciples, ""Prepare for me to eat the Passover meal with my disciples before I suffer.""",gerhardt_087BEB88_output_loRIsq,,1.4701168875451789,18.11619918202195,9.793158034783565
"You will be arrested, punished, and even killed. Because of me, you will be hated by people of all nations.","“Ɔkɛlɛ la ba yɛkɔ wɔnɔ akpɛ ahwɛ kɔ sɛ ba kpatɔnɔ klɛ be be yi nɔ, klɛ amadi nɛ petee atɛ ba pɛɛ wɔnɔɛ bui akpɛ mɛ so.","The elders also said that when they were young, there was a time when there was nothing at all, and even the white man had not come to their land.",gerhardt_087BEB88_output_loRIsq,,4.971656282820335,19.892811458614293,12.432233870717313
"A little while later some people standing there walked over to Peter and said, “We know you are one of them. We can tell it because you talk like someone from Galilee.”","Nɛ kɛlɛe de bɔɛ, banɔ nɛ gɛ be li kititi nɛ ɔkɛlɛ nɛ ba tɔnɔ Petro avɛ klɛ ba ɖɔ asɛ, “Tutuutu wɔ tsyɛ balɛ ɔmayɛ teli onu, alasɛ wɔ kaɖɔ ɖuɖɔ nɛ kebu wɔ akasɛ.”","When the war was over, and the people were going back to their homes, Petro and his elders said that they should not forget what had happened, because it was a great lesson to them.",gerhardt_087BEB88_output_loRIsq,,2.8209110765918006,27.280066298064714,15.050488687328258
"Suddenly a Canaanite woman from there came out shouting, “Lord and Son of David, have pity on me! My daughter is full of demons.”","Kananaɛtɛ dzi teli gɛ ede kibé lɛ nɛ aba yɛ ɔkɔ, nɛ iyuyo asɛ, “Apalete, Daviti yɛ Eyi, di mɛ eshutukubui! Mɛ eyiadzɛ aatɔ tsutsɔmɔ tsɔmɔ nɛ ɔfufɔɛkpã gɛ otsri yɛa bha nɛ mɛ.”","The chiefs sent a message to King David, saying, “The king, we are your servants! Come quickly and save us! When will you come to our rescue and protect us from our enemies?”",output_mich002,0.47311944,2.5984987978515033,22.952313384679425,12.775406091265463
"I brought him to your disciples, but none of them could heal him.”","Ɛyɛkɔ yɛ ɛmɛna wɔ badɔkpasɛ, pɔ ba dɛ na yɛ bunya nu beke.”","“Let us go and prepare a bad drink, so that we can take it and go and get drunk.”",output_mich002,0.16500911,3.8229746997386345,10.470354856097964,7.1466647779183
Do something to show you have really given up your sins.,No yu eyuyu anɛ kitemtsyitsyina nyɛnyɛna vunɔm.,You are not listening to what I am saying.,output_mich002,0.07437216,4.085507150363302,16.677428126479793,10.381467638421547
"He was in the stomach of a big fish for three days and nights, just as the Son of Man will be deep in the earth for three days and nights.","Alasɛ kana gɛ Yona aza kɛkpãgbla nɛ ɛya mɛ ewi tata nɛ itumu tɛta, kana Anɔdzyrame Yeyi nɛ tsyɛ aba za tisim ewi tata nɛ itumu tɛta.","The chiefs of Kana and Yona are the ones who started it, and it has brought us to where we are today, and Anɔdzyrame Yeyi was not the one who started this war and brought us to where we are today.",output_mich002,0.05334464,1.3995516592202837,21.91443570367788,11.656993681449082
"to ask Jesus, “Are you the one we should be looking for? Or must we wait for someone else?”","tɛ be bisi yɛ asɛ, “Wɔ onu agɛ ba sɛ aba ba, pɛnɔɔ bu di anɔ bhlatɔɛ dzoenu?”","What do you want to eat, “You have come to eat or what, do you want to eat fufu with peanut soup?”",output_mich002,0.32124344,3.632928877985223,14.286756049002259,8.959842463493741
"where they stayed until Herod died. So the Lord's promise came true, just as the prophet had said, “I called my son out of Egypt.” The Killing of the Children","ɔkɛlɛ aza ɔdɔ nanɔ kibe lɛ gɛ Heroɖesɛ ebe tsi. Klɛ kɛ ba kɛlɛm anasɛ gɛ Apalete nɛ aɖɔ ganɔ atɔnu nɛa bha sɛ, “Nɛ Edzyibite mɛ ɛba kulu mɛ eyianyɛ nɛ denɔ.”","When they had finished talking, Herod's soldiers came there. Then they went and told the Governor that the Apostles had escaped from prison, saying, ""The men you imprisoned have come out and are standing there.""",john_C904F397_output (2),,1.590427005411773,25.373875636097214,13.482151320754493
You cannot be the slave of two masters! You will like one more than the other or be more loyal to one than the other. You cannot serve both God and money. Worry (Luke,"“Anɔnyanɔ atɛ ba na axwɛ dɛ kɔ baka tɛabha. Aba ɖɔ teli adɛ teli, klɛ aba mɔ ɔhwɛ kɔ teli adɛ teli. Ɔtɛ bɔɔ na axwɛ dɛ kɔ Kpaya anɛ Ehoeyi. Tɛ Ganɛ Awɔ̃","There is a dispute between the in-laws and we are unable to resolve it. They say they have a right, we also say we have a right, in fact we say they have a right, we also say we have a right. The issue is between the in-laws and Kpaya alias Ehoeyi. Says Gan alias Awɔ̃",john_C904F397_output (2),,0.9147693871438455,17.1656763898362,9.040222888490023
"Jesus knew what they were thinking, so he said to them: Any kingdom where people fight each other will end up ruined. And a town or family that fights will soon destroy itself.","Yesu enyi balɛ atɔkpu nɛ mɛ so etsre alɛ asɛ, “Bukusiɔŋakɔ kanyaka gɛ bu ma kpɛ bupɛ tubha mɛ bu ba yɛɛ, klɛ ɔmagbla nɛ bupa kanyaka gɛ bu pɔɛhle nɛ aglɔ shu bu tɛ ba naa za.","When Jesus saw that the crowd was increasing, He said to (His) disciples, “Bring me a donkey and if anyone says anything (to you), you should say the Lord needs it and straight away they will send (it).",john_C904F397_output (2),,2.215443967446686,27.503057823984474,14.85925089571558
"You will be arrested, punished, and even killed. Because of me, you will be hated by people of all nations.","“Ɔkɛlɛ la ba yɛkɔ wɔnɔ akpɛ ahwɛ kɔ sɛ ba kpatɔnɔ klɛ be be yi nɔ, klɛ amadi nɛ petee atɛ ba pɛɛ wɔnɔɛ bui akpɛ mɛ so.","The elders also said that when they were young, there was a time when famine was so severe that people used to go to the bush to search for something to eat.",john_C904F397_output (2),,1.432548017297354,19.654650447814348,10.54359923255585
"A little while later some people standing there walked over to Peter and said, “We know you are one of them. We can tell it because you talk like someone from Galilee.”","Nɛ kɛlɛe de bɔɛ, banɔ nɛ gɛ be li kititi nɛ ɔkɛlɛ nɛ ba tɔnɔ Petro avɛ klɛ ba ɖɔ asɛ, “Tutuutu wɔ tsyɛ balɛ ɔmayɛ teli onu, alasɛ wɔ kaɖɔ ɖuɖɔ nɛ kebu wɔ akasɛ.”","When the war was over, and the people were going about their normal activities, Petro and his elders said that from now on, they would not be able to farm on Tuesdays because they had sworn an oath to do so.",john_C904F397_output (2),,1.4082180278396284,27.207881546256946,14.308049787048287
"where they stayed until Herod died. So the Lord's promise came true, just as the prophet had said, “I called my son out of Egypt.” The Killing of the Children","ɔkɛlɛ aza ɔdɔ nanɔ kibe lɛ gɛ Heroɖesɛ ebe tsi. Klɛ kɛ ba kɛlɛm anasɛ gɛ Apalete nɛ aɖɔ ganɔ atɔnu nɛa bha sɛ, “Nɛ Edzyibite mɛ ɛba kulu mɛ eyianyɛ nɛ denɔ.”","When they had finished talking, Herod's soldiers came there. They asked them saying, “Didn't I tell you that if you went to Bethlehem you would find him there?”",onesimus_E33AE420_Dec 11 output,,1.7193802037063912,25.424792006966886,13.572086105336638
You cannot be the slave of two masters! You will like one more than the other or be more loyal to one than the other. You cannot serve both God and money. Worry (Luke,"“Anɔnyanɔ atɛ ba na axwɛ dɛ kɔ baka tɛabha. Aba ɖɔ teli adɛ teli, klɛ aba mɔ ɔhwɛ kɔ teli adɛ teli. Ɔtɛ bɔɔ na axwɛ dɛ kɔ Kpaya anɛ Ehoeyi. Tɛ Ganɛ Awɔ̃","The struggle will soon be over and we will go back home. Some people have money and some don't, but those who don't have money will also have it one day. It will soon be over and we will return home to Kpaya with Ehoeyi. Ganɛ Awɔ̃",onesimus_E33AE420_Dec 11 output,,1.2374317627020204,21.7261602031011,11.48179598290156
"Jesus knew what they were thinking, so he said to them: Any kingdom where people fight each other will end up ruined. And a town or family that fights will soon destroy itself.","Yesu enyi balɛ atɔkpu nɛ mɛ so etsre alɛ asɛ, “Bukusiɔŋakɔ kanyaka gɛ bu ma kpɛ bupɛ tubha mɛ bu ba yɛɛ, klɛ ɔmagbla nɛ bupa kanyaka gɛ bu pɔɛhle nɛ aglɔ shu bu tɛ ba naa za.","When Jesus saw that the crowd gathered around him, he said to his disciples, ""Decongest this crowd so that I may give them something to eat, for they have been here with me for three days and have nothing to eat.",onesimus_E33AE420_Dec 11 output,,3.997395604823097,27.358551072075,15.677973338449048
"You will be arrested, punished, and even killed. Because of me, you will be hated by people of all nations.","“Ɔkɛlɛ la ba yɛkɔ wɔnɔ akpɛ ahwɛ kɔ sɛ ba kpatɔnɔ klɛ be be yi nɔ, klɛ amadi nɛ petee atɛ ba pɛɛ wɔnɔɛ bui akpɛ mɛ so.","The elders also said that when they were young, there was a time when the land was completely barren and they suffered a lot before the chief rainmaker performed some rituals to bring about rain.",onesimus_E33AE420_Dec 11 output,,1.3113617852675474,18.753274853957336,10.032318319612441
"A little while later some people standing there walked over to Peter and said, “We know you are one of them. We can tell it because you talk like someone from Galilee.”","Nɛ kɛlɛe de bɔɛ, banɔ nɛ gɛ be li kititi nɛ ɔkɛlɛ nɛ ba tɔnɔ Petro avɛ klɛ ba ɖɔ asɛ, “Tutuutu wɔ tsyɛ balɛ ɔmayɛ teli onu, alasɛ wɔ kaɖɔ ɖuɖɔ nɛ kebu wɔ akasɛ.”","When the war was over, and the people were gathering in the church, Pastor Petro stood up and said to them, ""Completely, we have forgotten the past, because we have now eaten together and are reconciled.""",onesimus_E33AE420_Dec 11 output,,2.488793898877242,28.56945495980093,15.529124429339085
"where they stayed until Herod died. So the Lord's promise came true, just as the prophet had said, “I called my son out of Egypt.” The Killing of the Children","ɔkɛlɛ aza ɔdɔ nanɔ kibe lɛ gɛ Heroɖesɛ ebe tsi. Klɛ kɛ ba kɛlɛm anasɛ gɛ Apalete nɛ aɖɔ ganɔ atɔnu nɛa bha sɛ, “Nɛ Edzyibite mɛ ɛba kulu mɛ eyianyɛ nɛ denɔ.”","When they had finished talking, Herod's enemies went to Pilate and said, ""If you are a friend of Caesar, you will not let this man go free because he is against Caesar.""",onesimus_48E85B7F_Dec 09 output,,2.6510202602018675,22.67231969669067,12.66166997844627
You cannot be the slave of two masters! You will like one more than the other or be more loyal to one than the other. You cannot serve both God and money. Worry (Luke,"“Anɔnyanɔ atɛ ba na axwɛ dɛ kɔ baka tɛabha. Aba ɖɔ teli adɛ teli, klɛ aba mɔ ɔhwɛ kɔ teli adɛ teli. Ɔtɛ bɔɔ na axwɛ dɛ kɔ Kpaya anɛ Ehoeyi. Tɛ Ganɛ Awɔ̃","There is a story that was told in the past. It is said that there were two friends, and the two friends loved each other very much. It is said that in the past there was a man called Kpaya and his wife Ehoeyi. It is said that Ganɛ Awɔ̃",onesimus_48E85B7F_Dec 09 output,,1.132835149919304,20.51714079713612,10.824987973527712
"Jesus knew what they were thinking, so he said to them: Any kingdom where people fight each other will end up ruined. And a town or family that fights will soon destroy itself.","Yesu enyi balɛ atɔkpu nɛ mɛ so etsre alɛ asɛ, “Bukusiɔŋakɔ kanyaka gɛ bu ma kpɛ bupɛ tubha mɛ bu ba yɛɛ, klɛ ɔmagbla nɛ bupa kanyaka gɛ bu pɔɛhle nɛ aglɔ shu bu tɛ ba naa za.","When Jesus saw the crowd around him, he told his disciples, ""Let the little children come to me and do not stop them, for it is to such as these that the kingdom of God belongs.""",onesimus_48E85B7F_Dec 09 output,,1.4687168144827005,24.35955702715039,12.914136920816546
"You will be arrested, punished, and even killed. Because of me, you will be hated by people of all nations.","“Ɔkɛlɛ la ba yɛkɔ wɔnɔ akpɛ ahwɛ kɔ sɛ ba kpatɔnɔ klɛ be be yi nɔ, klɛ amadi nɛ petee atɛ ba pɛɛ wɔnɔɛ bui akpɛ mɛ so.","When the day breaks, they will go and catch the fish and when they have finished, they will share it among themselves, and the chief will also take his share from their catch.",onesimus_48E85B7F_Dec 09 output,,2.725770058666702,22.059986307613304,12.392878183140002
"A little while later some people standing there walked over to Peter and said, “We know you are one of them. We can tell it because you talk like someone from Galilee.”","Nɛ kɛlɛe de bɔɛ, banɔ nɛ gɛ be li kititi nɛ ɔkɛlɛ nɛ ba tɔnɔ Petro avɛ klɛ ba ɖɔ asɛ, “Tutuutu wɔ tsyɛ balɛ ɔmayɛ teli onu, alasɛ wɔ kaɖɔ ɖuɖɔ nɛ kebu wɔ akasɛ.”","This is the day that the Lord has made, let us rejoice and be glad in it, so the crowd and Peter's people shouted saying, ""Truly he is the savior of the world, because he came to save the world from sin.""",onesimus_48E85B7F_Dec 09 output,,1.2895624601712163,26.18754788556735,13.738555172869283
"where they stayed until Herod died. So the Lord's promise came true, just as the prophet had said, “I called my son out of Egypt.” The Killing of the Children","ɔkɛlɛ aza ɔdɔ nanɔ kibe lɛ gɛ Heroɖesɛ ebe tsi. Klɛ kɛ ba kɛlɛm anasɛ gɛ Apalete nɛ aɖɔ ganɔ atɔnu nɛa bha sɛ, “Nɛ Edzyibite mɛ ɛba kulu mɛ eyianyɛ nɛ denɔ.”","When they had finished talking, Herod's soldiers came there. Then they told the apostles and said, “If the one who lives in the spiritual realm comes to you, you should not believe him.”",Dec 01 output,,3.511091977922844,28.665899807225042,16.088495892573942
You cannot be the slave of two masters! You will like one more than the other or be more loyal to one than the other. You cannot serve both God and money. Worry (Luke,"“Anɔnyanɔ atɛ ba na axwɛ dɛ kɔ baka tɛabha. Aba ɖɔ teli adɛ teli, klɛ aba mɔ ɔhwɛ kɔ teli adɛ teli. Ɔtɛ bɔɔ na axwɛ dɛ kɔ Kpaya anɛ Ehoeyi. Tɛ Ganɛ Awɔ̃","The day will come when we will be happy again. We will have plenty to eat, and our farms will be very productive. The day will come when we will be happy again, like our ancestors Kpaya and Ehoeyi. Like Gan and Awɔ̃",Dec 01 output,,1.2790871709798768,18.61814044375092,9.9486138073654
"Jesus knew what they were thinking, so he said to them: Any kingdom where people fight each other will end up ruined. And a town or family that fights will soon destroy itself.","Yesu enyi balɛ atɔkpu nɛ mɛ so etsre alɛ asɛ, “Bukusiɔŋakɔ kanyaka gɛ bu ma kpɛ bupɛ tubha mɛ bu ba yɛɛ, klɛ ɔmagbla nɛ bupa kanyaka gɛ bu pɔɛhle nɛ aglɔ shu bu tɛ ba naa za.","When Jesus saw the crowd around him, he told his disciples, ""The harvest is great, but the workers are few, so ask the lord of the harvest to send out workers to his harvest.""",Dec 01 output,,2.3569062221449553,20.03071471076017,11.193810466452561
"You will be arrested, punished, and even killed. Because of me, you will be hated by people of all nations.","“Ɔkɛlɛ la ba yɛkɔ wɔnɔ akpɛ ahwɛ kɔ sɛ ba kpatɔnɔ klɛ be be yi nɔ, klɛ amadi nɛ petee atɛ ba pɛɛ wɔnɔɛ bui akpɛ mɛ so.","The elders also said that when they were young, they used to go and farm, and when the farm was good, they would all go to the bush together to hunt.",Dec 01 output,,2.7794738724637273,17.409619556377024,10.094546714420375
"A little while later some people standing there walked over to Peter and said, “We know you are one of them. We can tell it because you talk like someone from Galilee.”","Nɛ kɛlɛe de bɔɛ, banɔ nɛ gɛ be li kititi nɛ ɔkɛlɛ nɛ ba tɔnɔ Petro avɛ klɛ ba ɖɔ asɛ, “Tutuutu wɔ tsyɛ balɛ ɔmayɛ teli onu, alasɛ wɔ kaɖɔ ɖuɖɔ nɛ kebu wɔ akasɛ.”","When the day broke, after the people had eaten, they all went to where Petro was and prostrated before him saying, “We are very sorry for what happened in the past, because we did not know you were a great person.”",Dec 01 output,,3.1331109054407618,28.708175106282873,15.920643005861818
"where they stayed until Herod died. So the Lord's promise came true, just as the prophet had said, “I called my son out of Egypt.” The Killing of the Children","ɔkɛlɛ aza ɔdɔ nanɔ kibe lɛ gɛ Heroɖesɛ ebe tsi. Klɛ kɛ ba kɛlɛm anasɛ gɛ Apalete nɛ aɖɔ ganɔ atɔnu nɛa bha sɛ, “Nɛ Edzyibite mɛ ɛba kulu mɛ eyianyɛ nɛ denɔ.”","When they had finished talking, Herod's enemies went to Pilate and said, ""If you are a friend of Caesar you will not let this man go because he is a trouble maker.""",gerhardt_80805CFE_output_7z6RFo,,2.725770058666702,23.099685610099808,12.912727834383254
You cannot be the slave of two masters! You will like one more than the other or be more loyal to one than the other. You cannot serve both God and money. Worry (Luke,"“Anɔnyanɔ atɛ ba na axwɛ dɛ kɔ baka tɛabha. Aba ɖɔ teli adɛ teli, klɛ aba mɔ ɔhwɛ kɔ teli adɛ teli. Ɔtɛ bɔɔ na axwɛ dɛ kɔ Kpaya anɛ Ehoeyi. Tɛ Ganɛ Awɔ̃","The day will come when the house will be broken again. Some people have their own ways, and others also have their own ways, just like some people have their own ways. It is said that the house will be broken by Kpaya and Ehoeyi. By Gan and Awɔ̃",gerhardt_80805CFE_output_7z6RFo,,1.166688310633438,21.808950516391818,11.487819413512629
"Jesus knew what they were thinking, so he said to them: Any kingdom where people fight each other will end up ruined. And a town or family that fights will soon destroy itself.","Yesu enyi balɛ atɔkpu nɛ mɛ so etsre alɛ asɛ, “Bukusiɔŋakɔ kanyaka gɛ bu ma kpɛ bupɛ tubha mɛ bu ba yɛɛ, klɛ ɔmagbla nɛ bupa kanyaka gɛ bu pɔɛhle nɛ aglɔ shu bu tɛ ba naa za.","When Jesus saw the crowd around him, he said to his disciples, ""I pity this crowd because they have nothing to eat and are far from home.""",gerhardt_80805CFE_output_7z6RFo,,4.564658228832363,22.30013721470738,13.432397721769872
"You will be arrested, punished, and even killed. Because of me, you will be hated by people of all nations.","“Ɔkɛlɛ la ba yɛkɔ wɔnɔ akpɛ ahwɛ kɔ sɛ ba kpatɔnɔ klɛ be be yi nɔ, klɛ amadi nɛ petee atɛ ba pɛɛ wɔnɔɛ bui akpɛ mɛ so.","The elders also said that when they were young, they used to go to the chief's house to drum, and everyone in the town would gather to dance and sing.",gerhardt_80805CFE_output_7z6RFo,,2.6711961764401657,19.521589782597864,11.096392979519015
"A little while later some people standing there walked over to Peter and said, “We know you are one of them. We can tell it because you talk like someone from Galilee.”","Nɛ kɛlɛe de bɔɛ, banɔ nɛ gɛ be li kititi nɛ ɔkɛlɛ nɛ ba tɔnɔ Petro avɛ klɛ ba ɖɔ asɛ, “Tutuutu wɔ tsyɛ balɛ ɔmayɛ teli onu, alasɛ wɔ kaɖɔ ɖuɖɔ nɛ kebu wɔ akasɛ.”","This is the day that it happened, that day we were sitting in the kitchen and our father Petro came there and said thus, “Truly we have forgotten the old ways, because we have started doing foreign things and abandoning our own customs.”",gerhardt_80805CFE_output_7z6RFo,,2.5581743419597536,24.929686438030835,13.743930389995294
"where they stayed until Herod died. So the Lord's promise came true, just as the prophet had said, “I called my son out of Egypt.” The Killing of the Children","ɔkɛlɛ aza ɔdɔ nanɔ kibe lɛ gɛ Heroɖesɛ ebe tsi. Klɛ kɛ ba kɛlɛm anasɛ gɛ Apalete nɛ aɖɔ ganɔ atɔnu nɛa bha sɛ, “Nɛ Edzyibite mɛ ɛba kulu mɛ eyianyɛ nɛ denɔ.”","When they had finished talking, Herod's soldiers came there. After they came, they told the governor that the Apostles had escaped from the prison, so they said, ""The one we put in prison has escaped.""",output_JA-3,,2.6676719129038635,28.35409076059876,15.51088133675131
You cannot be the slave of two masters! You will like one more than the other or be more loyal to one than the other. You cannot serve both God and money. Worry (Luke,"“Anɔnyanɔ atɛ ba na axwɛ dɛ kɔ baka tɛabha. Aba ɖɔ teli adɛ teli, klɛ aba mɔ ɔhwɛ kɔ teli adɛ teli. Ɔtɛ bɔɔ na axwɛ dɛ kɔ Kpaya anɛ Ehoeyi. Tɛ Ganɛ Awɔ̃","The day will come when the white man will go back home. Some people say it is not yet time, but others say it is already time. The day will come when the white man will go back to his own land, Kpaya and Ehoeyi. Ganɛ Awɔ̃",output_JA-3,,1.139054792042459,19.164854782115135,10.151954787078797
"Jesus knew what they were thinking, so he said to them: Any kingdom where people fight each other will end up ruined. And a town or family that fights will soon destroy itself.","Yesu enyi balɛ atɔkpu nɛ mɛ so etsre alɛ asɛ, “Bukusiɔŋakɔ kanyaka gɛ bu ma kpɛ bupɛ tubha mɛ bu ba yɛɛ, klɛ ɔmagbla nɛ bupa kanyaka gɛ bu pɔɛhle nɛ aglɔ shu bu tɛ ba naa za.","[When Jesus saw the crowd around him, he gave orders to cross to the other side of the lake.",output_JA-3,,1.3670252992274416,15.595107510922986,8.481066405075214
"You will be arrested, punished, and even killed. Because of me, you will be hated by people of all nations.","“Ɔkɛlɛ la ba yɛkɔ wɔnɔ akpɛ ahwɛ kɔ sɛ ba kpatɔnɔ klɛ be be yi nɔ, klɛ amadi nɛ petee atɛ ba pɛɛ wɔnɔɛ bui akpɛ mɛ so.","The elders also said that when they were young, there was no farming, so they went hunting and when they returned, they would share the animals among the families.",output_JA-3,,1.6794256847485503,17.689021306812837,9.684223495780694
"A little while later some people standing there walked over to Peter and said, “We know you are one of them. We can tell it because you talk like someone from Galilee.”","Nɛ kɛlɛe de bɔɛ, banɔ nɛ gɛ be li kititi nɛ ɔkɛlɛ nɛ ba tɔnɔ Petro avɛ klɛ ba ɖɔ asɛ, “Tutuutu wɔ tsyɛ balɛ ɔmayɛ teli onu, alasɛ wɔ kaɖɔ ɖuɖɔ nɛ kebu wɔ akasɛ.”","That day had not yet dawned, but when the day broke, they went and called their father Petro to come to the meeting and said, “Truly we have been deceived by the white man, because we did not understand the document we signed.""",output_JA-3,,3.295828165685029,26.212300758845174,14.754064462265102
"where they stayed until Herod died. So the Lord's promise came true, just as the prophet had said, “I called my son out of Egypt.” The Killing of the Children","ɔkɛlɛ aza ɔdɔ nanɔ kibe lɛ gɛ Heroɖesɛ ebe tsi. Klɛ kɛ ba kɛlɛm anasɛ gɛ Apalete nɛ aɖɔ ganɔ atɔnu nɛa bha sɛ, “Nɛ Edzyibite mɛ ɛba kulu mɛ eyianyɛ nɛ denɔ.”","When they had finished talking, Herod's soldiers came there. Then one of the soldiers who was called Apalete, took a spear and stabbed him, saying, “If you are really the Saviour, save yourself.”",Dec 06 output,,3.333168744598931,28.14945984691291,15.741314295755922
You cannot be the slave of two masters! You will like one more than the other or be more loyal to one than the other. You cannot serve both God and money. Worry (Luke,"“Anɔnyanɔ atɛ ba na axwɛ dɛ kɔ baka tɛabha. Aba ɖɔ teli adɛ teli, klɛ aba mɔ ɔhwɛ kɔ teli adɛ teli. Ɔtɛ bɔɔ na axwɛ dɛ kɔ Kpaya anɛ Ehoeyi. Tɛ Ganɛ Awɔ̃","The day will come when we will be happy again. We will be dancing and there will be so much dancing that the ground will be dancing too. That day will be a great day, Kpaya and Ehoeyi. Gan and Awɔ̃",Dec 06 output,,1.3224637682882356,16.01752797900796,8.669995873648098
"Jesus knew what they were thinking, so he said to them: Any kingdom where people fight each other will end up ruined. And a town or family that fights will soon destroy itself.","Yesu enyi balɛ atɔkpu nɛ mɛ so etsre alɛ asɛ, “Bukusiɔŋakɔ kanyaka gɛ bu ma kpɛ bupɛ tubha mɛ bu ba yɛɛ, klɛ ɔmagbla nɛ bupa kanyaka gɛ bu pɔɛhle nɛ aglɔ shu bu tɛ ba naa za.","When Jesus saw that the crowd was increasing, He said to them, “This generation is a wicked generation; it seeks for a sign, and yet no sign shall be given to it but the sign of Jonah."" is not correct, a more accurate translation is:",Dec 06 output,,3.363998387433143,25.98522462270522,14.674611505069182
"You will be arrested, punished, and even killed. Because of me, you will be hated by people of all nations.","“Ɔkɛlɛ la ba yɛkɔ wɔnɔ akpɛ ahwɛ kɔ sɛ ba kpatɔnɔ klɛ be be yi nɔ, klɛ amadi nɛ petee atɛ ba pɛɛ wɔnɔɛ bui akpɛ mɛ so.","The elders also said that when they were young, there was a time when famine was so severe that people used to go to the bush to search for something to eat and they were unable to get anything to satisfy their hunger.",Dec 06 output,,1.1498052049318417,19.5289335575369,10.33936938123437
"A little while later some people standing there walked over to Peter and said, “We know you are one of them. We can tell it because you talk like someone from Galilee.”","Nɛ kɛlɛe de bɔɛ, banɔ nɛ gɛ be li kititi nɛ ɔkɛlɛ nɛ ba tɔnɔ Petro avɛ klɛ ba ɖɔ asɛ, “Tutuutu wɔ tsyɛ balɛ ɔmayɛ teli onu, alasɛ wɔ kaɖɔ ɖuɖɔ nɛ kebu wɔ akasɛ.”","When the matter was over, the people all gathered at Petro's house to discuss the issue, saying, ""In the future, we should not allow such a thing to happen again, because we have suffered a lot and our money has been wasted.""",Dec 06 output,,1.186050611017432,26.91692196578194,14.051486288399685
"where they stayed until Herod died. So the Lord's promise came true, just as the prophet had said, “I called my son out of Egypt.” The Killing of the Children","ɔkɛlɛ aza ɔdɔ nanɔ kibe lɛ gɛ Heroɖesɛ ebe tsi. Klɛ kɛ ba kɛlɛm anasɛ gɛ Apalete nɛ aɖɔ ganɔ atɔnu nɛa bha sɛ, “Nɛ Edzyibite mɛ ɛba kulu mɛ eyianyɛ nɛ denɔ.”","When they had finished talking, Herod's men came there. Before they came, the Apostles had already preached to the people and they said, “The one who sent us has come to save the world.”",onesimus_C6D92021_Dec 02 output,,3.419816740540656,28.71465333589519,16.067235038217923
You cannot be the slave of two masters! You will like one more than the other or be more loyal to one than the other. You cannot serve both God and money. Worry (Luke,"“Anɔnyanɔ atɛ ba na axwɛ dɛ kɔ baka tɛabha. Aba ɖɔ teli adɛ teli, klɛ aba mɔ ɔhwɛ kɔ teli adɛ teli. Ɔtɛ bɔɔ na axwɛ dɛ kɔ Kpaya anɛ Ehoeyi. Tɛ Ganɛ Awɔ̃","The day will come when the white man will go back home. Some say it is on this day, others say it is on that day, but we know it is on that day. It is said that the white man will go back home to Kpaya land, the Ehoeyi. The day is near",onesimus_C6D92021_Dec 02 output,,0.9832251722234908,19.91903785227564,10.451131512249566
"Jesus knew what they were thinking, so he said to them: Any kingdom where people fight each other will end up ruined. And a town or family that fights will soon destroy itself.","Yesu enyi balɛ atɔkpu nɛ mɛ so etsre alɛ asɛ, “Bukusiɔŋakɔ kanyaka gɛ bu ma kpɛ bupɛ tubha mɛ bu ba yɛɛ, klɛ ɔmagbla nɛ bupa kanyaka gɛ bu pɔɛhle nɛ aglɔ shu bu tɛ ba naa za.","When Jesus saw that the crowd was increasing, He said to (His) disciples, “Bring me a donkey and if anyone says anything (to you), you should say the Lord needs it and straight away they will send (it)",onesimus_C6D92021_Dec 02 output,,2.198466134297366,27.427851953158676,14.813159043728021
"You will be arrested, punished, and even killed. Because of me, you will be hated by people of all nations.","“Ɔkɛlɛ la ba yɛkɔ wɔnɔ akpɛ ahwɛ kɔ sɛ ba kpatɔnɔ klɛ be be yi nɔ, klɛ amadi nɛ petee atɛ ba pɛɛ wɔnɔɛ bui akpɛ mɛ so.","The elders also said that when they were young, they used to go and farm, and when they returned from the farm, they would relate the stories of the farm to their elders.",onesimus_C6D92021_Dec 02 output,,2.6227235705350953,17.76285996350261,10.192791767018853
"A little while later some people standing there walked over to Peter and said, “We know you are one of them. We can tell it because you talk like someone from Galilee.”","Nɛ kɛlɛe de bɔɛ, banɔ nɛ gɛ be li kititi nɛ ɔkɛlɛ nɛ ba tɔnɔ Petro avɛ klɛ ba ɖɔ asɛ, “Tutuutu wɔ tsyɛ balɛ ɔmayɛ teli onu, alasɛ wɔ kaɖɔ ɖuɖɔ nɛ kebu wɔ akasɛ.”","This is the day that the Lord has made, let us rejoice and be glad in it, and let us give thanks to our Lord Peter, saying, ""Truly you are a great hunter, because you have been able to catch this big animal and we are very happy.""",onesimus_C6D92021_Dec 02 output,,2.3077030055671215,24.21356348961772,13.26063324759242
"where they stayed until Herod died. So the Lord's promise came true, just as the prophet had said, “I called my son out of Egypt.” The Killing of the Children","ɔkɛlɛ aza ɔdɔ nanɔ kibe lɛ gɛ Heroɖesɛ ebe tsi. Klɛ kɛ ba kɛlɛm anasɛ gɛ Apalete nɛ aɖɔ ganɔ atɔnu nɛa bha sɛ, “Nɛ Edzyibite mɛ ɛba kulu mɛ eyianyɛ nɛ denɔ.”","When they had finished talking, Herod's enemies went to Pilate and complained to him. So Pilate asked them saying, “Is it not you Edzyibite people who brought him here?""",Jan output 1 ,,2.7820556720663396,22.923925979709946,12.852990825888142
You cannot be the slave of two masters! You will like one more than the other or be more loyal to one than the other. You cannot serve both God and money. Worry (Luke,"“Anɔnyanɔ atɛ ba na axwɛ dɛ kɔ baka tɛabha. Aba ɖɔ teli adɛ teli, klɛ aba mɔ ɔhwɛ kɔ teli adɛ teli. Ɔtɛ bɔɔ na axwɛ dɛ kɔ Kpaya anɛ Ehoeyi. Tɛ Ganɛ Awɔ̃","The day will come when the white man will go back home. Some say it is on this day, others say it is on that day, but we know it is on that day. It is said that the white man will go back home to Kpaya, not here. Says Gan Awɔ̃",Jan output 1 ,,0.9795563576098021,20.362173473275412,10.670864915442607
"Jesus knew what they were thinking, so he said to them: Any kingdom where people fight each other will end up ruined. And a town or family that fights will soon destroy itself.","Yesu enyi balɛ atɔkpu nɛ mɛ so etsre alɛ asɛ, “Bukusiɔŋakɔ kanyaka gɛ bu ma kpɛ bupɛ tubha mɛ bu ba yɛɛ, klɛ ɔmagbla nɛ bupa kanyaka gɛ bu pɔɛhle nɛ aglɔ shu bu tɛ ba naa za.","When Jesus saw the crowd around him, he told his disciples, ""Prepare for the journey and let us go to the other side.""",Jan output 1 ,,1.5154421980282393,18.566199351248734,10.040820774638487
"You will be arrested, punished, and even killed. Because of me, you will be hated by people of all nations.","“Ɔkɛlɛ la ba yɛkɔ wɔnɔ akpɛ ahwɛ kɔ sɛ ba kpatɔnɔ klɛ be be yi nɔ, klɛ amadi nɛ petee atɛ ba pɛɛ wɔnɔɛ bui akpɛ mɛ so.","When the day breaks, they will go and catch the fowl and prepare it, and when it is properly cooked, they will then take some and put it on the shrine.",Jan output 1 ,,2.8886790607758566,20.363106102442053,11.625892581608955
"A little while later some people standing there walked over to Peter and said, “We know you are one of them. We can tell it because you talk like someone from Galilee.”","Nɛ kɛlɛe de bɔɛ, banɔ nɛ gɛ be li kititi nɛ ɔkɛlɛ nɛ ba tɔnɔ Petro avɛ klɛ ba ɖɔ asɛ, “Tutuutu wɔ tsyɛ balɛ ɔmayɛ teli onu, alasɛ wɔ kaɖɔ ɖuɖɔ nɛ kebu wɔ akasɛ.”","When the war was over, the people went back to their various homes, and Pastor Petro and others were summoned to a court session where they were told, “You did very well during the war, that is why you have been rewarded with a chieftaincy title.”",Jan output 1 ,,1.9806835695592746,27.14966432322738,14.565173946393328
"where they stayed until Herod died. So the Lord's promise came true, just as the prophet had said, “I called my son out of Egypt.” The Killing of the Children","ɔkɛlɛ aza ɔdɔ nanɔ kibe lɛ gɛ Heroɖesɛ ebe tsi. Klɛ kɛ ba kɛlɛm anasɛ gɛ Apalete nɛ aɖɔ ganɔ atɔnu nɛa bha sɛ, “Nɛ Edzyibite mɛ ɛba kulu mɛ eyianyɛ nɛ denɔ.”","When they had finished talking, Herod's enemies came to him. After they had finished talking, the Apostles went out and preached in every town that, “Repent, for God is near and the kingdom is at hand.”",onesimus_5B146D14_Dec 05 output,,2.6102690624143405,23.777813725881707,13.194041394148023
You cannot be the slave of two masters! You will like one more than the other or be more loyal to one than the other. You cannot serve both God and money. Worry (Luke,"“Anɔnyanɔ atɛ ba na axwɛ dɛ kɔ baka tɛabha. Aba ɖɔ teli adɛ teli, klɛ aba mɔ ɔhwɛ kɔ teli adɛ teli. Ɔtɛ bɔɔ na axwɛ dɛ kɔ Kpaya anɛ Ehoeyi. Tɛ Ganɛ Awɔ̃","There is a dispute over whose farm is better, each person says his is better. One person says his is bigger, the other also says his is bigger. They will now go to the chief Kpaya and Ehoeyi to settle it. Ganɛ says...",onesimus_5B146D14_Dec 05 output,,2.0207176067551376,20.616100243135964,11.318408924945551
"Jesus knew what they were thinking, so he said to them: Any kingdom where people fight each other will end up ruined. And a town or family that fights will soon destroy itself.","Yesu enyi balɛ atɔkpu nɛ mɛ so etsre alɛ asɛ, “Bukusiɔŋakɔ kanyaka gɛ bu ma kpɛ bupɛ tubha mɛ bu ba yɛɛ, klɛ ɔmagbla nɛ bupa kanyaka gɛ bu pɔɛhle nɛ aglɔ shu bu tɛ ba naa za.","When Jesus saw that the crowd was increasing, He said to (His) disciples, “Bring me a donkey and if anyone says anything (to you), you should say the Lord needs it and straight away they will send (it).",onesimus_5B146D14_Dec 05 output,,2.215443967446686,27.503057823984474,14.85925089571558
"You will be arrested, punished, and even killed. Because of me, you will be hated by people of all nations.","“Ɔkɛlɛ la ba yɛkɔ wɔnɔ akpɛ ahwɛ kɔ sɛ ba kpatɔnɔ klɛ be be yi nɔ, klɛ amadi nɛ petee atɛ ba pɛɛ wɔnɔɛ bui akpɛ mɛ so.","When the day breaks, they will go and catch the fowl and prepare it well until it is done, and then the elders will eat it with the fowl's head on top.",onesimus_5B146D14_Dec 05 output,,2.7794738724637273,21.30267849904651,12.04107618575512
"A little while later some people standing there walked over to Peter and said, “We know you are one of them. We can tell it because you talk like someone from Galilee.”","Nɛ kɛlɛe de bɔɛ, banɔ nɛ gɛ be li kititi nɛ ɔkɛlɛ nɛ ba tɔnɔ Petro avɛ klɛ ba ɖɔ asɛ, “Tutuutu wɔ tsyɛ balɛ ɔmayɛ teli onu, alasɛ wɔ kaɖɔ ɖuɖɔ nɛ kebu wɔ akasɛ.”","This is the day that the Lord has made, we are happy because our brother Petro has been exonerated and we are celebrating, “Truly you have shown us great things today, otherwise we would have been dead but God has turned it around for us.”",onesimus_5B146D14_Dec 05 output,,2.062403823169552,21.965002214346146,12.013703018757848
"where they stayed until Herod died. So the Lord's promise came true, just as the prophet had said, “I called my son out of Egypt.” The Killing of the Children","ɔkɛlɛ aza ɔdɔ nanɔ kibe lɛ gɛ Heroɖesɛ ebe tsi. Klɛ kɛ ba kɛlɛm anasɛ gɛ Apalete nɛ aɖɔ ganɔ atɔnu nɛa bha sɛ, “Nɛ Edzyibite mɛ ɛba kulu mɛ eyianyɛ nɛ denɔ.”","When they had finished talking, Herod's men came to arrest him. As they were about to seize him, the Apostles said to him, “If it is the will of the Living God that I should go, no one can stop me.”",gerhardt_428C0151_output_jQjr1f,,2.8883078463727823,26.482359696004394,14.685333771188589
You cannot be the slave of two masters! You will like one more than the other or be more loyal to one than the other. You cannot serve both God and money. Worry (Luke,"“Anɔnyanɔ atɛ ba na axwɛ dɛ kɔ baka tɛabha. Aba ɖɔ teli adɛ teli, klɛ aba mɔ ɔhwɛ kɔ teli adɛ teli. Ɔtɛ bɔɔ na axwɛ dɛ kɔ Kpaya anɛ Ehoeyi. Tɛ Ganɛ Awɔ̃","The struggle will soon be over and we will go back home. Some people are happy, others are not happy. It will soon be over and we will go to our ancestors' land. The time of Gan and Awɔ̃",gerhardt_428C0151_output_jQjr1f,,1.4333000127883408,21.528174132547033,11.480737072667687
"Jesus knew what they were thinking, so he said to them: Any kingdom where people fight each other will end up ruined. And a town or family that fights will soon destroy itself.","Yesu enyi balɛ atɔkpu nɛ mɛ so etsre alɛ asɛ, “Bukusiɔŋakɔ kanyaka gɛ bu ma kpɛ bupɛ tubha mɛ bu ba yɛɛ, klɛ ɔmagbla nɛ bupa kanyaka gɛ bu pɔɛhle nɛ aglɔ shu bu tɛ ba naa za.","When Jesus saw that the crowd was increasing, he said to his disciples, ""Come and let us go to the other side of the lake, so that those who want to follow me can do so, and the storm that is brewing will not catch us unprepared.",gerhardt_428C0151_output_jQjr1f,,3.8222401165669746,29.605534495580315,16.713887306073644
"You will be arrested, punished, and even killed. Because of me, you will be hated by people of all nations.","“Ɔkɛlɛ la ba yɛkɔ wɔnɔ akpɛ ahwɛ kɔ sɛ ba kpatɔnɔ klɛ be be yi nɔ, klɛ amadi nɛ petee atɛ ba pɛɛ wɔnɔɛ bui akpɛ mɛ so.","The day broke and they went to the farm to hoe, when they had hoed a little while, the owner of the farm came and they all went to greet him.",gerhardt_428C0151_output_jQjr1f,,1.7035962947530545,15.891920238049243,8.797758266401148
"A little while later some people standing there walked over to Peter and said, “We know you are one of them. We can tell it because you talk like someone from Galilee.”","Nɛ kɛlɛe de bɔɛ, banɔ nɛ gɛ be li kititi nɛ ɔkɛlɛ nɛ ba tɔnɔ Petro avɛ klɛ ba ɖɔ asɛ, “Tutuutu wɔ tsyɛ balɛ ɔmayɛ teli onu, alasɛ wɔ kaɖɔ ɖuɖɔ nɛ kebu wɔ akasɛ.”","When the war was over, and the people were going to their various farms, Petro's father was very angry and said, ""You have completely spoiled our plan, because you have eaten and drunk and squandered our money.""",gerhardt_428C0151_output_jQjr1f,,4.511748393095595,30.21165364379412,17.361701018444858
"where they stayed until Herod died. So the Lord's promise came true, just as the prophet had said, “I called my son out of Egypt.” The Killing of the Children","ɔkɛlɛ aza ɔdɔ nanɔ kibe lɛ gɛ Heroɖesɛ ebe tsi. Klɛ kɛ ba kɛlɛm anasɛ gɛ Apalete nɛ aɖɔ ganɔ atɔnu nɛa bha sɛ, “Nɛ Edzyibite mɛ ɛba kulu mɛ eyianyɛ nɛ denɔ.”","When they had finished talking, Herod's soldiers came there. Then one of the soldiers, called Apalete, came forward and said to him, “If you are the King of the Jews, come down from there.”",gerhardt_E4DFEBFE_output_T8d1lo,,3.437307459615849,31.742468918338158,17.589888188977003
You cannot be the slave of two masters! You will like one more than the other or be more loyal to one than the other. You cannot serve both God and money. Worry (Luke,"“Anɔnyanɔ atɛ ba na axwɛ dɛ kɔ baka tɛabha. Aba ɖɔ teli adɛ teli, klɛ aba mɔ ɔhwɛ kɔ teli adɛ teli. Ɔtɛ bɔɔ na axwɛ dɛ kɔ Kpaya anɛ Ehoeyi. Tɛ Ganɛ Awɔ̃","The day will come when the white man will go back home. Some say it is on this day, others say it is on that day, but we know it is on that day. It is said that the white man will go back to his Kpaya land, Ehoeyi. Says Gan Awɔ̃",gerhardt_E4DFEBFE_output_T8d1lo,,0.9795563576098021,19.11642510010483,10.047990728857316
"Jesus knew what they were thinking, so he said to them: Any kingdom where people fight each other will end up ruined. And a town or family that fights will soon destroy itself.","Yesu enyi balɛ atɔkpu nɛ mɛ so etsre alɛ asɛ, “Bukusiɔŋakɔ kanyaka gɛ bu ma kpɛ bupɛ tubha mɛ bu ba yɛɛ, klɛ ɔmagbla nɛ bupa kanyaka gɛ bu pɔɛhle nɛ aglɔ shu bu tɛ ba naa za.","When Jesus saw that the crowd was increasing, He said to (His) disciples, “Bring me a donkey and if anyone says anything (to you), you should say the Lord needs it and straightaway they will send (it) to you.""",gerhardt_E4DFEBFE_output_T8d1lo,,2.124035816216534,27.503849171572313,14.813942493894423
"You will be arrested, punished, and even killed. Because of me, you will be hated by people of all nations.","“Ɔkɛlɛ la ba yɛkɔ wɔnɔ akpɛ ahwɛ kɔ sɛ ba kpatɔnɔ klɛ be be yi nɔ, klɛ amadi nɛ petee atɛ ba pɛɛ wɔnɔɛ bui akpɛ mɛ so.","When the day breaks, they will go and catch the fish and when they have finished, they will share it among themselves and the chief will also take his share.",gerhardt_E4DFEBFE_output_T8d1lo,,1.7577459356554812,21.700461866311688,11.729103900983585
"A little while later some people standing there walked over to Peter and said, “We know you are one of them. We can tell it because you talk like someone from Galilee.”","Nɛ kɛlɛe de bɔɛ, banɔ nɛ gɛ be li kititi nɛ ɔkɛlɛ nɛ ba tɔnɔ Petro avɛ klɛ ba ɖɔ asɛ, “Tutuutu wɔ tsyɛ balɛ ɔmayɛ teli onu, alasɛ wɔ kaɖɔ ɖuɖɔ nɛ kebu wɔ akasɛ.”","When the day broke, the people gathered in a small group and went to where Petro was and said to him, “Truly we have been deceived by that person, because we have been eating and drinking with him for a long time.”",gerhardt_E4DFEBFE_output_T8d1lo,,2.614431568998956,28.393474211595667,15.503952890297311
"where they stayed until Herod died. So the Lord's promise came true, just as the prophet had said, “I called my son out of Egypt.” The Killing of the Children","ɔkɛlɛ aza ɔdɔ nanɔ kibe lɛ gɛ Heroɖesɛ ebe tsi. Klɛ kɛ ba kɛlɛm anasɛ gɛ Apalete nɛ aɖɔ ganɔ atɔnu nɛa bha sɛ, “Nɛ Edzyibite mɛ ɛba kulu mɛ eyianyɛ nɛ denɔ.”","When they had finished talking, Herod's enemies went to Pilate and complained to him. So Pilate asked them saying, “Is it not you Edzyibite people who brought him here?""",onesimus_4838858E_Jan output 1 ,,2.7820556720663396,22.923925979709946,12.852990825888142
You cannot be the slave of two masters! You will like one more than the other or be more loyal to one than the other. You cannot serve both God and money. Worry (Luke,"“Anɔnyanɔ atɛ ba na axwɛ dɛ kɔ baka tɛabha. Aba ɖɔ teli adɛ teli, klɛ aba mɔ ɔhwɛ kɔ teli adɛ teli. Ɔtɛ bɔɔ na axwɛ dɛ kɔ Kpaya anɛ Ehoeyi. Tɛ Ganɛ Awɔ̃","The day will come when the white man will go back home. Some say it is on this day, others say it is on that day, but we know it is on that day. It is said that the white man will go back home to Kpaya, not here. Says Gan Awɔ̃",onesimus_4838858E_Jan output 1 ,,0.9795563576098021,20.362173473275412,10.670864915442607
"Jesus knew what they were thinking, so he said to them: Any kingdom where people fight each other will end up ruined. And a town or family that fights will soon destroy itself.","Yesu enyi balɛ atɔkpu nɛ mɛ so etsre alɛ asɛ, “Bukusiɔŋakɔ kanyaka gɛ bu ma kpɛ bupɛ tubha mɛ bu ba yɛɛ, klɛ ɔmagbla nɛ bupa kanyaka gɛ bu pɔɛhle nɛ aglɔ shu bu tɛ ba naa za.","When Jesus saw the crowd around him, he told his disciples, ""Prepare for the journey and let us go to the other side.""",onesimus_4838858E_Jan output 1 ,,1.5154421980282393,18.566199351248734,10.040820774638487
"You will be arrested, punished, and even killed. Because of me, you will be hated by people of all nations.","“Ɔkɛlɛ la ba yɛkɔ wɔnɔ akpɛ ahwɛ kɔ sɛ ba kpatɔnɔ klɛ be be yi nɔ, klɛ amadi nɛ petee atɛ ba pɛɛ wɔnɔɛ bui akpɛ mɛ so.","When the day breaks, they will go and catch the fowl and prepare it, and when it is properly cooked, they will then take some and put it on the shrine.",onesimus_4838858E_Jan output 1 ,,2.8886790607758566,20.363106102442053,11.625892581608955
"A little while later some people standing there walked over to Peter and said, “We know you are one of them. We can tell it because you talk like someone from Galilee.”","Nɛ kɛlɛe de bɔɛ, banɔ nɛ gɛ be li kititi nɛ ɔkɛlɛ nɛ ba tɔnɔ Petro avɛ klɛ ba ɖɔ asɛ, “Tutuutu wɔ tsyɛ balɛ ɔmayɛ teli onu, alasɛ wɔ kaɖɔ ɖuɖɔ nɛ kebu wɔ akasɛ.”","When the war was over, the people went back to their various homes, and Pastor Petro and others were summoned to a court session where they were told, “You did very well during the war, that is why you have been rewarded with a chieftaincy title.”",onesimus_4838858E_Jan output 1 ,,1.9806835695592746,27.14966432322738,14.565173946393328
"where they stayed until Herod died. So the Lord's promise came true, just as the prophet had said, “I called my son out of Egypt.” The Killing of the Children","ɔkɛlɛ aza ɔdɔ nanɔ kibe lɛ gɛ Heroɖesɛ ebe tsi. Klɛ kɛ ba kɛlɛm anasɛ gɛ Apalete nɛ aɖɔ ganɔ atɔnu nɛa bha sɛ, “Nɛ Edzyibite mɛ ɛba kulu mɛ eyianyɛ nɛ denɔ.”","When they finished talking, Herod's soldiers came there. When they came, they told the governor that the Apostles were teaching people and he said, “If it is from God, I will not be able to kill them.”",gerhardt_2F3FAF10_output (1),,2.9596914123201787,27.70112175994767,15.330406586133925
You cannot be the slave of two masters! You will like one more than the other or be more loyal to one than the other. You cannot serve both God and money. Worry (Luke,"“Anɔnyanɔ atɛ ba na axwɛ dɛ kɔ baka tɛabha. Aba ɖɔ teli adɛ teli, klɛ aba mɔ ɔhwɛ kɔ teli adɛ teli. Ɔtɛ bɔɔ na axwɛ dɛ kɔ Kpaya anɛ Ehoeyi. Tɛ Ganɛ Awɔ̃","The struggle will soon be over and we will go back home. Some people are rich while others are poor, but we are all equal before death. It will soon be over and we will go to meet our ancestors. The time of rejoicing is near",gerhardt_2F3FAF10_output (1),,1.2263126502610222,21.06008955159091,11.143201100925966
"Jesus knew what they were thinking, so he said to them: Any kingdom where people fight each other will end up ruined. And a town or family that fights will soon destroy itself.","Yesu enyi balɛ atɔkpu nɛ mɛ so etsre alɛ asɛ, “Bukusiɔŋakɔ kanyaka gɛ bu ma kpɛ bupɛ tubha mɛ bu ba yɛɛ, klɛ ɔmagbla nɛ bupa kanyaka gɛ bu pɔɛhle nɛ aglɔ shu bu tɛ ba naa za.","When Jesus saw that the crowd was increasing, he said to his disciples, ""Bring me a donkey and if anyone says anything to you, you will say the Lord needs it and they will send it straight away.",gerhardt_2F3FAF10_output (1),,4.389931794863787,29.53265747176015,16.96129463331197
"You will be arrested, punished, and even killed. Because of me, you will be hated by people of all nations.","“Ɔkɛlɛ la ba yɛkɔ wɔnɔ akpɛ ahwɛ kɔ sɛ ba kpatɔnɔ klɛ be be yi nɔ, klɛ amadi nɛ petee atɛ ba pɛɛ wɔnɔɛ bui akpɛ mɛ so.","The elders also said that when they were young, there was no farming, everyone went to the bush to hunt and that was how they used to live.",gerhardt_2F3FAF10_output (1),,1.696134390396339,17.310118925696948,9.503126658046643
"A little while later some people standing there walked over to Peter and said, “We know you are one of them. We can tell it because you talk like someone from Galilee.”","Nɛ kɛlɛe de bɔɛ, banɔ nɛ gɛ be li kititi nɛ ɔkɛlɛ nɛ ba tɔnɔ Petro avɛ klɛ ba ɖɔ asɛ, “Tutuutu wɔ tsyɛ balɛ ɔmayɛ teli onu, alasɛ wɔ kaɖɔ ɖuɖɔ nɛ kebu wɔ akasɛ.”","When the day broke, after they had finished all the preparations, Petro and his people came to the seashore and said, “We are now ready to go on the journey by sea, because we have made all the necessary preparations.”",gerhardt_2F3FAF10_output (1),,6.722791268893393,28.634787661992174,17.678789465442783
"where they stayed until Herod died. So the Lord's promise came true, just as the prophet had said, “I called my son out of Egypt.” The Killing of the Children","ɔkɛlɛ aza ɔdɔ nanɔ kibe lɛ gɛ Heroɖesɛ ebe tsi. Klɛ kɛ ba kɛlɛm anasɛ gɛ Apalete nɛ aɖɔ ganɔ atɔnu nɛa bha sɛ, “Nɛ Edzyibite mɛ ɛba kulu mɛ eyianyɛ nɛ denɔ.”","When they had finished talking, Herod's soldiers came there. Then one of the soldiers who was called Apalete, took a spear and stabbed him, saying, “If you are really the Saviour, save yourself.”",onesimus_778C5456_Dec 06 output,,3.333168744598931,28.14945984691291,15.741314295755922
You cannot be the slave of two masters! You will like one more than the other or be more loyal to one than the other. You cannot serve both God and money. Worry (Luke,"“Anɔnyanɔ atɛ ba na axwɛ dɛ kɔ baka tɛabha. Aba ɖɔ teli adɛ teli, klɛ aba mɔ ɔhwɛ kɔ teli adɛ teli. Ɔtɛ bɔɔ na axwɛ dɛ kɔ Kpaya anɛ Ehoeyi. Tɛ Ganɛ Awɔ̃","The day will come when we will be happy again. We will be dancing and there will be so much dancing that the ground will be dancing too. That day will be a great day, Kpaya and Ehoeyi. Gan and Awɔ̃",onesimus_778C5456_Dec 06 output,,1.3224637682882356,16.01752797900796,8.669995873648098
"Jesus knew what they were thinking, so he said to them: Any kingdom where people fight each other will end up ruined. And a town or family that fights will soon destroy itself.","Yesu enyi balɛ atɔkpu nɛ mɛ so etsre alɛ asɛ, “Bukusiɔŋakɔ kanyaka gɛ bu ma kpɛ bupɛ tubha mɛ bu ba yɛɛ, klɛ ɔmagbla nɛ bupa kanyaka gɛ bu pɔɛhle nɛ aglɔ shu bu tɛ ba naa za.","When Jesus saw that the crowd was increasing, He said to them, “This generation is a wicked generation; it seeks for a sign, and yet no sign shall be given to it but the sign of Jonah."" is not correct, a more accurate translation is:",onesimus_778C5456_Dec 06 output,,3.363998387433143,25.98522462270522,14.674611505069182
"You will be arrested, punished, and even killed. Because of me, you will be hated by people of all nations.","“Ɔkɛlɛ la ba yɛkɔ wɔnɔ akpɛ ahwɛ kɔ sɛ ba kpatɔnɔ klɛ be be yi nɔ, klɛ amadi nɛ petee atɛ ba pɛɛ wɔnɔɛ bui akpɛ mɛ so.","The elders also said that when they were young, there was a time when famine was so severe that people used to go to the bush to search for something to eat and they were unable to get anything to satisfy their hunger.",onesimus_778C5456_Dec 06 output,,1.1498052049318417,19.5289335575369,10.33936938123437
"A little while later some people standing there walked over to Peter and said, “We know you are one of them. We can tell it because you talk like someone from Galilee.”","Nɛ kɛlɛe de bɔɛ, banɔ nɛ gɛ be li kititi nɛ ɔkɛlɛ nɛ ba tɔnɔ Petro avɛ klɛ ba ɖɔ asɛ, “Tutuutu wɔ tsyɛ balɛ ɔmayɛ teli onu, alasɛ wɔ kaɖɔ ɖuɖɔ nɛ kebu wɔ akasɛ.”","When the matter was over, the people all gathered at Petro's house to discuss the issue, saying, ""In the future, we should not allow such a thing to happen again, because we have suffered a lot and our money has been wasted.""",onesimus_778C5456_Dec 06 output,,1.186050611017432,26.91692196578194,14.051486288399685
"where they stayed until Herod died. So the Lord's promise came true, just as the prophet had said, “I called my son out of Egypt.” The Killing of the Children","ɔkɛlɛ aza ɔdɔ nanɔ kibe lɛ gɛ Heroɖesɛ ebe tsi. Klɛ kɛ ba kɛlɛm anasɛ gɛ Apalete nɛ aɖɔ ganɔ atɔnu nɛa bha sɛ, “Nɛ Edzyibite mɛ ɛba kulu mɛ eyianyɛ nɛ denɔ.”","When they had finished talking, Herod's men came to arrest him. As they were about to seize him, the Apostles said to them, ""The one you are looking for is not here, he has already gone to his hometown.""",gerhardt_E3C23636_output_AHjhdB,,1.382212405645661,24.599555498357812,12.990883952001736
You cannot be the slave of two masters! You will like one more than the other or be more loyal to one than the other. You cannot serve both God and money. Worry (Luke,"“Anɔnyanɔ atɛ ba na axwɛ dɛ kɔ baka tɛabha. Aba ɖɔ teli adɛ teli, klɛ aba mɔ ɔhwɛ kɔ teli adɛ teli. Ɔtɛ bɔɔ na axwɛ dɛ kɔ Kpaya anɛ Ehoeyi. Tɛ Ganɛ Awɔ̃","The day will come when the white man will go back home. Some people say it is not yet time, but some people know that it is not yet time. It will be the day when the white man will go back to his own land, Kpaya and Ehoeyi. Says Gan Awɔ̃",gerhardt_E3C23636_output_AHjhdB,,1.856022760168382,19.688326859354945,10.772174809761664
"Jesus knew what they were thinking, so he said to them: Any kingdom where people fight each other will end up ruined. And a town or family that fights will soon destroy itself.","Yesu enyi balɛ atɔkpu nɛ mɛ so etsre alɛ asɛ, “Bukusiɔŋakɔ kanyaka gɛ bu ma kpɛ bupɛ tubha mɛ bu ba yɛɛ, klɛ ɔmagbla nɛ bupa kanyaka gɛ bu pɔɛhle nɛ aglɔ shu bu tɛ ba naa za.","When Jesus saw the crowd around him, he told his disciples, ""Look for other places where we can go so that we can rest a while, because there were many people coming and going and they did not even have time to eat.",gerhardt_E3C23636_output_AHjhdB,,1.444153923186391,27.06190972472341,14.2530318239549
"You will be arrested, punished, and even killed. Because of me, you will be hated by people of all nations.","“Ɔkɛlɛ la ba yɛkɔ wɔnɔ akpɛ ahwɛ kɔ sɛ ba kpatɔnɔ klɛ be be yi nɔ, klɛ amadi nɛ petee atɛ ba pɛɛ wɔnɔɛ bui akpɛ mɛ so.","The elders also said that when they were young, there was a time when famine was so severe that people used to go to the bush to search for something to eat and even the chiefs were not exempt.",gerhardt_E3C23636_output_AHjhdB,,2.251889061850022,21.887897403705693,12.069893232777858
"A little while later some people standing there walked over to Peter and said, “We know you are one of them. We can tell it because you talk like someone from Galilee.”","Nɛ kɛlɛe de bɔɛ, banɔ nɛ gɛ be li kititi nɛ ɔkɛlɛ nɛ ba tɔnɔ Petro avɛ klɛ ba ɖɔ asɛ, “Tutuutu wɔ tsyɛ balɛ ɔmayɛ teli onu, alasɛ wɔ kaɖɔ ɖuɖɔ nɛ kebu wɔ akasɛ.”","When the matter was over, the people all gathered at Petro's house and said, ""We have really understood the white man's work, because we have eaten his food and drunk his akpeteshie.""",gerhardt_E3C23636_output_AHjhdB,,4.609815356235175,29.271369361459303,16.94059235884724
"where they stayed until Herod died. So the Lord's promise came true, just as the prophet had said, “I called my son out of Egypt.” The Killing of the Children","ɔkɛlɛ aza ɔdɔ nanɔ kibe lɛ gɛ Heroɖesɛ ebe tsi. Klɛ kɛ ba kɛlɛm anasɛ gɛ Apalete nɛ aɖɔ ganɔ atɔnu nɛa bha sɛ, “Nɛ Edzyibite mɛ ɛba kulu mɛ eyianyɛ nɛ denɔ.”","When they had mocked him, Herod dressed Jesus in a fine robe and sent him back to Pilate. And Pilate said, “This man has done nothing worthy of death.”",Dec 12 output,,3.7591140547778252,22.55766637776342,13.158390216270623
You cannot be the slave of two masters! You will like one more than the other or be more loyal to one than the other. You cannot serve both God and money. Worry (Luke,"“Anɔnyanɔ atɛ ba na axwɛ dɛ kɔ baka tɛabha. Aba ɖɔ teli adɛ teli, klɛ aba mɔ ɔhwɛ kɔ teli adɛ teli. Ɔtɛ bɔɔ na axwɛ dɛ kɔ Kpaya anɛ Ehoeyi. Tɛ Ganɛ Awɔ̃","The dispute will be settled in the house of the in-laws. They will decide on one matter or the other, or they will decide in favour of one party or the other. The case will be settled in the house of Kpaya and Ehoeyi. By the authority of Gan and Awɔ̃",Dec 12 output,,4.071802586325409,27.62801752372607,15.849910055025738
"Jesus knew what they were thinking, so he said to them: Any kingdom where people fight each other will end up ruined. And a town or family that fights will soon destroy itself.","Yesu enyi balɛ atɔkpu nɛ mɛ so etsre alɛ asɛ, “Bukusiɔŋakɔ kanyaka gɛ bu ma kpɛ bupɛ tubha mɛ bu ba yɛɛ, klɛ ɔmagbla nɛ bupa kanyaka gɛ bu pɔɛhle nɛ aglɔ shu bu tɛ ba naa za.","When Jesus saw that the crowd was increasing, He said to (His) disciples, “Let the crowds sit down in groups of fifty, and you give them something to eat, for they are hungry.""",Dec 12 output,,2.5326605584447863,26.08377206781328,14.308216313129032
"You will be arrested, punished, and even killed. Because of me, you will be hated by people of all nations.","“Ɔkɛlɛ la ba yɛkɔ wɔnɔ akpɛ ahwɛ kɔ sɛ ba kpatɔnɔ klɛ be be yi nɔ, klɛ amadi nɛ petee atɛ ba pɛɛ wɔnɔɛ bui akpɛ mɛ so.","The elders also said that when they were young, there was a time when famine was so severe that people used to go to the bush to search for something to eat, and that was when they ate all the forbidden things.",Dec 12 output,,2.1400286214609148,20.92825362126406,11.534141121362486
"A little while later some people standing there walked over to Peter and said, “We know you are one of them. We can tell it because you talk like someone from Galilee.”","Nɛ kɛlɛe de bɔɛ, banɔ nɛ gɛ be li kititi nɛ ɔkɛlɛ nɛ ba tɔnɔ Petro avɛ klɛ ba ɖɔ asɛ, “Tutuutu wɔ tsyɛ balɛ ɔmayɛ teli onu, alasɛ wɔ kaɖɔ ɖuɖɔ nɛ kebu wɔ akasɛ.”","When the war was over, and the people were going back to their various homes, Petro's father told him that he should be careful in future, because he had almost lost his life on account of his stubbornness.",Dec 12 output,,1.4687168144827005,26.07485466006115,13.771785737271925
But they did not sleep together before her baby was born. Then Joseph named him Jesus.,Pɔ yɛ anɛ Maria ba dɛ za tɛnyɛ anɛ tɛdzɛ mɛ ɔdɔ nanɔ yɛ eyianyɛ nɛ tɛmumɔ. Klɛ akɔ yɛ kinyi asɛ Yesu.,The people and Maria went to the farm to bring food and on their way they met Jesus.,nsanku_output_kcn,0.47174227,4.480836160121357,22.781942664133535,13.631389412127445
"Isn't he the carpenter, the son of Mary? Aren't James, Joseph, Judas, and Simon his brothers? Don't his sisters still live here in our town?” The people were upset because of what he was doing.","Ganɛ osiafatɛ nɛ naa? Ganɛ Maria yɛeyi Yakobo, Yosɛfu, Yuɖas anɛ Simɔnɛ balɛ adzya nɛ naa? Sɛ yɛadalɛ nɛ balɛ ɔkɛ̃ nɛ bulɔ?” Klɛ banɔ na mɔ obulo nɛ yɛ.","“Are the children of the same father? Did Mary, the mother of James, Joseph, Judas and Simon, conceive them all by the same way? How then can we consider them as brothers?” The crowd was amazed at his teaching.",nsanku_output_kcn,0.6908237,13.722641665826496,38.711075144986864,26.21685840540668
"So God's promise came true, just as the prophet Isaiah had said,",sɛ tɛ kibui nɛ gɛ ba ɖɔ ganɔ Yezaya atɔnu nɛa bha nɛ kɛ na:,"The prophet said to him: ""Go and tell King Jehoiakim,""",nsanku_output_kcn,0.42046916,3.737437943747671,22.992709874979745,13.365073909363709
A woman who had been bleeding for twelve years came up behind Jesus and barely touched his clothes.,"Nɛ kibe lɛ nɛ mɛ adzɛ teli gɛ dzyosu eekoeyi nɛ yɛ shu agɔ lɔfɔntubha nyɔɔ, aga yɛede klɛ ebe hunɔ yɛ awi nɛ butɔ.","He will take it and put it on the shrine, then he will go and call the people to come and do it, but if they do not come, he will do it himself.",nsanku_output_kcn,0.20515448,1.1524538390587937,17.52767404757141,9.340063943315101
"went and asked for Jesus' body. Pilate gave orders for it to be given to Joseph,","Atɔnɔ Pilatio avɛ sɛ, ba yɛkɔ Yesu yɛ etsitsi nɛ akɔ yɛ, klɛ Pilatio asɛ ba da yɛkɔ akɔ yɛ.","Then Pilate said to them, ""Shall I crucify your King?"" The chief priests answered, ""We have no king but Caesar.""",nsanku_output_kcn,0.48933867,1.8884748972625875,19.531334829653467,10.709904863458027
"where they stayed until Herod died. So the Lord's promise came true, just as the prophet had said, “I called my son out of Egypt.” The Killing of the Children","ɔkɛlɛ aza ɔdɔ nanɔ kibe lɛ gɛ Heroɖesɛ ebe tsi. Klɛ kɛ ba kɛlɛm anasɛ gɛ Apalete nɛ aɖɔ ganɔ atɔnu nɛa bha sɛ, “Nɛ Edzyibite mɛ ɛba kulu mɛ eyianyɛ nɛ denɔ.”","When they had finished talking, Herod's soldiers came there. After they had come, they asked the hunters where they were going and they told them that they were going to Bethlehem.",onesimus_CF2838B3_Dec 03 output,,3.0759934809350447,25.31871335328008,14.197353417107562
You cannot be the slave of two masters! You will like one more than the other or be more loyal to one than the other. You cannot serve both God and money. Worry (Luke,"“Anɔnyanɔ atɛ ba na axwɛ dɛ kɔ baka tɛabha. Aba ɖɔ teli adɛ teli, klɛ aba mɔ ɔhwɛ kɔ teli adɛ teli. Ɔtɛ bɔɔ na axwɛ dɛ kɔ Kpaya anɛ Ehoeyi. Tɛ Ganɛ Awɔ̃","The day will come when the white man will go back home. Some people say it is not yet time, but others say it is already time. The day will come when the white man will go back to his own land, Kpaya and Ehoeyi. So says Gan and Awɔ̃",onesimus_CF2838B3_Dec 03 output,,1.0751538164669088,19.182740418179893,10.128947117323401
"Jesus knew what they were thinking, so he said to them: Any kingdom where people fight each other will end up ruined. And a town or family that fights will soon destroy itself.","Yesu enyi balɛ atɔkpu nɛ mɛ so etsre alɛ asɛ, “Bukusiɔŋakɔ kanyaka gɛ bu ma kpɛ bupɛ tubha mɛ bu ba yɛɛ, klɛ ɔmagbla nɛ bupa kanyaka gɛ bu pɔɛhle nɛ aglɔ shu bu tɛ ba naa za.","When Jesus saw that the crowd was increasing, he said to his disciples, ""Come, let us go to the other side of the lake, so that those who want to follow me can do so, and the storm that is brewing will not catch us unprepared.",onesimus_CF2838B3_Dec 03 output,,3.8222401165669746,29.463338685422357,16.642789400994666
"You will be arrested, punished, and even killed. Because of me, you will be hated by people of all nations.","“Ɔkɛlɛ la ba yɛkɔ wɔnɔ akpɛ ahwɛ kɔ sɛ ba kpatɔnɔ klɛ be be yi nɔ, klɛ amadi nɛ petee atɛ ba pɛɛ wɔnɔɛ bui akpɛ mɛ so.","When the day breaks, they will go and catch the fish and when they have finished, they will share it among themselves, and the chief will also get his share.",onesimus_CF2838B3_Dec 03 output,,2.977665307178987,22.230592695066953,12.60412900112297
"A little while later some people standing there walked over to Peter and said, “We know you are one of them. We can tell it because you talk like someone from Galilee.”","Nɛ kɛlɛe de bɔɛ, banɔ nɛ gɛ be li kititi nɛ ɔkɛlɛ nɛ ba tɔnɔ Petro avɛ klɛ ba ɖɔ asɛ, “Tutuutu wɔ tsyɛ balɛ ɔmayɛ teli onu, alasɛ wɔ kaɖɔ ɖuɖɔ nɛ kebu wɔ akasɛ.”","When the day broke, the people gathered together and went to where Petro was and said to him, “Truly this man was one of them, for his speech betrays him too.”",onesimus_CF2838B3_Dec 03 output,,6.132910803680852,27.06083219491572,16.596871499298285
"where they stayed until Herod died. So the Lord's promise came true, just as the prophet had said, “I called my son out of Egypt.” The Killing of the Children","ɔkɛlɛ aza ɔdɔ nanɔ kibe lɛ gɛ Heroɖesɛ ebe tsi. Klɛ kɛ ba kɛlɛm anasɛ gɛ Apalete nɛ aɖɔ ganɔ atɔnu nɛa bha sɛ, “Nɛ Edzyibite mɛ ɛba kulu mɛ eyianyɛ nɛ denɔ.”","When they had finished talking, Herod's men came to arrest him. As they were about to seize him, the Apostles told them, ""If it is the Lord's will that this man should die, then let him die.""",john_BA3F5F9A_output (3),,2.4315419644986367,27.137495905174813,14.784518934836726
You cannot be the slave of two masters! You will like one more than the other or be more loyal to one than the other. You cannot serve both God and money. Worry (Luke,"“Anɔnyanɔ atɛ ba na axwɛ dɛ kɔ baka tɛabha. Aba ɖɔ teli adɛ teli, klɛ aba mɔ ɔhwɛ kɔ teli adɛ teli. Ɔtɛ bɔɔ na axwɛ dɛ kɔ Kpaya anɛ Ehoeyi. Tɛ Ganɛ Awɔ̃","The day will come when we will be happy again. Some people are happy, others are not happy at all. The day will come when we will be happy like our forefathers. Like Gan and Awo",john_BA3F5F9A_output (3),,1.494348998143061,19.25539753512224,10.37487326663265
"Jesus knew what they were thinking, so he said to them: Any kingdom where people fight each other will end up ruined. And a town or family that fights will soon destroy itself.","Yesu enyi balɛ atɔkpu nɛ mɛ so etsre alɛ asɛ, “Bukusiɔŋakɔ kanyaka gɛ bu ma kpɛ bupɛ tubha mɛ bu ba yɛɛ, klɛ ɔmagbla nɛ bupa kanyaka gɛ bu pɔɛhle nɛ aglɔ shu bu tɛ ba naa za.","When Jesus saw that the crowd gathered around him, he said to his disciples, ""Let the little children come to me and do not stop them, for it is to such as these that the kingdom belongs"".",john_BA3F5F9A_output (3),,4.175132175580447,28.010543586419363,16.092837880999905
"You will be arrested, punished, and even killed. Because of me, you will be hated by people of all nations.","“Ɔkɛlɛ la ba yɛkɔ wɔnɔ akpɛ ahwɛ kɔ sɛ ba kpatɔnɔ klɛ be be yi nɔ, klɛ amadi nɛ petee atɛ ba pɛɛ wɔnɔɛ bui akpɛ mɛ so.","When the day breaks, they will go and catch the fish and when they have finished, they will go and give some to their mothers, and the rest they will sell and buy corn with the proceeds.",john_BA3F5F9A_output (3),,2.4495087791876022,23.08983177302481,12.769670276106206
"A little while later some people standing there walked over to Peter and said, “We know you are one of them. We can tell it because you talk like someone from Galilee.”","Nɛ kɛlɛe de bɔɛ, banɔ nɛ gɛ be li kititi nɛ ɔkɛlɛ nɛ ba tɔnɔ Petro avɛ klɛ ba ɖɔ asɛ, “Tutuutu wɔ tsyɛ balɛ ɔmayɛ teli onu, alasɛ wɔ kaɖɔ ɖuɖɔ nɛ kebu wɔ akasɛ.”","When the matter was over, the people all gathered at Petro's house to discuss it and said, ""Truly, we have been foolish, otherwise we would have known long ago that we were the ones who were wrong.""",john_BA3F5F9A_output (3),,3.9585298754221863,28.01310410247273,15.985816988947459
