verse_number,english_verse,translation_verse
23,"“A virgin will have a baby boy, and he will be called Immanuel,” which means “God is with us.”",“Hatoluu kɩdɩgɩ ha aa bɩ gyɩŋ baal sɩ kaŋ luwol a lʋl boyoŋbiye dɩ ba kana ʋ kɩ yɩrɩ Imanuwɛl.”
11,"From David to the time of the exile in Babylonia, the ancestors of Jesus were: David, Solomon , Rehoboam, Abijah, Asa, Jehoshaphat, Jehoram; Uzziah, Jotham, Ahaz, Hezekiah, Manasseh, Amon, Josiah, and Jehoiachin and his brothers.",Gyosaya mɛ sii lʋl Gyekonaya abee ʋ naabiisi. Saŋa no tɩyaŋ nɛ ba kasɩ Iziral tɩmma mʋ Baabilɔŋ paalʋʋ.
16,"From the exile to the birth of Jesus, his ancestors were: Jehoiachin, Shealtiel, Zerubbabel, Abiud, Eliakim, Azor, Zadok, Achim; Eliud, Eleazar, Matthan, Jacob, and Joseph, the husband of Mary, the mother of Jesus, who is called the Messiah.","Gyeekɔbɩ mɛ rɛ yaŋ sii lʋl Gyosɛfʋ. Gyosɛfʋ mɛ sii kpa Mɛɛrɩ, nal hʋ aa lʋl Yesu, ba kɩ yɩrɩ Krisita, laataal hʋ Wɩɩsɩ aa lɩya."
14,more to the birth of the Messiah. The Birth of Jesus (Luke,Azɔ mɛ sii lʋl Zadɔkɩ. Zadɔkɩ mɛ sii lʋl Akimu. Akimu mɛ sii lʋl Ɛliyudu.
18,"This is how Jesus Christ was born. A young woman named Mary was engaged to Joseph from King David's family. But before they were married, she learned that she was going to have a baby by God's Holy Spirit.","Nyɛ rɛ Yesu Krisita lʋlɩɩ naasɩ tɩŋa: Ʋ naa Mɛɛrɩ abee Gyosɛfʋ gyɩ wee nyʋwa rɛ anɩɩ ba sɩ yal dɔmɔŋ. Amɛ ba ha gyɩ bɩ yal dɔmɔŋ, aŋka Wɩɩsɩ Wiyesi Welii hʋ dee leŋ Mɛɛrɩ kaŋ luwol."
19,Joseph was a good man and did not want to embarrass Mary in front of everyone. So he decided to quietly call off the wedding.,"Gyosɛfʋ gyɩ yaa tɩpʋlʋŋ tɩɩna rɛ. Ɛɛ wɩya ʋ gyɩ bee kyɛ dɩ ʋ we Mɛɛrɩ hɩɩsɩ gyamaa tɩyaŋ, aŋ gyɩ kɩ kyɛ dɩ ʋ lʋwɔlɩ vɩya ʋ."
20,"While Joseph was thinking about this, an angel from the Lord appeared to him in a dream. The angel said, “Joseph, the baby that Mary will have is from the Holy Spirit. Go ahead and marry her.","Ʋ gyɩ aa bɩɩnɩ gɛɛ tɩyaŋ nɛ, malɩka ko ʋ lee duwoso tɩyaŋ a basɩ tɩya ʋ a baa, “Gyosɛfʋ, Kuwori Deviti doho nal, ta leŋ dɩ kambɩŋ kana ɩ, ɩ aa sɩ kpa Mɛɛrɩ a yaa ɩ haaŋ, beewɩya Wɩɩsɩ Wiyesi Welii hʋ dee rɛ tɩŋ ʋ kaŋ biye no luwol."
21,"Then after her baby is born, name him Jesus, because he will save his people from their sins.”","Ʋ sɩ lʋl boyoŋbiye, dɩ ɩ we ʋ feŋ Yesu. Feŋ hʋ memii rɛ yaa Laataal, beewɩya ʋ rɛ sɩ laa ʋ nala ta ba wɩbɔmɔ tɩyaŋ.”"
24,"After Joseph woke up, he and Mary were soon married, just as the Lord's angel had told him to do.","Gyosɛfʋ aa sii doo sɩya tɩyaŋ, ʋ gyɩ yaa gɛɛ hʋ malɩka hʋ aa basɩ tɩya ʋ rɛ, a gyɩ kpa Mɛɛrɩ mʋ ʋ dɩya a yaa ʋ haaŋ."
25,But they did not sleep together before her baby was born. Then Joseph named him Jesus.,Amɛ ʋ beel-ʋ ha gyɩ bɩ gyɩŋ dɔmɔŋ anɩɩ baal bee haaŋ aŋka Mɛɛrɩ lʋl boyoŋbiye. Nyɛ rɛ Gyosɛfʋ we biye hʋ feŋ Yesu.
3,"When King Herod heard about this, he was worried, and so was everyone else in Jerusalem.","Kuwori Hɛrɔtɩ gyɩ aa nɩɩ wɩɩ no, kambɩŋ gyɩ kaŋ ʋ bee Gyerusalɛm tɩmma buloŋ nɛ kɩŋkaŋ."
4,"Herod brought together the chief priests and the teachers of the Law of Moses and asked them, “Where will the Messiah be born?”","Ɛɛ rɛ ʋ gyɩ yɩrɩ Gyuuma wɩɩkyʋwal sɩlaala nɩhɩyasɩ abee Wɩɩsɩ Teŋ dɩdagɩla hʋ a ko laŋŋɩ, a pɩyɛsɩ ba a baa, “Lee tɩyaŋ nɛ ba sɩ lʋl Krisita hʋ, laataal hʋ Wɩɩsɩ aa lɩya?”"
6,"‘Bethlehem in the land of Judea, you are very important among the towns of Judea. From your town will come a leader, who will be like a shepherd for my people Israel.’ ”","Wɩɩsɩ baa, “Bɛtɩlɛhɛm yaa tɔbiye rɛ Gyudɩya paalʋʋ tɩyaŋ. Amɛ Gyudɩya paalʋʋ buloŋ tɩyaŋ, Bɛtɩlɛhɛm nala rɛ yaa nɩbala, beewɩya ba tɩyaŋ nɛ Iziral kuwori sɩ lɩɩ, nal hʋ aa sɩ kɩ deŋ ŋ nala, Iziral tɩmma.”"
8,"He told them, “Go to Bethlehem and search carefully for the child. As soon as you find him, let me know. I also want to go and worship him.”","Ɛɛ rɛ Kuwori Hɛrɔtɩ ta ba dɩ ba mʋ Bɛtɩlɛhɛm, aŋ basɩ tɩya ba a baa, “Ma mʋ kyɛ biye hʋ abee sɩfɩyasɩ. Ma yaŋ ko na ʋ pɛ, ma leŋ dɩ ŋ mɛ kaŋ duwoso, dɩ ŋ mɛ mʋ kyʋwalɩ ʋ a kpa ʋ gyɩrɩma tɩya ʋ.”"
9,The wise men listened to what the king said and then left. And the star they had seen in the east went on ahead of them until it stopped over the place where the child was.,"Ba aa nɩɩ gɛɛ, ba lɩɩ kpa ŋmanɩɩ a kɩ mʋ, kyɩŋwʋlɩɩ hʋ ba fa aa naa tɩɩmemii bɩl laa ba sɩya gɛɛɛ, a mʋ sɩŋ kyugili lee hʋ biye aa we."
10,They were thrilled and excited to see the star.,"Ba aa naa kyɩŋwʋlɩɩ hʋ gɛɛ, ba tenni buloŋ fɩyɛlɩ, ba kɩ gyʋwɔsɩ."
11,"When the men went into the house and saw the child with Mary, his mother, they knelt down and worshiped him. They took out their gifts of gold, frankincense, and myrrh and gave them to him.","Ba aa mʋʋ pele lee hʋ biye hʋ aa we, ba mʋ gyʋʋ dɩya hʋ a na biye hʋ abee ʋ naa Mɛɛrɩ. Ɛɛ rɛ ba tuu gbinni biye hʋ sɩya tɩyaŋ a kyʋwalɩ ʋ a kpa ʋ gyɩrɩma tɩya ʋ, aŋ puri ba kyʋgɩsɩ a lɩɩ salma abee wɩsɩnaaŋ abee kɩŋ kɩdɩgɩ sʋwala aa sʋma ba kɩ yɩrɩ mɛɛ, a tɩya ʋ."
12,"Later they were warned in a dream not to return to Herod, and they went back home by another road. The Escape to Egypt","Ɛɛ rɛ Wɩɩsɩ basɩ tɩya ba, ba duwoso tɩyaŋ abee sɩfɩyasɩ anɩɩ ba ta ko mɩɩgɩ mʋ Kuwori Hɛrɔtɩ lee. Nyɛ rɛ ba sii a tɩŋ ŋmaŋdɩma a mɩɩgɩ mʋ ba paalʋʋ. Gyosɛfʋ bee Mɛɛrɩ lɩɩ fá mʋ Igyipiti"
13,"After the wise men had gone, an angel from the Lord appeared to Joseph in a dream and said, “Get up! Hurry and take the child and his mother to Egypt! Stay there until I tell you to return, because Herod is looking for the child and wants to kill him.”","Wɩgyʋnna hʋ bee mʋyɩ hal tɩyaŋ nɛ Gyosɛfʋ duwosi na malɩka dɩ ʋ ko ʋ lee a basɩ tɩya ʋ a baa, “Sii kpa biye hʋ abee ʋ naa a fá mʋ Igyipiti. Ma we doŋ a kaŋ kɩ mʋ saŋa hʋ ŋ bɩl aa sɩ tɩya ma ŋmanɩɩ dɩ ma lɩɩ doŋ, beewɩya Kuwori Hɛrɔtɩ aa kyɛ dɩ ʋ kpʋ biye hʋ rɛ.”"
15,"where they stayed until Herod died. So the Lord's promise came true, just as the prophet had said, “I called my son out of Egypt.” The Killing of the Children","Wɩɩ no gyɩ yaa rɛ dɩ wɩɩ hʋ Wɩɩsɩ gyɩ aa tɩŋ ʋ tɩŋdaal tɩyaŋ basɩ ko yaa wɩtɩɩ. Wɩɩsɩ gyɩ baa, “Ŋ biye gyɩ we Igyipiti paalʋʋ tɩyaŋ nɛ ŋ lɩɩ ʋ.” Ba kpʋʋ boyoŋbiifɩllɩ Bɛtɩlɛhɛm tɩyaŋ"
16,"When Herod found out that the wise men from the east had tricked him, he was very angry. He gave orders for his men to kill all the boys who lived in or near Bethlehem and were two years old and younger. This was based on what he had learned from the wise men.","Kuwori Hɛrɔtɩ gyɩ aa ko gyɩma anɩɩ wɩgyʋnna hʋ mʋrɩ ʋ rɛ, ʋ na baaŋ kɩŋkaŋ. Wɩgyʋnna hʋ gyɩ aa daga ʋ saŋa hʋ ba aa lʋl Yesu wɩya, ʋ sii ta ʋ laalyuwolo dɩ ba mʋ Bɛtɩlɛhɛm abee tɔbiisi hʋ buloŋ aa kpaga doŋ, a kpʋ boyoŋbiisi hʋ buloŋ ha aa yaa bɩsɩ balɩya a kaŋ kɩ tuu."
17,"So the Lord's promise came true, just as the prophet Jeremiah had said,",Wɩɩ no leŋ wɩɩ hʋ Wɩɩsɩ gyɩ aa tɩŋ ʋ tɩŋdaal Gyɛrimaya tɩyaŋ basɩ ko yaa wɩtɩɩ rɛ.
18,"“In Ramah a voice was heard crying and weeping loudly. Rachel was mourning for her children, and she refused to be comforted, because they were dead.” The Return from Egypt","Wɩɩ hʋ Gyɛrimaya gyɩ aa basa rɛ nyɛ: “Nal lɛ aa wii Rama tɩyaŋ, a wii kɩ gʋwagɩ Rekyil lɛ aa wii ʋ balɩya aa sʋba wɩya, a pɔ dɩ ʋ bee tallɩ.” Gyosɛfʋ bee Mɛɛrɩ mʋʋ Nazarɛti"
22,"But when he heard that Herod's son Archelaus was now ruler of Judea, he was afraid to go there. Then in a dream he was told to go to Galilee,","Amɛ Gyosɛfʋ aa ko nɩɩ anɩɩ Kuwori Hɛrɔtɩ sʋba rɛ, ka ʋ biye Akɩlɔɔsɩ di koro Gyudɩya paalʋʋ tɩyaŋ, kambɩŋ gyɩ fa kana ʋ rɛ doŋ mʋyɩ wɩya. Ɛɛ rɛ Wɩɩsɩ bɩl basɩ tɩya ʋ duwoso tɩyaŋ abee sɩfɩyasɩ anɩɩ ʋ mʋ hɔŋ Galili paalʋʋ tɩyaŋ."
23,"and they went to live there in the town of Nazareth. So the Lord's promise came true, just as the prophet had said, “He will be called a Nazarene.”","Ʋ aa mʋʋ Galili paalʋʋ, ʋ mʋʋ hɔŋ Nazarɛti tɩyaŋ nɛ. Nyɛ yaa rɛ dɩ wɩya hʋ Wɩɩsɩ aa tɩŋ ʋ tɩŋdaala hʋ tɩyaŋ basɩ ko yaa wɩtɩɩ. Ba gyɩ basa rɛ a baa, “Ba sɩ kana ʋ kɩ yɩrɩ Nazarɛti tɩɩna.”"
8,Do something to show you have really given up your sins.,"Ma kɩ yaa wɩya hʋ aa daga anɩɩ ma bɩrɩma lɩɩ ma wɩbɔmɔ tɩyaŋ nɛ,"
2,"He said, “Turn back to God! The kingdom of heaven will soon be here.”","Ʋ gyɩ basɩ tɩya ba rɛ a baa, “Ma bɩrɩmɩ lɩɩ ma wɩbɔmɔ tɩyaŋ, beewɩya Wɩɩsɩbee koro hʋ kpaga rɛ!”"
4,John wore clothes made of camel's hair. He had a leather strap around his waist and ate grasshoppers and wild honey.,"Nyɔgɩmaa pʋna gannɩ rɛ Gyɔɔŋ gyɩ fa kɩ laalɩ, aŋ aa kpa tɛpɩɩŋbii vʋwa ʋ tɩŋa. Nyɩŋgɩrɩgɩsɩ abee tʋʋ rɛ gyɩ yaa ʋ kɩdiiliye."
5,From Jerusalem and all Judea and from the Jordan River Valley crowds of people went to John.,"Nala gyɩ lɩɩ Gyerusalɛm abee Gyudɩya paalʋʋ abee tɔnɩ hʋ buloŋ aa kpaga Gyɔɔdaŋ fuwo hʋ buloŋ nɛ, a kɩ ko ʋ lee."
6,"They told how sorry they were for their sins, and he baptized them in the river.","Ba aa ko lusi ba wɩbɔmɔ aŋ tuu Gyɔɔdaŋ fuwo hʋ, ʋ fo ba wɩɩkyʋwalnɩɩ."
7,Many Pharisees and Sadducees also came to be baptized. But John said to them: You bunch of snakes! Who warned you to run from the coming judgment?,"Amɛ Gyɔɔŋ aa ko na dɩ Farasiima abee Sadusiima yʋga aa kɩ ko ʋ lee dɩ ʋ fo ba wɩɩkyʋwalnɩɩ gɛɛ, ɛɛ rɛ ʋ basɩ tɩya ba a baa, “Ɛɛdɔŋ dʋma! Ma dawarɩ yʋga ma tɩyaŋ! Ma bɩɩna ma sɩ wuwo fá nyʋgɩsɩ kyɛɛ hʋ Wɩɩsɩ aa sɩ di nala sarɩya rɛ koo?"
10,An ax is ready to cut the trees down at their roots. Any tree that doesn't produce good fruit will be chopped down and thrown into a fire.,"Ma na, Wɩɩsɩ yaa siri abee ʋ saa rɛ dɩ ʋ ŋmaŋ tɩɩsɩ lo. Tɩya hʋ buloŋ aa bee nɔŋ nɔŋweliye, ʋ sɩ ŋmana ʋ lo a paa we diŋ tɩyaŋ."
12,"His threshing fork is in his hand, and he is ready to separate the wheat from the husks. He will store the wheat in a barn and burn the husks in a fire that never goes out. The Baptism of Jesus (Mark","Ʋ kol ʋ mɩkyaarɩgbaha rɛ, dɩ ʋ ko ŋmaa ʋ mɩya buloŋ teŋ, dɩ ʋ kpa gbaha hʋ a kyaarɩ lɩɩ miŋbii hʋ a we ʋ busol tɩyaŋ aŋ kpa mɩŋgyɔrʋ hʋ we diŋ tɩyaŋ. Diŋ hʋ aa bɩ sɩ maakyiye dɩsɩ.” Gyɔɔŋ foo Yesu wɩɩkyʋwalnɩɩ Maakɩ"
15,"Jesus answered, “For now this is how it should be, because we must do all God wants us to do.” Then John agreed.","Ɛɛ rɛ Yesu basɩ tɩya ʋ a baa, “Ɩ kɛ yaa gɛɛ ŋ aa baa ɩ yaa. Nyɛ rɛ sɩ leŋ dɩ á yaa wɩya hʋ buloŋ Wɩɩsɩ aa kyɛɛ.” Ɛɛ rɛ Gyɔɔŋ laa nyʋwa, a fo Yesu wɩɩkyʋwalnɩɩ."
16,"So Jesus was baptized. And as soon as he came out of the water, the sky opened, and he saw the Spirit of God coming down on him like a dove.","Gyɔɔŋ aa yaŋ fo Yesu wɩɩkyʋwalnɩɩ hʋ ko teŋ, ɛɛ rɛ Yesu mɩɩgɩ lɩɩ nɩɩ hʋ tɩyaŋ a ko dɩ ʋ lɩɩ, dɩ ʋ naa wɩɩsɩnyuu lɔgɔ suri. Ka ʋ na Wɩɩsɩ Wiyesi Welii hʋ a kɩɩ gɛɛ anɩɩ kokomo, a ko tuu saga ʋ tɩyaŋ."
17,"Then a voice from heaven said, “This is my own dear Son, and I am pleased with him.”","Doŋ tɩyaŋ nɛ, ʋ nɩɩ taal dɩ ʋ lɩɩ wɩɩsɩnyuu a baa, “Ŋ biikyoolii rɛ nyɛ. Ŋ teŋ fɩyɛla rɛ ʋ tɩyaŋ.”"
12,"When Jesus heard that John had been put in prison, he went to Galilee.","Yesu aa ko nɩɩ dɩ ba kaŋ Gyɔɔŋ Wɩɩsɩnɩɩfool hʋ tɔ dɩyaŋ, ɛɛ rɛ ʋ sii lɩɩ Gyudɩya paalʋʋ tɩyaŋ a kpa mʋ Galili paalʋʋ."
13,"But instead of staying in Nazareth, Jesus moved to Capernaum. This town was beside Lake Galilee in the territory of Zebulun and Naphtali.","Nyɛ rɛ ʋ sii kpa mʋ Nazarɛti a bɩl lɩɩ doŋ a mɩɩgɩ kpa mʋ hɔŋ Kapɛɛnam tɩyaŋ. Tɔɔ no kpaga Galili fuwobal hʋ rɛ, a we Zebulɔŋ abee Nafitali paalʋʋ tɩyaŋ."
3,"Then the devil came to him and said, “If you are God's Son, tell these stones to turn into bread.”","Doŋ nɛ Sɩtaanɩ ko basɩ tɩya ʋ a baa, “Na ɩ yaa Wɩɩsɩ Biye rɛ, ɛɛ kɛ leŋ dɩ bʋwa no bɩrɩmɩ kɩdiiliye.”"
7,"Jesus answered, “The Scriptures also say, ‘Don't try to test the Lord your God!’ ”","Ɛɛ rɛ Yesu basɩ tɩya ʋ a baa, “Ba bɩl saba Wɩɩsɩ teŋ logiŋ kɩdɩgɩ tɩyaŋ nɛ a baa, “Ta kɩ magɩsɩ ɩ Tɩɩna Wɩɩsɩ.”"
8,"Finally, the devil took Jesus up on a very high mountain and showed him all the kingdoms on earth and their power.","Ɛɛ rɛ Sɩtaanɩ bɩl kaŋ Yesu mʋ gyɩŋ dogiŋbal kɩdɩgɩ nyuu a daga ʋ dʋnɩya koro abee ʋ weliŋ buloŋ fine,"
9,"The devil said to him, “I will give all this to you, if you will bow down and worship me.”","aŋ basɩ tɩya ʋ a baa, “Ŋ sɩ kpa kɩna no buloŋ tɩya ɩ, dɩ ɩ rɛ sɩ tuu gbinni a kyʋwalɩ ŋ abee gyɩrɩma.”"
10,"Jesus answered, “Go away Satan! The Scriptures say: ‘Worship the Lord your God and serve only him.’ ”","Ɛɛ rɛ Yesu basɩ tɩya ʋ a baa, “Sɩtaanɩ, fasɩ mʋ ŋ sɩyaŋ! Wɩɩsɩ teŋ tɩyaŋ ba saba rɛ a baa, Kɩ kyʋwalɩ ŋ Tɩɩna Wɩɩsɩ dʋŋ abee gyɩrɩma aŋ kɩ tɩŋa ʋ.”"
14,"So God's promise came true, just as the prophet Isaiah had said,",Wɩɩ no gyɩ yaa rɛ dɩ wɩɩ hʋ Wɩɩsɩ gyɩ aa tɩŋ ʋ tɩŋdaal Azaaya tɩyaŋ basɩ ko yaa wɩtɩɩ.
15,"“Listen, lands of Zebulun and Naphtali, lands along the road to the sea and across the Jordan. Listen Galilee, land of the Gentiles!","Ʋ gyɩ baa, “Ma nala hʋ aa we Zebulɔŋ abee Nafitali paalʋʋ aa kyaasɩ Galili fuwobal hʋ, Gyɔɔdaŋ fuwobal hʋ kyolo, abee Galili paalʋʋ nala, lee hʋ tɩyaŋ nala hʋ aa bɩ yaa Gyuuma aa yʋga, ma nɩɩ daha,"
20,Right then the two brothers dropped their nets and went with him.,"Haŋ lagɩlagɩbiye hʋ ba kpa ba keliŋsi hʋ ta, aŋ sii tɩŋa ʋ hal."
18,"While Jesus was walking along the shore of Lake Galilee, he saw two brothers. One was Simon, also known as Peter, and the other was Andrew. They were fishermen, and they were casting their net into the lake.",Yesu gyɩ kpaa Galili fuwobal hʋ nyʋwa a kpala kɩ baŋ dɩ ʋ naa fuwonaŋkasɩla balɩya dɩ ba aa kasɩ fuwonamɩɩsɩ abee ba keliŋsi. Ba gyɩ yaa nɩmmabalɩya rɛ. Kɩdɩgɩ feŋ nɛ yaa Siimɔŋ Ʋ naabiye hʋ mɛ feŋ nɛ Aŋduru.
21,"Jesus walked on until he saw James and John, the sons of Zebedee. They were in a boat with their father, mending their nets. Jesus asked them to come with him.","Yesu bɩl kpaa kɩ mʋ dɩ ʋ naa Gyemsi bee ʋ naabiye Gyɔɔŋ abee ba kuwo Zebedi, dɩ ba we nɩɩduworiboro tɩyaŋ a kɩ marɩ ba keliŋsi."
22,"At once they left the boat and their father and went with Jesus. Jesus Teaches, Preaches, and Heals (Luke","Ɛɛ rɛ Yesu yɩrɩ ba, ba guu sii a leŋ ba nɩɩduworiboro hʋ abee ba kuwo buloŋ ta, aŋ tɩŋ Yesu hal. Yesu tɩɩbɩ wɩɩla tɩmma Luka"
23,"Jesus went all over Galilee, teaching in their synagogues and preaching the good news about God's kingdom. He also healed every kind of disease and sickness.","Ɛɛ rɛ Yesu gɔllɩ Galili paalʋʋ buloŋ a kɩ daga nala Gyuuma wɩɩkyʋwaldɩɩsɩ tɩyaŋ, a basɩ Wɩɩsɩ koro hʋ wɩweliye wɩya a kɩ tɩya nala aŋ pɛ kɩ tɩɩbɩ nala aa kaŋ wɩɩla iriŋ iriŋ buloŋ mɛ."
24,"News about him spread all over Syria, and people with every kind of sickness or disease were brought to him. Some of them had a lot of demons in them, others were thought to be crazy, and still others could not walk. But Jesus healed them all.","Ɛɛ rɛ Yesu wɩya taalɩ Siiriya paalʋʋ buloŋ. Nala sii kaŋ ba wɩɩla tɩmma kɩ ko ʋ lee. Gbarɩga abee kpuŋkpuŋ-telle abee nala gyɩŋbɔmɔ aa kana abee wɩɩla iriŋ iriŋ buloŋ tɩmma rɛ ba kaŋ ko, Yesu tɩɩbɩ ba buloŋ."
25,"Large crowds followed Jesus from Galilee and the region around the ten cities known as Decapolis. They also came from Jerusalem, Judea, and from across the Jordan River.","Nyɛ rɛ nɩgyamaa sii giri lɩɩ Galili paalʋʋ abee tɔnɩ fi hʋ, abee Gyerusalɛm, abee Gyudɩya paalʋʋ a paa tɩŋ Yesu hal. Ba badɔmɔŋ mɛ gyɩ lɩɩ Gyɔɔdaŋ fuwo hʋ kyolo paalʋʋ rɛ."
20,"You must obey God's commands better than the Pharisees and the teachers of the Law obey them. If you don't, I promise you will never get into the kingdom of heaven. Anger","Ŋ basɩ kɩ tɩya ma rɛ, see dɩ ma kaŋ tɩpʋlʋŋ a te Wɩɩsɩ Teŋ dɩdagɩla abee Farasiima hʋ, aŋ kɩ yaa wɩya hʋ Wɩɩsɩ aa kyɛ, dɩ gɛɛ daa, ma bɩ sɩ wuwo gyʋʋ wɩɩsɩbee koro hʋ. Yesu basɩ baaŋ nayɩ wɩya"
23,"So if you are about to place your gift on the altar and remember that someone is angry with you,","Ɛɛwɩya, dɩ ɩ rɛ kaŋ wɩɩsʋllɩ kɩna kɩ mʋ wɩɩsʋllɩ-kogu hʋ nyuu dɩ ɩ sʋla Wɩɩsɩ, aŋ liisi mʋ na anɩɩ ɩ yaa wɩɩ kyogi ɩ dɔŋtɩɩna rɛ,"
3,God blesses those people who depend only on him. They belong to the kingdom of heaven!,"“Nyusʋŋtɩmma rɛ yaa nala hʋ aa kpaa ba bayɩyɛla buloŋ we Wɩɩsɩ tɩyaŋ, ba aa rɛ sɩ di wɩɩsɩbee koro hʋ tɔnɔ."
4,God blesses those people who grieve. They will find comfort!,"Nyusʋŋtɩmma rɛ yaa nala hʋ aa wii, Wɩɩsɩ sɩ fɩyɛlɩ ba bembiye."
7,God blesses those people who are merciful. They will be treated with mercy!,"Nyusʋŋtɩmma rɛ yaa nala hʋ aa fá nala sikii, Wɩɩsɩ mɛ sɩ fá ba sikii."
8,God blesses those people whose hearts are pure. They will see him!,Nyusʋŋtɩmma rɛ yaa nala hʋ aa kaŋ tɩpʋlʋŋ Wɩɩsɩ sɩya tɩyaŋ ba aa rɛ sɩ na Wɩɩsɩ.
14,"You are the light for the whole world. A city built on top of a hill cannot be hidden,","Ma kɩɩ gɛɛ rɛ anɩɩ pʋlʋŋ dʋnɩya nala buloŋ lee. Tɔɔ buloŋ aa sɩŋ dogimo nyuu tɩyaŋ, ʋ bɩ sɩ wuwo faŋa."
34,"But I tell you not to swear by anything when you make a promise! Heaven is God's throne, so don't swear by heaven.","Amɛ ŋ basɩ kɩ tɩya ma rɛ, dɩ mamaa rɛ aa kyɛ dɩ ma yaa wɩɩ, ma ta ŋmɩyɛsa Wɩɩsɩ. Ma ta ŋmɩyɛsɩ wɩɩsɩbee mɛ, beewɩya doŋ nɛ Wɩɩsɩ hɔŋ a kɩ deŋ dʋnɩya buloŋ."
35,"The earth is God's footstool, so don't swear by the earth. Jerusalem is the city of the great king, so don't swear by it.","Ma ta ko ŋmɩyɛsɩ taŋha nyuu mɛ, beewɩya Wɩɩsɩ naasɩ liwiyesii rɛ gɛɛ. Ma ta ŋmɩyɛsɩ Gyerusalɛm mɛ, beewɩya Wɩɩsɩ, á Kuworibal hʋ, bee rɛ gɛɛ."
13,"You are the salt for everyone on earth. But if salt no longer tastes like salt, how can it make food salty? All it is good for is to be thrown out and walked on.","Ma kɩɩ gɛɛ rɛ anɩɩ yɩsɩ dʋnɩya nala buloŋ lee. Yɩsɩ sʋma, amɛ dɩ ʋ sʋmɩŋ nɛ ko lɩɩ, ɩ bɩl bɩ sɩ wuwo yaa dɩ ʋ sʋma. Ʋ aa mɩɩgɩ bɩrɩmɩ kɩtɔɔ rɛ, ba kpa yuwo ta nala nʋwɔsɩ kɩ baŋ."
15,"and no one lights a lamp and puts it under a clay pot. Instead, it is placed on a lampstand, where it can give light to everyone in the house.","Nal buloŋ mɛ aa kyɛ pʋlʋŋ ʋ dɩya tɩyaŋ, ʋ bɩ sɩ nyɔgɔ fɩŋtɩna gyʋʋ biŋ aŋ kpa gbaha kyige tɔ. Ʋ aa kpa saga fɩŋtɩŋdaaŋ tɩyaŋ nɛ, dɩ ʋ kyaanɩ tɩya nal buloŋ aa we dɩya hʋ tɩyaŋ."
17,"Don't suppose I came to do away with the Law and the Prophets. I did not come to do away with them, but to give them their full meaning.","Ma ta bɩɩna anɩɩ ŋ ko dɩ ŋ paa Mɩrɩsɩ hʋ Moosi fa aa saba biŋ koo Wɩɩsɩ tɩŋdaala wɩdagɩya hʋ kɩdɩgɩ buloŋ ta rɛ? Ŋ bɩ ko dɩ ŋ paa ba ta, amɛ ŋ ko rɛ dɩ ŋ leŋ wɩya no su ba bʋʋsɛ."
22,"But I promise you if you are angry with someone, you will have to stand trial. If you call someone a fool, you will be taken to court. And if you say that someone is worthless, you will be in danger of the fires of hell.","Amɛ lagɩlagɩ no, ŋ basɩ kɩ tɩya ma rɛ, nal hʋ buloŋ aa naa baaŋ ʋ dɔŋtɩɩna nyuu tɩyaŋ, Wɩɩsɩ sɩ di ʋ tɩɩna sarɩya. Nal hʋ mɛ buloŋ aa baa dɩ ʋ dɔŋtɩɩna yaa nɩgyɔrɩ rɛ, ba sɩ kana ʋ mʋ di ʋ sarɩya. Nal hʋ mɛ buloŋ aa baa dɩ ʋ dɔŋtɩɩna yaa nɩtɔɔ rɛ, ʋ tɩɩna sɩ mʋ gyʋʋ diŋ."
24,"leave your gift there in front of the altar. Make peace with that person, then come back and offer your gift to God.","ʋ maga dɩ ɩ leŋ wɩɩsʋllɩ kɩna hʋ kogu hʋ sɩya tɩyaŋ nɛ aŋ mɩɩgɩ mʋ, dɩ ɩ bee ɩ dɔŋtɩɩna hʋ marɩ dɔmɔŋ, ka dɩ ɩ na mɩɩgɩ mʋ kpa kɩna hʋ a sʋla Wɩɩsɩ."
25,"Before you are dragged into court, make friends with the person who has accused you of doing wrong. If you don't, you will be handed over to the judge and then to the officer who will put you in jail.","Dɩ nal lɛ sama ɩ, a kana ɩ kɩ mʋ sarɩya lidiilii, yaa kuwokeri aŋ leŋ dɩ ma basɩ wɩɩ hʋ marɩ dɔmɔŋ ŋmanɩɩ tɩyaŋ lagɩ lagɩ aŋ na mʋ. Dɩ gɛɛ daa, ʋ sɩ kana ɩ mʋ we sarɩdiile nosi tɩyaŋ. Sarɩdiile hʋ mɛ sɩ kpa ɩ we porisi nosi tɩyaŋ, dɩ ba mɛ kana ɩ mʋ tɔ dɩyaŋ."
33,"You know our ancestors were told, “Don't use the Lord's name to make a promise unless you are going to keep it.”","Ma bɩl nɩya dɩ Wɩɩsɩ gyɩ basɩ tɩya faafaa nala rɛ a baa, “Dɩ ɩ rɛ ŋmɩyɛsɩ Wɩɩsɩ anɩɩ ɩ sɩ yaa wɩɩ, ta ko vɩya wɩɩ hʋ yayɩ. Amɛ yaa wɩɩ hʋ ɩ aa ŋmɩyɛsa baa dɩ ɩ sɩ yaa hʋ.”"
39,"But I tell you not to try to get even with a person who has done something to you. When someone slaps your right cheek, turn and let that person slap your other cheek.","Amɛ ŋ basɩ kɩ tɩya ma rɛ anɩɩ dɩ nal lɛ yaa ɩ wɩbɔŋ, ta yaa wɩbɔŋ tuŋ ʋ tɩɩna. Dɩ nal lɛ ŋmaa ɩ noduu kyaŋkpaŋ tɩyaŋ, kaŋ ɩ nogɔbɔ kyaŋkpaŋ mɛ bɩrɩmɩ tɩya ʋ dɩ ʋ ŋmaa."
40,"If someone sues you for your shirt, give up your coat as well.","Dɩ nal lɛ sama ɩ, dɩ ʋ laa ɩ gabiye, wuri ɩ gabal mɛ pɛ tɩya ʋ."
41,"If a soldier forces you to carry his pack one kilometer, carry it two kilometers.","Dɩ nal lɛ fɩla ɩ dɩ ɩ kyʋŋ ʋ kyʋgɩsɩ a vala meeldaaŋ, leŋ dɩ ma bɩl vala meeldaaŋ a pɛ."
42,"When people ask you for something, give it to them. When they want to borrow money, lend it to them. Love (Luke","Dɩ ɩ rɛ kaŋ kɩŋ, dɩ nal sʋla, kpa tɩya ʋ. Dɩ nal lɛ ko ɩ lee a kɩ kyɛ kɩŋ dɩ ʋ kyɩma, dɩ ɩ rɛ kana, kpa kyɩma ʋ. Yesu baa á kyo á dɔmɔ Luka"
43,"You have heard people say, “Love your neighbors and hate your enemies.”",Ma nɩya dɩ ba baa dɩ ma kyo ma dɔŋtɩŋsɩ aŋ haasɩ ma dɔmɔ.
44,But I tell you to love your enemies and pray for anyone who mistreats you.,"Amɛ ŋ basɩ kɩ tɩya ma rɛ, ma kyo ma dɔmɔ aŋ kyʋwalɩ Wɩɩsɩ kɩ tɩya nala hʋ mɛ aa dɔgɩsɩ ma."
45,Then you will be acting like your Father in heaven. He makes the sun rise on both good and bad people. And he sends rain for the ones who do right and for the ones who do wrong.,"Ɛɛ sɩ leŋ dɩ ma yaa ma Kuwo Wɩɩsɩ aa we wɩɩsɩbee tɩyaŋ balɩya. Ʋ leŋ ʋ wɩɩsɩ pɔsɔ kɩ we nɩbɔmɔ abee niweliye buloŋ tɩyaŋ nɛ, a leŋ duwoŋ nɩɩ kɩ tɩya niweliye abee nɩbɔmɔ buloŋ."
46,"If you love only those people who love you, will God reward you for this? Even tax collectors love their friends.","Dɩ ɩ rɛ kyo nala hʋ aa kyo ɩ dʋŋ, ɩ bɩ sɩ kaŋ tuno wɩɩsɩbee tɩyaŋ. Beewɩya nɩbɔmɔ mɛ gba aa daga kyori no iriŋ nɛ."
1,"When you do good deeds, don't try to show off. If you do, you won't get a reward from your Father in heaven.","Ɛɛ rɛ Yesu bɩl basɩ tɩya ʋ hatɩnna hʋ a baa, “Ma pɔ dɩ ma ta kɩ yaa ma wɩyaaweliye nala sɩya tɩyaŋ dɩ ba na. Dɩ mamaa rɛ aa yaa gɛɛ ma bɩ sɩ kaŋ tuno buloŋ ma kuwo aa we wɩɩsɩbee tɩyaŋ lee."
3,"When you give to the poor, don't let anyone know about it.","Amɛ dɩ ɩ rɛ kpaa kɩŋ tɩya nyaabʋ, ta leŋ dɩ ɩ kyaŋfɩyaŋ mɛ gba gyɩma."
5,"When you pray, don't be like those show-offs who love to stand up and pray in the synagogues and on the street corners. They do this just to look good. I can assure you that they already have their reward.","Ɛɛ rɛ Yesu bɩl baa, “Dɩ ma ko kɩ kyʋwalɩ Wɩɩsɩ, ma ta kɩɩ minaafigi tɩmma hʋ, beewɩya ba aa kyo dɩ ba sɩŋ wɩɩkyʋwaldɩɩsɩ abee ŋmaŋsɩ logimo tɩyaŋ nɛ, a kɩ kyʋwalɩ Wɩɩsɩ dɩ nal buloŋ na ba. Wɩtɩɩ rɛ ŋ basɩ kɩ tɩya ma, ba kɛ laa ba tuno buloŋ nɛ gɛɛ."
6,"When you pray, go into a room alone and close the door. Pray to your Father in private. He knows what is done in private and will reward you.","Amɛ dɩ ma ko kɩ kyɛ dɩ ma kyʋwalɩ Wɩɩsɩ, ma gyʋʋ ma dɩɩsɩ a kaŋ borisi hʋ tɔ, aŋ sʋla ma Kuwo hʋ ma aa bee na. Ʋ kɛ aa na wɩɩ hʋ ma aa faŋa kɩ yaa rɛ, ʋ sɩ tuŋ ma."
7,"When you pray, don't talk on and on as people do who don't know God. They think God likes to hear long prayers.","Dɩ ma ko kɩ kyʋwalɩ Wɩɩsɩ, ma ta kɩ basɩ wɩgyamaa aa bɩ kaŋ memii, anɩɩ nala hʋ aa bɩ gyɩŋ Wɩɩsɩ aa kɩ yaa gɛɛ. Ba bɩɩna anɩɩ ba wɩbasɩgyamaa no rɛ sɩ leŋ dɩ Wɩɩsɩ nɩɩ ba kyʋwala."
8,Don't be like them. Your Father knows what you need even before you ask.,"Ma ta kɩɩ ba. Beewɩya ma Kuwo kɛ gyɩŋ kɩŋ hʋ ma aa kyɛ rɛ, dɩ ma ha gba bɩ sʋla ʋ."
9,"You should pray like this: Our Father in heaven, help us to honor your name.","Dɩ ma ko kɩ kyɛ dɩ ma kyʋwalɩ Wɩɩsɩ, ma baa, “Á Kuwo Wɩɩsɩ aa we wɩɩsɩbee tɩyaŋ, leŋ dɩ ɩ feŋ na bigisii."
10,"Come and set up your kingdom, so that everyone on earth will obey you, as you are obeyed in heaven.",Leŋ dɩ ɩ koro ko. Leŋ dɩ nala kɩ tɩŋa ɩ nyʋwa taŋha no tɩyaŋ anɩɩ ba aa tɩŋ gɛɛ wɩɩsɩbee tɩyaŋ.
14,"If you forgive others for the wrongs they do to you, your Father in heaven will forgive you.","Dɩ ɩ dɔŋtɩɩna rɛ yaa ɩ wɩbɔŋ, ka dɩ ɩ kpa kyɛ ʋ, ɩ Kuwo Wɩɩsɩ aa we wɩɩsɩbee tɩyaŋ mɛ sɩ kpa ɩ wɩbɔmɔ kyɛ ɩ."
15,"But if you don't forgive others, your Father will not forgive your sins. Worshiping God by Going without Eating","Amɛ dɩ ɩ rɛ bɩ kpaa wɩya kɩ kyɛ ɩ dɔŋtɩŋsɩ, ɩ Kuwo Wɩɩsɩ mɛ bɩ sɩ kpa ɩ wɩbɔmɔ kyɛ ɩ.” Yesu daga nala nyʋwa vʋwayɩ"
17,"Instead, comb your hair and wash your face.","Amɛ dɩ mamaa rɛ ko vʋwa nyʋwa, ma sɔŋ ma sɩya a kyaasɩ ma nyuni"
18,"Then others won't know you are going without eating. But your Father sees what is done in private, and he will reward you. Treasures in Heaven (Luke","dɩ nala ta wuwo gyɩma anɩɩ ma vʋwa nyʋwa rɛ, see ma Kuwo Wɩɩsɩ, nal hʋ ma aa bee na dʋŋ. Ʋ kɛ na wɩɩ hʋ ma aa faŋa yaa rɛ, ɛɛ wɩya ʋ sɩ tuŋ ma.” Wɩɩsɩbee dʋwa Luka"
33,"But more than anything else, put God's work first and do what he wants. Then the other things will be yours as well.","Amɛ, ma laa sɩya kyɛ kɩna hʋ aa we Wɩɩsɩ koro hʋ tɩyaŋ, a kyɛ gɛɛ hʋ ma aa sɩ yaa a kaŋ tɩpʋlʋŋ Wɩɩsɩ sɩya tɩyaŋ. Ʋ sɩ kpa kɩkaalɩya hʋ buloŋ mɛ a pɛ tɩya ma."
34,Don't worry about tomorrow. It will take care of itself. You have enough to worry about today.,"Ɛɛwɩya, ma ta leŋ dɩ kyiye wɩya kyɩl ma. Kyɛɛ buloŋ kaŋ ʋ wɩgyʋʋlɩya rɛ. Ma ta bɩl kpaa wɩdʋma buloŋ pɛ kyɛɛ kɩdɩgɩ buloŋ bee ʋ wɩgyʋʋlɩya tɩyaŋ.”"
19,"Don't store up treasures on earth! Moths and rust can destroy them, and thieves can break in and steal them.","Nyɛ rɛ Yesu bɩl baa, “Ma ta kyɛɛ kɩna kɩ biŋ ma tɩɩ dʋnɩya no tɩyaŋ. Beewɩya, dʋnɩya tɩyaŋ, pʋgɩma sɩ di badɔmɔŋ ka badɔmɔŋ mɛ sʋ, ka dɩ gaala mɛ wuwo gyʋʋ gaa badɔmɔŋ."
20,"Instead, store up your treasures in heaven, where moths and rust cannot destroy them, and thieves cannot break in and steal them.","Amɛ ma kyɛ kɩna kɩ biŋ ma tɩɩ wɩɩsɩbee tɩyaŋ, lee hʋ pʋgɩma aa bɩ sɩ wuwo di ba, ba bɩ sɩ sʋ, ka gaala mɛ bɩ sɩ wuwo gaa ba."
23,"But when your eyes are bad, everything is dark. If the light inside you is dark, you surely are in the dark. Money (Luke","amɛ dɩ ɩ sɩya bee na, ɩ teŋ buloŋ aa we bilhuu tɩyaŋ nɛ. Dɩ kyaanʋʋ hʋ aa we ɩ tɩyaŋ nɛ ko bɩrɩmɩ bilhuu, bilhuu kɩŋkaŋ tɩyaŋ nɛ ɩ paalɩ we gɛɛ.” Yesu daga nala dɩ ba ta kyɩla kɩdiiliye abee gannɩ wɩya Luka"
24,You cannot be the slave of two masters! You will like one more than the other or be more loyal to one than the other. You cannot serve both God and money. Worry (Luke,"Ba bɩ sɩ wuwo kpa dʋŋdɔɔdɩgɩ a dɔbɔ dʋŋdɔɔ-nɩmma balɩya, beewɩya ʋ sɩ kyo kɩdɩgɩ aŋ haasɩ kɩdɩgɩ mɛ. Ʋ sɩ kɩ tɩŋ kɩdɩgɩ nyʋwa weliŋ aŋ kɩ vɩya kɩdɩgɩ hʋ mɛ nyʋwa. Ɛɛ tɩɩ rɛ nal buloŋ mɛ bɩ sɩ wuwo kyo dʋnɩya no kɩna aŋ bɩl tɩŋ Wɩɩsɩ mɛ."
31,"Don't worry and ask yourselves, “Will we have anything to eat? Will we have anything to drink? Will we have any clothes to wear?”","Ɛɛwɩya ma ta leŋ kɩdiiliye hʋ ma aa sɩ di, koo kɩŋ hʋ ma aa sɩ nyʋwa, koo kɩŋ hʋ mɛ ma aa sɩ laalɩ wɩya kyɩl ma."
26,Look at the birds in the sky! They don't plant or harvest. They don't even store grain in barns. Yet your Father in heaven takes care of them. Aren't you worth much more than birds?,"Ma deŋ na digibiisi, ba bee pala, ba bɩ kaŋ busolo mɛ a kɩ we kɩdiiliye, amɛ á Kuwo Wɩɩsɩ aa we wɩɩsɩbee tɩyaŋ nɛ aa tɩya ba kɩdiiliye. Ma yaŋ daa kaŋ tɔnɔ a te digibiisi no?"
28,Why worry about clothes? Look how the wild flowers grow. They don't work hard to make their clothes.,"Bee rɛ yaŋ tɩŋ gannɩ wɩya kyɩl ma? Ma deŋ na tɩɩfɩɩla aa we ɔhɔ tɩyaŋ. Ba bee tʋŋ tʋma, ba bɩ ala gannɩ mɛ kɩ laalɩ,"
29,But I tell you that Solomon with all his wealth wasn't as well clothed as one of them.,amɛ ba weliye rɛ kɩŋkaŋ. Kuwori Solomɔn gyɩ kaŋ kɩna rɛ weliŋ. Amɛ abee gɛɛ buloŋ ʋ gannɩ fa bɩ weliye a maga tɩɩfɩɩla no kɩdɩgɩ buloŋ.
30,"God gives such beauty to everything that grows in the fields, even though it is here today and thrown into a fire tomorrow. God will surely do even more for you! Why do you have such little faith?","Dɩ Wɩɩsɩ rɛ aa sɩ wuwo leŋ ɔhɔ aa sɩ we doŋ gyɩnaŋ bee kyiye dʋŋ weliye gɛɛ, ma bɩɩna anɩɩ Wɩɩsɩ bɩ sɩ wuwo leŋ dɩ ma na gannɩ tɔ ma tɩɩ rɛ koo. Ma na gɛɛ ma Wɩɩsɩ laadii aa maga?"
32,Only people who don't know God are always worrying about such things. Your Father in heaven knows you need all of these.,"Nala hʋ aa bɩ gyɩŋ Wɩɩsɩ dʋnɩya no tɩyaŋ, ba aa rɛ aa leŋ kɩna no wɩya kyɩl ba. Ma Kuwo aa we wɩɩsɩbee tɩyaŋ gyɩma anɩɩ ma maga dɩ ma kaŋ kɩna no buloŋ nɛ."
1,"Don't condemn others, and God won't condemn you.","Ta dii ɩ dɔŋtɩɩna sarɩya, dɩ Wɩɩsɩ mɛ ta dii ɩ sarɩya."
2,God will be as hard on you as you are on others! He will treat you exactly as you treat them.,"Beewɩya ɛɛ hʋ tɩɩ ɩ aa yaŋ di ɩ dɔŋtɩɩna sarɩya, ɛɛ tɩɩ rɛ Wɩɩsɩ mɛ sɩ di ɩ sarɩya. Ɩ aa yaŋ kpa gɛɛ tɩŋ ɩ dɔŋtɩɩna, ɛɛ tɩɩ rɛ Wɩɩsɩ mɛ sɩ kpa tɩŋa ɩ."
3,"You can see the speck in your friend's eye, but you don't notice the log in your own eye.",Ɛɛ rɛ ɩ yaa a wuwo na gyagɩŋ hʋ aa we ɩ dɔŋtɩɩna sɩɩ tɩyaŋ aŋ bee na daakuu hʋ kɛ aa we ɩ tɩɩ sɩɩ tɩyaŋ?
4,"How can you say, “My friend, let me take the speck out of your eye,” when you don't see the log in your own eye?","Ɛɛ rɛ ɩ sɩ yaa basɩ tɩya ɩ dɔŋtɩɩna a baa dɩ ʋ leŋ dɩ ɩ lɩɩ gyagɩŋ hʋ aa we ʋ sɩɩ tɩyaŋ ta, aŋ bɩ sɩ wuwo lɩɩ daakuu hʋ aa we ɩ tɩɩ sɩɩ tɩyaŋ kɛ."
5,"You're nothing but show-offs! First, take the log out of your own eye; then you can see how to take the speck out of your friend's eye.","Ɛɛdɔŋ minaafigi tɩɩna! Laa sɩya lɩɩ daakuu hʋ aa we ɩ tɩɩ sɩɩ tɩyaŋ dɩ ɩ sɩya wuwo kɩ na weliŋ, dɩ ɩ na wuwo lɩɩ gyagɩŋ hʋ aa we ɩ dɔŋtɩɩna sɩɩ tɩyaŋ."
11,"As bad as you are, you still know how to give good gifts to your children. But your heavenly Father is even more ready to give good things to people who ask.","Ma nala no yaŋ aa bɔmɔ nyɛ, aŋ gyɩŋ dɩ ma kpa kɩweliye tɩya ma biisi, ɛɛ rɛ ma kuwo Wɩɩsɩ aa we wɩɩsɩbee tɩyaŋ sɩ yaa a bɩ sɩ kpa kɩweliye aa tee gɛɛ tɩya nal hʋ aa sʋla ʋ kɩ kyɛ?"
9,"Would any of you give your hungry child a stone, if the child asked for some bread?",Ma kɩbee rɛ sɩ laa nyʋwa kpa bʋyɩ tɩya ʋ biye dɩ ʋ rɛ baa ɩ tɩya ʋ kɩdiiliye?
7,"Ask, and you will receive. Search, and you will find. Knock, and the door will be opened for you.","Dɩ ɩ rɛ sʋl kɩŋ Wɩɩsɩ lee, ɩ aa na ʋ rɛ."
10,Would you give your child a snake if the child asked for a fish?,"Koo dɩ ʋ baa ɩ tɩya ʋ fuwonamɩya, ɩ sɩ kpa dʋŋ tɩya ʋ? Aayɩ, ɩ bɩ sɩ yaa gɛɛ!"
12,Treat others as you want them to treat you. This is what the Law and the Prophets are all about. The Narrow Gate (Luke,"Mɩrɩsɩ hʋ Moosi gyɩ aa bine dɩ nala kɩ tɩŋa abee Wɩɩsɩ tɩŋdaala wɩbasɩya hʋ buloŋ, ba wɩnyuu rɛ yaa wɩɩ no: Ɩ aa bee kyɛ wɩɩ ta kpaa ʋ yaa ɩ dɔŋtɩɩna. Ma tɩŋ dimbeenyʋwa hʋ aa bɩ gyalɩya a gyʋʋ wɩɩsɩbee Luka"
24,Anyone who hears and obeys these teachings of mine is like a wise person who built a house on solid rock.,"Ɛɛ rɛ Yesu bɩl baa, “Nal hʋ buloŋ aa gyegile nɩɩ wɩya no ŋ aa basɩ kɩ tɩya ma, a kɩ tɩŋ ba, ʋ tɩɩna kɩɩ gɛɛ rɛ anɩɩ wɩgyʋnnɩ aa saa ʋ dɩya sɩgɩ bʋnyɩŋ tɩyaŋ."
14,But the gate to life is very narrow. The road that leads there is so hard to follow that only a few people find it. A Tree and Its Fruit (Luke,"Amɛ wɩɩsɩbee dimbeenyʋwa hʋ kɛ muro rɛ, ka ŋmanɩɩ hʋ mɛ aa mʋ doŋ valɩɩ hayɛ. Nala baŋmana dʋŋ nɛ wuwo na ŋmanɩɩ no a kɩ tɩŋa.” Tɩya abee ʋ nɔnɔ Luka"
16,You can tell what they are by what they do. No one picks grapes or figs from thornbushes.,"Ba wɩyaalɩya tɩyaŋ nɛ ma sɩ tɩŋa a gyɩŋ ba. Beewɩya sɔgyaŋ bee nɔŋ kyʋkyɔyɩ, sugulugu mɛ bee nɔŋ tutogi-naŋkpɩlɩya."
17,"A good tree produces good fruit, and a bad tree produces bad fruit.","Ɛɛ tɩɩ rɛ yaŋ, tɩya hʋ buloŋ aa kaŋ laaŋfɩya aa nɔŋ nɔŋweliye rɛ, tɩya hʋ mɛ aa bɩ kaŋ laaŋfɩya ʋ aa nɔŋ nɔŋbɔŋlɔrɩnɩ rɛ."
18,"A good tree cannot produce bad fruit, and a bad tree cannot produce good fruit.","Tɩya hʋ aa kaŋ laaŋfɩya bɩ sɩ wuwo nɔŋ nɔŋbɔŋlɔrɩnɩ, tɩya hʋ mɛ aa bɩ kaŋ laaŋfɩya bɩ sɩ wuwo nɔŋ nɔŋweliye."
19,Every tree producing bad fruit will be chopped down and burned.,"Tɩya hʋ buloŋ aa bee nɔŋ nɔŋweliye, ba aa ŋmaŋ lo rɛ, a paa we diŋ tɩyaŋ."
20,You can tell who the false prophets are by their deeds. A Warning (Luke,"Ɛɛwɩya, nala no wɩyaalɩya rɛ ma sɩ kpa a gyɩŋ ba."
26,Anyone who hears my teachings and doesn't obey them is like a foolish person who built a house on sand.,"Amɛ nal hʋ mɛ buloŋ aa gyegile nɩɩ wɩya no ŋ aa basɩ, aŋ bee tɩŋ ba, ʋ tɩɩna kɩɩ gɛɛ rɛ anɩɩ bambugi aa saa ʋ dɩya sɩgɩ bumbugulo tɩyaŋ."
27,"Rain poured down, rivers flooded, and the winds blew and beat against that house. Finally, it fell with a crash.","Ɛɛ rɛ duwoŋ ko nɩɩ. Fuwoni su a gbarɩ, puwobal mɛ gyigisi dɩya hʋ, ʋ tele ʋ buloŋ muŋsi muno muno.”"
21,Not everyone who calls me their Lord will get into the kingdom of heaven. Only the ones who obey my Father in heaven will get in.,"Nala hʋ buloŋ aa yɩrɩ ŋ, “Tɩɩna, Tɩɩna” daa sɩ gyʋʋ wɩɩsɩbee koro hʋ tɩyaŋ, see nala hʋ aa tɩŋ ŋ Kuwo aa we wɩɩsɩbee tɩyaŋ nyʋwa."
22,"On the day of judgment many will call me their Lord. They will say, “We preached in your name, and in your name we forced out demons and worked many miracles.”","Dɩ Wɩɩsɩ sarɩya kyɛdiilii hʋ rɛ ko pele, nala yʋga sɩ baa, “Á Tɩɩna, á Tɩɩna, á basɩ Wɩɩsɩ wɩya a tɩya nala rɛ ɩ feŋ tɩyaŋ, aŋ kpa ɩ feŋ a kile gyɩŋbɔmɔ mɛ nala tɩyaŋ, aŋ ha yaa wɩmagɩla mɛ yʋga ɩ feŋ tɩyaŋ.”"
23,"But I will tell them, “I will have nothing to do with you! Get out of my sight, you evil people!” Two Builders (Luke","Doŋ tɩyaŋ nɛ ŋ yaŋ sɩ basɩ tɩya ba a baa, “Mamaa wɩbɔŋyaala, ma nyʋgɩsɩ ŋ sɩya tɩyaŋ. Ŋ bɩ gyɩŋ ma!” Yesu maga dɩɩsaala balɩya namaga Luka"
25,"Rain poured down, rivers flooded, and winds beat against that house. But it was built on solid rock, and so it did not fall.","Ɛɛ rɛ duwoŋ ko nɩɩ. Fuwoni su a gbarɩ, puwobal mɛ gyigisi dɩya hʋ, ka ʋ bɩ tele, beewɩya bʋnyɩŋ tɩyaŋ nɛ ba saa ʋ."
12,But the ones who should have been in the kingdom will be thrown out into the dark. They will cry and grit their teeth in pain.”,"amɛ Iziral tɩmma hʋ fa aa maga dɩ ba we Wɩɩsɩ koro hʋ tɩyaŋ aŋ bɩ gyʋwa, Wɩɩsɩ sɩ kpa ba yuwo ta gyaŋhal tɩyaŋ dɩ ba we bilhuu tɩyaŋ a pɩŋ kɩ wii aŋ kɩ kyaŋ ba nyɩŋa.”"
16,That evening many people with demons in them were brought to Jesus. And with only a word he forced out the evil spirits and healed everyone who was sick.,"Ʋ dɩdaana aa ko pele, nala kaŋ nɩgyamaa a ko Yesu lee. Gyɩŋbɔmɔ rɛ gyɩ kaŋ badɔmɔŋ. Ɛɛ rɛ Yesu nɔsɩ gyɩŋbɔmɔ hʋ ta ba lɩɩ ka ʋ tɩɩbɩ nala hʋ buloŋ gyɩ fa aa wɩɩlɩ."
2,"Suddenly a man with leprosy came and knelt in front of Jesus. He said, “Lord, you have the power to make me well, if only you wanted to.”","Ɛɛ rɛ gbege kɩdɩgɩ ko tuu gbinni Yesu sɩya aŋ sʋla ʋ a baa, “Ŋ nɩhɩyawʋ, dɩ ɩ rɛ kyo, ɩ sɩ wuwo leŋ dɩ ŋ deye.”"
3,"Jesus put his hand on the man and said, “I want to! Now you are well.” At once the man's leprosy disappeared.","Ɛɛ rɛ Yesu lɩɩ ʋ noŋ a dige ʋ aŋ baa, “Ŋ kyo rɛ. Deye!” Ɛɛ rɛ baal hʋ gbegisi hʋ pirigi teŋ doŋ."
7,"“I will go and heal him,” Jesus replied.","Ɛɛ rɛ Yesu basɩ tɩya ʋ a baa, “Ŋ sɩ ko leŋ dɩ ʋ deye.”"
10,"When Jesus heard this, he was so surprised that he turned and said to the crowd following him, “I tell you in all of Israel I've never found anyone with this much faith!","Yesu aa nɩɩ wɩya no, ʋ nyʋwa fɩyɛlɩ. Ɛɛ rɛ ʋ basɩ tɩya nɩgyamaa hʋ fa aa tɩŋa ʋ hal a baa, “Wɩtɩɩ rɛ ŋ basɩ kɩ tɩya ma, ŋ ha bɩ maakyiye na laadii no iriŋ Iziral paalʋʋ nal kɩdɩgɩ buloŋ tɩyaŋ."
6,"“Lord, my servant is at home in such terrible pain that he can't even move.”","“Ŋ nɩhɩyawʋ, ŋ dɩya tʋŋtʋnnɩ rɛ aa wɩɩlɩ a pɩŋ dɩya tɩyaŋ a kɩ na tʋwara kɩŋkaŋ. Ʋ bɩ wuwo kɩ vala.”"
11,"Many people will come from everywhere to enjoy the feast in the kingdom of heaven with Abraham, Isaac, and Jacob.","Ŋ basɩ kɩ tɩya ma rɛ, nala sɩ lɩɩ dʋnɩya logiŋ buloŋ a ko hɔŋ Wɩɩsɩ koro hʋ tɩyaŋ dɩ ba bee Abɩraham abee Azɩkɩ abee Gyeekɔbɩ kɩ di kɩna,"
13,"Then Jesus said to the officer, “You may go home now. Your faith has made it happen.” Right then his servant was healed. Jesus Heals Many People (Mark","Ɛɛ rɛ Yesu basɩ tɩya laalyuwolo nɩhɩyawʋ hʋ a baa, “Kɩ mʋ dɩya, wɩɩ hʋ buloŋ ɩ aa laa di baa ʋ sɩ yaa, ʋ rɛ sɩ yaa.” Saŋa no tɩɩ tɩyaŋ nɛ laalyuwolo nɩhɩyawʋ hʋ tʋŋtʋnnɩ hʋ na laaŋfɩya. Yesu tɩɩbɩ nala yʋga Maakɩ"
29,"Suddenly they shouted, “Jesus, Son of God, what do you want with us? Have you come to punish us before our time?”","Ba aa naa Yesu, ba pirigi kyiyesi a baa, “Wɩɩsɩ Biye, bee rɛ ɩ kɩ kyɛ dɩ ɩ yaa ma? Ɩ ko dɩ ɩ dɔgɩsɩ ma rɛ ka saŋa hʋ na pele koo?”"
34,"Everyone in town came out to meet Jesus. When they saw him, they begged him to leave their part of the country.","Ɛɛ rɛ bee hʋ nala buloŋ sii lɩɩ mʋ dɩ ba na Yesu. Ba aa mʋʋ na ʋ, ba sʋla ʋ dɩ ʋ lɩɩ ba paalʋʋ tɩyaŋ."
14,"Jesus went to the home of Peter, where he found that Peter's mother-in-law was sick in bed with fever.","Ɛɛ rɛ Yesu mʋ Piita dɩya. Ʋ aa gyʋwa dɩ Piita hɩɩlhaaŋ pɩna kɩ wɩɩlɩ, ʋ teŋ buloŋ nɩma."
15,"He took her by the hand, and the fever left her. Then she got up and served Jesus a meal.","Nyɛ rɛ Yesu mʋ dige ʋ noŋ tɩyaŋ. Ʋ teŋ fa aa nɩma gɛɛ, ʋ fɩyɛlɩ. Ʋ sii yaa kɩdiiliye tɩya ʋ."
17,"So God's promise came true, just as the prophet Isaiah had said, “He healed our diseases and made us well.” Some Who Wanted To Go with Jesus (Luke","Ʋ yaa wɩɩ no dɩ wɩya hʋ Wɩɩsɩ gyɩ aa tɩŋ ʋ tɩŋdaal Azaaya tɩyaŋ a basɩ ko yaa wɩtɩɩ rɛ. Ʋ gyɩ baa, “Ʋ rɛ laa ma ta á wɩɩla buloŋ tɩyaŋ.” Nala aa maga dɩ ba tɩŋ Yesu hal Luka"
19,"A teacher of the Law of Moses came up to him and said, “Teacher, I'll go anywhere with you!”","Ɛɛ rɛ Wɩɩsɩ Teŋ dɩdagɩl kɩdɩgɩ ko ʋ lee a basɩ tɩya ʋ a baa, “Ŋ nɩhɩyawʋ, ŋ yaa siri rɛ dɩ ŋ tɩŋa ɩ hal a mʋ lee kɛ buloŋ ɩ aa mʋʋ.”"
25,"so the disciples went over to him and woke him up. They said, “Lord, wake up! Save us before we drown!”","Ɛɛ rɛ ʋ hatɩnna hʋ mʋ kyisi ʋ a basɩ tɩya ʋ a baa, “Á Tɩɩna, laa ma ta, dɩ ɛɛ daa á sɩ sʋba.”"
23,"After Jesus left in a boat with his disciples,","Ɛɛ rɛ Yesu mʋ gyʋʋ nɩɩduworiboro, ʋ hatɩnna mɛ tɩŋa ʋ hal a mʋ gyʋʋ."
24,"a terrible storm suddenly struck the lake, and waves started splashing into their boat. Jesus was sound asleep,",Saŋa hʋ ba aa mʋʋ tɩyaŋ nɛ puwoduwo kɩdɩgɩ pirigi kɩ dɔŋ. Ɛɛ rɛ nɩɩpuwo tɔ nɩɩduworiboro hʋ buloŋ. Nɩɩduworiboro hʋ fa kɩ kyɛ dɩ ʋ tuu nɩɩmemii. Saŋa no tɩyaŋ dɩ Yesu kɛ pɩŋ doo.
27,"The men in the boat were amazed and said, “Who is this? Even the wind and the waves obey him.” Two Men with Demons in Them (Mark","Nyɛ rɛ ba buloŋ nyʋʋsɩ fɩyɛlɩ, ba kɩ pɩyɛsɩ dɔmɔŋ a baa, “Nɩgɛɛ iriŋ nɛ nyɛ? Fuwoni abee puwoni buloŋ kɩ tɩŋa ʋ nyʋwa?” Yesu kile gyɩŋsɩ ta baala balɩya tɩyaŋ Maakɩ"
28,"After Jesus had crossed the lake, he came to shore near the town of Gadara and started down the road. Two men with demons in them came to him from the tombs. They were so fierce that no one could travel that way.","Ɛɛ rɛ Yesu sii kpa mʋ Gadara paalʋʋ fuwo hʋ kyolo. Dɩ baala balɩya lɩɩ bilni tɩyaŋ a ko kyeme ʋ. Gyɩŋbɔmɔ rɛ gyɩ kaŋ baala no ba kɩ yaarɩ. Nal buloŋ gyɩ bɩ wuwo kɩ tɩŋ ŋmanɩɩ hʋ tɩyaŋ baala no balɩya aa we, beewɩya, ba gyɩ bɔmɔ rɛ weliŋ."
30,Not far from there a large herd of pigs was feeding.,Dɩ poriku-gyamaa mɛ sɩŋ kpaga doŋ a kɩ di kɩna.
31,"So the demons begged Jesus, “If you force us out, please send us into those pigs!”","Ɛɛ rɛ gyɩŋbɔmɔ hʋ sʋla Yesu a baa, “Dɩ ɩ ko kil ma ta dɩ á lɩɩ nala no tɩyaŋ, leŋ dɩ á mʋ gyʋʋ porikusi no tɩyaŋ.”"
32,"Jesus told them to go, and they went out of the men and into the pigs. All at once the pigs rushed down the steep bank into the lake and drowned.","Ɛɛ rɛ Yesu basɩ tɩya ba a baa, “Ma lɩɩ kɩ mʋ.” Ɛɛ rɛ ba lɩɩ baala hʋ tɩyaŋ a mʋ gyʋʋ porikusi hʋ tɩyaŋ, porikusi hʋ buloŋ sii fá a lɩɩ fuwo hʋ nyʋwa a tuu gyʋʋ fuwo hʋ tɩyaŋ a sʋba."
33,"The people taking care of the pigs ran to the town and told everything, especially what had happened to the two men.",Nyɛ rɛ porikudaala hʋ fá mʋ gyʋʋ bee hʋ tɩyaŋ a basɩ wɩɩ hʋ buloŋ aa yaa doŋ abee wɩɩ hʋ aa yaa baala hʋ gyɩ aa kaŋ gyɩŋbɔmɔ hʋ mɛ tɩyaŋ a tɩya bee hʋ nala.
1,Jesus got into a boat and crossed back over to the town where he lived.,Ɛɛ rɛ Yesu sii gyʋʋ nɩɩduworiboro a kyol fuwo hʋ a mɩɩgɩ kpa mʋ ʋ bee.
12,"Jesus heard them and answered, “Healthy people don't need a doctor, but sick people do.","Yesu aa nɩɩ wɩɩ no, ʋ mɩɩgɩ basɩ tɩya ba a baa, “Nala hʋ aa kaŋ laaŋfɩya, ba bee kyɛ tɩɩba tɩɩna, see nala hʋ aa wɩɩlɩ.”"
17,"No one pours new wine into old wineskins. The wine would swell and burst the old skins. Then the wine would be lost, and the skins would be ruined. New wine must be put into new wineskins. Both the skins and the wine will then be safe. A Dying Girl and a Sick Woman (Mark","Ɛɛ tɩɩ rɛ nal buloŋ mɛ bɩ sɩ laa nyʋwa kpa sɩhuwo a we pulbɩnɩɩ tɩyaŋ, see dɩ ʋ kpa we pulfalɩɩ tɩyaŋ. Dɩ gɛɛ daa pulbɩnɩɩ hʋ sɩ pɔsɔ dɩ sɩŋ hʋ bɩsɩ ta. Sɩhuwo maga dɩ ɩ kpa we pulfalɩɩ tɩyaŋ nɛ dɩ sɩŋ hʋ bee pul hʋ buloŋ ta kyogo ta.” Yesu kyisi Gyuuma nɩhɩyawʋ toluu sʋʋ tɩyaŋ aŋ tɩɩba haaŋ kɩdɩgɩ mɛ Maakɩ"
26,News about this spread all over that part of the country. Jesus Heals Two Blind Men,Wɩɩ no Yesu aa yaa taalɩ haŋ paalʋʋ hʋ buloŋ. Yesu tɩɩba nyʋlma balɩya
3,"Some teachers of the Law of Moses said to themselves, “Jesus must think he is God!”","Yesu aa basɩ gɛɛ, Wɩɩsɩ Teŋ dɩdagɩla badɔmɔŋ mɩɩgɩ hɔŋ kɩ gʋrɩmɩ wɩya a baa, “Baal no aa basɩ wɩya gɛɛ rɛ anɩɩ ʋ rɛ yaa Wɩɩsɩ.”"
4,"But Jesus knew what was in their minds, and he said, “Why are you thinking such evil things?","Amɛ Yesu kɛ gyɩŋ wɩɩ hʋ ba gyɩ aa bɩɩnɩ rɛ. Ɛɛ rɛ ʋ pɩyɛsɩ ba a baa, “Bee rɛ tɩŋ ma kɩ bɩɩnɩ wɩbɔmɔ no."
6,"But I will show you that the Son of Man has the right to forgive sins here on earth.” So Jesus said to the man, “Get up! Pick up your mat and go on home.”","Ŋ sɩ dagɩ ma dɩ ma gyɩma anɩɩ mɩyaŋ Nihuwobiŋ Biye kaŋ dee rɛ ŋ aa sɩ wuwo kpa dʋnɩya nala wɩbɔmɔ kyɛ ba.” Ɛɛ rɛ ka ʋ basɩ tɩya baal hʋ a baa, “Sii kpa ɩ wasa a kɩ mʋ dɩya.”"
7,The man got up and went home.,"Doŋ nɛ baal hʋ nyagɩ sii sɩŋ, a kɩ mʋ dɩya."
13,"Go and learn what the Scriptures mean when they say, ‘Instead of offering sacrifices to me, I want you to be merciful to others.’ I didn't come to invite good people to be my followers. I came to invite sinners.” People Ask about Going without Eating (Mark","Ma mʋ deŋ Wɩɩsɩ teŋ tɩyaŋ a na wɩɩ no ba aa saba memii. Ba saba rɛ anɩɩ Wɩɩsɩ baa, “Ma aa fá nala sikii, ʋ rɛ kpɩya ma aa lɩɩ wɩɩsʋllɩ kɩna a kpʋ tɩya ŋ.” Wɩbɔŋyaala wɩya rɛ ŋ ko, ŋ bɩ ko tɩpʋlʋŋ tɩmma wɩya. Ba pɩyɛsɩ Yesu nyʋwa vʋwayɩ wɩya Maakɩ"
27,"As Jesus was leaving that place, two blind men began following him and shouting, “Son of David, have pity on us!”","Yesu bɩl aa lɩɩ doŋ kɩ mʋ, nyʋlma balɩya mɛ sii kɩ tɩŋa ʋ hal aŋ huwori kɩ yɩrɩ ʋ a baa, “Yesu, Deviti Biye, fá á sikii.”"
32,"As Jesus and his disciples were on their way, some people brought to him a man who could not talk because a demon was in him.","Nyʋlɩma hʋ balɩya aa yaŋ lɩɩ dɩya hʋ tɩyaŋ, dɩ nala badɔmɔŋ mɛ kaŋ baal kɩdɩgɩ gyɩŋbɔmɔ aa kana ʋ bɩ wuwo kɩ basɩ wɩya, a ko Yesu lee."
9,"As Jesus was leaving, he saw a tax collector named Matthew sitting at the place for paying taxes. Jesus said to him, “Follow me.” Matthew got up and went with him.","Yesu aa lɩɩ doŋ kɩ mʋ, dɩ lampolaal kɩdɩgɩ ba aa yɩrɩ Matiwu rɛ hɔŋ ʋ tʋŋtʋnnɩ-dɩya tɩyaŋ gɛɛ. Ɛɛ rɛ Yesu yɩrɩ ʋ a baa, “Sii ko kɩ tɩŋa ŋ hal.” Ʋ sii a kɩ tɩŋ Yesu hal."
10,"Later, Jesus and his disciples were having dinner at Matthew's house. Many tax collectors and other sinners were also there.","Nyɛ rɛ Yesu bee ʋ hatɩnna hʋ buloŋ kpa mʋ Matiwu dɩya, a hɔŋ kɩ di kɩna. Doŋ tɩyaŋ nɛ lampolaala bee wɩbɔŋyaala mɛ ko pɛ ba tɩyaŋ, ba buloŋ kɩ di kɩna hʋ."
11,"Some Pharisees asked Jesus' disciples, “Why does your teacher eat with tax collectors and other sinners?”","Farasiima badɔmɔŋ aa naa gɛɛ, ba pɩyɛsɩ Yesu hatɩnna hʋ a baa, “Bee rɛ tɩŋ ma nɩhɩyawʋ bee lampolaala abee wɩbɔŋyaala no buloŋ hɔŋ kɩ di kɩna?”"
18,"While Jesus was still speaking, an official came and knelt in front of him. The man said, “My daughter has just now died! Please come and place your hand on her. Then she will live again.”","Yesu ha gyɩ aa basɩ wɩya hʋ gɛɛ rɛ, Gyuuma nɩhɩyawʋ kɩdɩgɩ ko ʋ lee, a tuu gbinni ʋ sɩya tɩyaŋ aŋ basɩ tɩya ʋ a baa, “Ŋ toluu rɛ sʋba lagɩlagɩ no, amɛ ko kpa ɩ nosi dɔbɔ ʋ tɩyaŋ dɩ ʋ sii sʋʋ tɩyaŋ.”"
22,"Jesus turned. He saw the woman and said, “Don't worry! You are now healed because of your faith.” At that moment she was healed.","Ɛɛ rɛ Yesu mɩɩgɩ galdaasɩ a na ʋ, a basɩ tɩya ʋ a baa, “Ŋ toluu, ta leŋ kambɩŋ kana ɩ, ɩ aa laa ŋ di rɛ tɩŋ ɩ deye.” Haaŋ hʋ pirigi na laaŋfɩya haŋ lagɩlagɩbiye hʋ."
33,"After Jesus had forced the demon out, the man started talking. The crowds were so amazed they began saying, “Nothing like this has ever happened in Israel!”","Ɛɛ rɛ Yesu kile gyɩŋbɔmɔ hʋ baal hʋ tɩyaŋ, ka baal hʋ piili kɩ basɩ wɩya. Ʋ yaa nal buloŋ wɩkperii. Ɛɛ rɛ ba baa, “Á ha bɩ maakyiye na wɩɩ no iriŋ Iziral paalʋʋ tɩyaŋ.”"
14,"Some followers of John the Baptist came and asked Jesus, “Why do we and the Pharisees often go without eating, while your disciples never do?”","Ɛɛ rɛ Gyɔɔŋ Wɩɩsɩnɩɩfool hʋ hatɩnna ko Yesu lee a pɩyɛsɩ ʋ a baa, “Bee rɛ tɩŋ á bee Farasiima kɩ vʋwa nyʋwa aŋka ɩ hatɩnna hʋ kɛ bee vʋwa nyʋwa?”"
15,Jesus answered: The friends of a bridegroom aren't sad while he is still with them. But the time will come when he will be taken from them. Then they will go without eating.,"Ɛɛ rɛ Yesu pɩyɛsɩ ba a baa “Dɩ nal lɛ kpaa hafalɩɩ ka dɩ ʋ bee ʋ kyaŋsɩ hɔŋ, ʋ kyaŋsɩ hʋ tɩya sɩ kyogi? Aayɩ, amɛ kyɛɛ kɩdɩgɩ we doŋ ba aa sɩ kaŋ baal hʋ mʋ lee kɩdɩgɩ ka dɩ ʋ kyaŋsɩ hʋ vʋwa nyʋwa.”"
16,No one uses a new piece of cloth to patch old clothes. The patch would shrink and tear a bigger hole.,"Ɛɛ rɛ ʋ bɩl maga namaga tɩya ba a baa, “Nal buloŋ bɩ sɩ kpa taŋfalɩɩ a ala tɔ gabɩnɩɩ bol. Dɩ ɩ rɛ yaa gɛɛ, taŋfalɩɩ hʋ sɩ kʋʋrɩ, dɩ gabɩnɩɩ hʋ marɩ kɩyasɩ pɛ."
19,Jesus and his disciples got up and went with the man.,Ɛɛ rɛ Yesu bee ʋ hatɩnna hʋ buloŋ sii tɩŋ baal hʋ hal ba kpa kɩ mʋ.
23,"When Jesus went into the home of the official and saw the musicians and the crowd of mourners,",Ɛɛ rɛ ka Yesu kpa gyʋʋ Gyuuma nɩhɩyawʋ hʋ dɩya. Ʋ gyʋwa dɩ haŋye-taala abee lodaala hʋ sɩna a kɩ wii.
24,"he said, “Get out of here! The little girl isn't dead. She is just asleep.” Everyone started laughing at Jesus.","Ɛɛ rɛ Yesu basɩ tɩya ba a baa, “Ma buloŋ mʋ lɩɩ, haŋtolibiye hʋ bɩ sʋba, ʋ ta pɩŋ doo rɛ.” Ɛɛ rɛ ba buloŋ mɩɩgɩ kɩ mʋma ʋ."
25,"But after the crowd had been sent out of the house, Jesus went to the girl's bedside. He took her by the hand and helped her up.","Amɛ ba aa kile nala hʋ buloŋ ba lɩɩ gɛɛ, Yesu mʋ gyʋʋ haŋtolibiye hʋ dɩya, a mʋ kaŋ ʋ noŋ tɩyaŋ, ʋ sii."
28,"After Jesus had gone indoors, the two blind men came up to him. He asked them, “Do you believe I can make you well?” “Yes, Lord,” they answered.","Yesu aa mʋʋ gyʋʋ dɩya hʋ, nyʋlma hʋ balɩya mɛ kpa ko ʋ lee. Ɛɛ rɛ ʋ pɩyɛsɩ ba a baa, “Ma laa di anɩɩ ŋ sɩ wuwo tɩɩbɩ ma dɩ ma deye rɛ koo?” Ɛɛ rɛ ba baa, “Waa, á Tɩɩna, á laa di rɛ.”"
29,"Jesus touched their eyes and said, “Because of your faith, you will be healed.”","Ɛɛ rɛ Yesu dige dige ba sɩya tɩyaŋ aŋ baa, “Ɛɛ hʋ ma aa laa di anɩɩ ʋ sɩ yaa, ŋ sɩ leŋ dɩ ɛɛ yaa.”"
30,"They were able to see, and Jesus strictly warned them not to tell anyone about him.","Ba sɩya suri, ka Yesu basɩ tɩya ba abee sɩfɩyasɩ a baa, “Ma ta ko basɩ wɩɩ no tɩya nal buloŋ.”"
31,But they left and talked about him to everyone in that part of the country. Jesus Heals a Man Who Could Not Talk,Amɛ ba vɩya aŋ lɩɩ basɩ ʋ wɩya a taalɩ paalʋʋ hʋ buloŋ. Yesu tɩɩba ganɩɩ
34,"But the Pharisees said, “The leader of the demons gives him the power to force out demons.” Jesus Has Pity on People",Amɛ Farasiima hʋ kɩ basɩ anɩɩ gyɩŋbɔmɔ kuwori rɛ tɩya ʋ dee ʋ wuwo kile gyɩŋbɔmɔ kɩ ta gɛɛ. Yesu fáá nala sikii
35,Jesus went to every town and village. He taught in their synagogues and preached the good news about God's kingdom. Jesus also healed every kind of disease and sickness.,"Ɛɛ rɛ Yesu sii gɔllɩ tɔbala abee tɔbiisi hʋ buloŋ a kɩ daga nala Gyuuma wɩɩkyʋwaldɩɩsɩ tɩyaŋ, aŋ pɛ kɩ basɩ Wɩɩsɩ koro hʋ wɩweliye wɩya, aŋ kɩ tɩɩbɩ nala hʋ wɩɩla iriŋ iriŋ buloŋ aa kana."
36,"When he saw the crowds, he felt sorry for them. They were confused and helpless, like sheep without a shepherd.","Ʋ aa naa nɩgyamaa hʋ, sikii buloŋ kana ʋ, beewɩya ʋ naa nɩɩ wɩya yʋga aa dɔŋ ba rɛ, ka ba bɩ kaŋ nal aa sɩ kyiyeli ba. Ba kɩɩ gɛɛ anɩɩ piyese aa bɩ kaŋ pedaal."
37,"He said to his disciples, “A large crop is in the fields, but there are only a few workers.","Ɛɛ rɛ ʋ basɩ tɩya ʋ hatɩnna hʋ baa, “Kɩkʋmɩya hʋ yʋga rɛ baga hʋ tɩyaŋ, amɛ tʋŋtʋnna hʋ bɩ yʋga ba aa sɩ kʋŋ kɩna hʋ."
38,Ask the Lord in charge of the harvest to send out workers to bring it in.”,Ma yaŋ sʋla baga hʋ tɩɩna dɩ ʋ kyɛ tʋŋtʋnna yʋga dɩ ba kʋŋ baga hʋ kɩna.”
3,"Philip, Bartholomew, Thomas, Matthew the tax collector, James the son of Alphaeus, and Thaddaeus were also apostles.","abee Fɩlɩpɩ, abee Batolomi, abee Tɔmaasɩ, abee Matiwu lampolaal hʋ, abee Alfiyasɩ biibaal Gyemsi, abee Tadiyo,"
19,"But when someone arrests you, don't worry about what you will say or how you will say it. At that time you will be given the words to say.","Dɩ ba ko kaŋ ma mʋ nala no sɩya, ma ta leŋ dɩ ma bembiye kɩ sii wɩya hʋ ma aa sɩ basɩ laa ma tɩɩ wɩya. Beewɩya, dɩ saŋa hʋ rɛ ko pele, Wɩɩsɩ sɩ daga ma wɩɩ hʋ ma aa sɩ basɩ."
6,"Go only to the people of Israel, because they are like a flock of lost sheep.","Amɛ ma mʋ Iziral nala lee, nala no kɩɩ gɛɛ rɛ anɩɩ piyese aa nyʋgɩsa."
4,"The others were Simon, known as the Eager One, and Judas Iscariot, who later betrayed Jesus. Instructions for the Twelve Apostles (Mark","abee Siimɔŋ, nal hʋ aa kyɩl ʋ nala wɩya kɩŋkaŋ, abee Gyudasɩ Isɩkarɔtɩ nal hʋ a ko yaa minaafigi tɩɩna, a kpa Yesu yallɩ."
5,Jesus sent out the twelve apostles with these instructions: Stay away from the Gentiles and don't go to any Samaritan town.,"Tɩŋdarɩ hʋ Yesu gyɩ aa kpaa tɩya ʋ kpambɩsɩ fi abee balɩya hʋ ba lɩɩ rɛ nyɛ. Ʋ baa, “Ma ta ko mʋ nala aa bɩ yaa Gyuuma paalʋʋ koo Samaarɩya paalʋʋ tɔɔ kɩdɩgɩ kɛ buloŋ."
10,And don't carry a traveling bag or an extra shirt or sandals or a walking stick. Workers deserve their food.,"Ma ta kpaa diiku ma ŋmanɩɩ no valɩɩ tɩyaŋ, a ta paa gatʋŋnyʋwa bʋlɩya koo naatɔbɔ tʋŋnyʋwa bʋlɩya mɛ. Ma ta kol daatɩgɩya balɩya mɛ. Tʋŋtʋnnɩ buloŋ maga dɩ ba tɩya ʋ kɩna hʋ aa maga dɩ ʋ kana rɛ."
11,"So when you go to a town or a village, find someone able and willing to have you as their guest and stay with them until you leave.","Dɩ mamaa rɛ ko mʋ pele tɔɔ buloŋ, ma kyɛ nal hʋ aa sɩ laa nyʋwa laa ma biŋ, dɩ ma we ʋ lee a mʋ pele saŋa hʋ ma aa sɩ lɩɩ tɔɔ hʋ tɩyaŋ."
15,I promise you the day of judgment will be easier for the towns of Sodom and Gomorrah than for that town. Warning about Trouble (Mark,"Wɩtɩɩ rɛ ŋ basɩ kɩ tɩya ma, dʋnɩya sarɩya hʋ kyɛdiilii, Wɩɩsɩ sɩ dɔgɩsɩ haŋ tɔɔ hʋ nala a te gɛɛ hʋ ʋ gyɩ aa dɔgɩsɩ Sodɔm bee Gomora tɩmma ba wɩbɔmɔ nyuniŋ.” Tʋwara hʋ ma aa sɩ na Maakɩ"
21,"Brothers and sisters will betray one another and have each other put to death. Parents will betray their own children, and children will turn against their parents and have them killed.",Nɩmmabalɩya sɩ kaŋ dɔmɔŋ a mʋ tɩya dɩ ba kpʋ. Dɩ kuwoma mɛ yaa ba biisi gɛɛ tɩɩ. Biisi mɛ sɩ vɩya ba kuwoma abee ba nɩmma nyʋʋsɩ tɩŋɩɩ aŋ kaŋ ba mʋ tɩya dɩ ba kpʋ.
17,Watch out for people who will take you to court and have you beaten in their synagogues.,"Ma pɔ ma tɩɩ weliŋ abee nala no, beewɩya ba sɩ kaŋ ma mʋ nɩhɩyasɩ sɩya dɩ ba di ma sarɩya aŋ vɩɩrɩ ma ba wɩɩkyʋwaldɩɩsɩ tɩyaŋ."
18,"Because of me, you will be dragged before rulers and kings to tell them and the Gentiles about your faith.","Ba sɩ kuu ŋ wɩya, a kaŋ ma mʋ paalʋʋsɩ nɩbala abee kuworo sɩya dɩ ba di ma sarɩya ka dɩ ma di ŋ daŋsɩya a tɩya ba abee nala hʋ aa bɩ yaa Gyuuma buloŋ."
20,But you will not really be the one speaking. The Spirit from your Father will tell you what to say.,"Wɩya hʋ ma aa sɩ basɩ, ba bɩ sɩ yaa ma tɩɩ wɩbasɩya. Ma Kuwo Wɩɩsɩ rɛ sɩ leŋ dɩ ʋ Wiyesi Welii hʋ tɩŋ ma tɩyaŋ a basɩ wɩya no tɩya ma."
22,"Everyone will hate you because of me. But if you remain faithful until the end, you will be saved.","Nal nal buloŋ sɩ kuu ŋ wɩya a haasɩ ma. Amɛ nal hʋ buloŋ aa kaŋ mala ʋ laadii tɩyaŋ a mʋ teŋ, Wɩɩsɩ sɩ laa ʋ ta."
23,"When people mistreat you in one town, hurry to another one. I promise you before you have gone to all the towns of Israel, the Son of Man will come.","Dɩ ba ko kɩ dɔgɩsɩ ma tɔɔ kɩdɩgɩ tɩyaŋ, ma lɩɩ a fá mʋ tɔdʋma. Wɩtɩɩ rɛ ŋ basɩ kɩ tɩya ma, ma bɩ sɩ wuwo tʋŋ tʋma hʋ ŋ aa kpaa tɩya ma teŋ Iziral paalʋʋ buloŋ tɩyaŋ, ka dɩ mɩyaŋ Nihuwobiŋ Biye na mɩɩgɩ ko."
24,"Students are not better than their teacher, and slaves are not better than their master.",Sakuuribiye bee te ʋ dɩdagɩl. Ɛɛ rɛ yoŋ mɛ bee te ʋ tɩɩna.
25,"It is enough for students to be like their teacher and for slaves to be like their master. If people call the head of the family Satan, what will they say about the rest of the family? The One To Fear (Luke","Amɛ sakuuribiye maga dɩ ʋ mɛ kɩɩ dɩdagɩl hʋ aa daga ʋ rɛ. Yoŋ mɛ maga dɩ ʋ kɩɩ nal hʋ aa deŋe ʋ rɛ. Dɩ ba aa rɛ yaŋ kaŋ dɩya tɩɩna kɩ yɩrɩ Sɩtaanɩ, ɛɛ kɛ, ba sɩ tɩya dɩya hʋ nala fene aa lɔrɔ te Sɩtaanɩ. Nal hʋ aa maga dɩ ma kɩ fá ʋ Luka"
28,"Don't be afraid of people. They can kill you, but they cannot harm your soul. Instead, you should fear God who can destroy both your body and your soul in hell.","Ɛɛ rɛ Yesu bɩl basɩ tɩya ba a baa, “Ma ta kɩ fáá nala hʋ aa sɩ wuwo kpʋ ma dʋŋ. Amɛ ma kɩ fá Wɩɩsɩ, beewɩya ʋ rɛ kaŋ dee ʋ aa sɩ wuwo leŋ dɩ ɩ sʋba, a kaŋ dee mɛ ʋ aa sɩ maakyiye kpa ɩ we diŋ."
29,Aren't two sparrows sold for only a penny? But your Father knows when any one of them falls to the ground.,Kokobiisi balɩya yalɩɩ yaa baŋmɛ rɛ? Amɛ dɩ ma kuwo Wɩɩsɩ mɛ yaŋ bɩ tɩya ŋmanɩɩ ba kɩdɩgɩ buloŋ bee sʋba.
30,Even the hairs on your head are counted.,Wɩɩsɩ paalɩ gyɩŋ ma kɩdɩgɩ buloŋ nyupʋna nyʋwa rɛ.
31,So don't be afraid! You are worth much more than many sparrows. Telling Others about Christ (Luke,"Ɛɛwɩya, ma ta leŋ dɩ kambɩŋ kaŋ ma. Beewɩya Wɩɩsɩ sɩya kɛ tɩyaŋ ma kɩdɩgɩ buloŋ kaŋ tɔnɔ rɛ kɩŋkaŋ a te kokogyamaa."
32,"If you tell others you belong to me, I will tell my Father in heaven you are my followers.","Nal hʋ buloŋ aa sɩ wuwo sɩŋ gyamaa tɩyaŋ a baa dɩ ʋ yaa ŋ nal lɛ, ɛɛ tɩɩ rɛ ŋ mɛ sɩ basɩ ʋ tɩɩna wɩya ŋ Kuwo Wɩɩsɩ aa we wɩɩsɩbee tɩyaŋ sɩya tɩyaŋ."
33,"But if you reject me, I will tell my Father in heaven you don't belong to me. Not Peace, but Trouble (Luke","Amɛ nal hʋ buloŋ mɛ aa sɩ vɩya ŋ wɩya gyamaa tɩyaŋ, ɛɛ tɩɩ rɛ ŋ mɛ sɩ vɩya ʋ tɩɩna wɩya ŋ Kuwo Wɩɩsɩ aa we wɩɩsɩbee sɩya tɩyaŋ."
34,"Don't think I came to bring peace to the earth! I came to bring trouble, not peace.","Ma ta bɩɩna anɩɩ ŋ ko dʋnɩya dɩ nala sʋma rɛ? Aayɩ, yuwo rɛ ŋ kaŋ ko."
36,Your worst enemies will be in your own family.,"Nal dɩya nala tɩɩ rɛ sɩ yaa ʋ dɔmɔ, a haasɩ ʋ te nal buloŋ."
37,"If you love your father or mother or even your sons and daughters more than me, you are not fit to be my disciples.","Nal hʋ buloŋ aa kyo ʋ kuwo abee ʋ naa a te ŋ, ʋ tɩɩna bɩ maga dɩ ʋ yaa ŋ hatɩnnɩ. Nal hʋ buloŋ mɛ aa kyo ʋ biibaal koo ʋ toluu a te ŋ, ʋ tɩɩna bɩ maga dɩ ʋ yaa ŋ hatɩnnɩ."
38,"And unless you are willing to take up your cross and follow me, you are not fit to be my disciples.","Nal hʋ buloŋ aa bɩ baasɩ ʋ tɩɩ daagarɩɩ, a kɩ tɩŋa ŋ hal, ʋ tɩɩna bɩ maga dɩ ʋ yaa ŋ hatɩnnɩ."
39,"If you try to save your life, you will lose it. But if you give it up for me, you will surely find it. Rewards (Mark","Nal hʋ buloŋ aa kyo ʋ tɩɩ mɩɩbol, ʋ tɩɩna sɩ kpa ʋ mɩɩbol ta. Amɛ nal hʋ mɛ buloŋ aa sɩ kuu ŋ wɩya a vɩya ʋ mɩɩbol ta ʋ tɩɩna sɩ kaŋ mɩɩbol aa bɩ kaŋ tenii."
41,"Anyone who welcomes a prophet, just because that person is a prophet, will be given the same reward as a prophet. Anyone who welcomes a good person, just because that person is good, will be given the same reward as a good person.","Nal hʋ buloŋ aa kaŋ Wɩɩsɩ tɩŋdaal weliŋ akuu ʋ aa yaa Wɩɩsɩ tɩŋdaal wɩya, Wɩɩsɩ aa tɩya ʋ tɩɩna Wɩɩsɩ tɩŋdaal tuno rɛ. Nal hʋ mɛ buloŋ aa kaŋ tɩpʋlʋŋ tɩɩna weliŋ akuu ʋ aa yaa tɩpʋlʋŋ tɩɩna wɩya, Wɩɩsɩ aa tɩya ʋ tɩɩna mɛ tɩpʋlʋŋ tɩɩna tuno rɛ."
40,Anyone who welcomes you welcomes me. And anyone who welcomes me also welcomes the one who sent me.,"Nal hʋ buloŋ aa sɩ kaŋ ma weliŋ, mɩyaŋ nɛ ʋ tɩɩna kaŋ weliŋ gɛɛ. Nal hʋ buloŋ mɛ aa kana ŋ weliŋ, Tɩɩna hʋ aa tɩma ŋ mɛ rɛ ʋ kaŋ weliŋ gɛɛ."
42,"And anyone who gives one of my most humble followers a cup of cool water, just because that person is my follower, will be rewarded.","Nal hʋ mɛ buloŋ aa sɩ yaa nɩɩfɩyɛlɩɩ mɛ gba tɩya ŋ hatɩnna no tɩyaŋ nɩbiye akuu ʋ aa yaa ŋ hatɩnnɩ wɩya, wɩtɩɩ rɛ ŋ basɩ kɩ tɩya ma Wɩɩsɩ kɔnɩ sɩ tuŋ ʋ tɩɩna.”"
7,"As John's followers were going away, Jesus spoke to the crowds about John: What sort of person did you go out into the desert to see? Was he like tall grass blown about by the wind?","Saŋa hʋ Gyɔɔŋ hatɩnna hʋ aa kpaa kɩ mʋ, ɛɛ rɛ Yesu piili basɩ Gyɔɔŋ wɩya a kɩ tɩya gyamaa hʋ. Ʋ pɩyɛsɩ ba rɛ a baa, “Ma gyɩ aa mʋʋ Gyɔɔŋ lee pogo hʋ tɩyaŋ nɩgɛɛ iriŋ nɛ ma gyɩ fa kɩ yɩyɛlɩ anɩɩ ma sɩ mʋ na. Ma gyɩ bɩɩna Gyɔɔŋ kɩɩ gɛɛ anɩɩ ɔhɔ puwo a kaŋ kɩ viisi rɛ ma mʋ ma na koo?"
18,"John the Baptist did not go around eating and drinking, and you said, “That man has a demon in him!”","Ɛɛ tɩɩ rɛ yaŋ, saŋa hʋ tɩyaŋ Gyɔɔŋ gyɩ aa ko ma lee, ʋ gyɩ aa vʋwa nyʋwa rɛ, aŋ bee nyʋwa sɩŋ mɛ. Ɛɛ rɛ nala baa dɩ gyɩŋbɔŋ nɛ kana ʋ."
1,"After Jesus had finished instructing his twelve disciples, he left and began teaching and preaching in the towns.","Yesu a basɩ wɩya no a tɩya ʋ hatɩnna hʋ fi abee balɩya ko teŋ, ʋ lɩɩ doŋ a mʋ dɩ ʋ daga nala aŋ pɛ basɩ Wɩɩsɩ wɩya Galili paalʋʋ tɩyaŋ."
2,John was in prison when he heard what Christ was doing. So John sent some of his followers,"Saŋa no tɩyaŋ dɩ Gyɔɔŋ Wɩɩsɩnɩɩfool hʋ gyɩ we nɩtɔdɩya tɩyaŋ nɛ. Ʋ aa nɩɩ wɩya hʋ Krisita aa yaa, ɛɛ rɛ ʋ tɩŋ ʋ hatɩnna badɔmɔŋ,"
3,"to ask Jesus, “Are you the one we should be looking for? Or must we wait for someone else?”","ba mʋ pɩyɛsɩ ʋ a baa, “Basɩ tɩya ma, ɩ rɛ yaa nal hʋ Gyɔɔŋ fa aa baa dɩ ʋ sɩ ko laa ma ta hʋ, koo á ha kɩ gyegili nɩdɩma?”"
5,"The blind are now able to see, and the lame can walk. People with leprosy are being healed, and the deaf can hear. The dead are raised to life, and the poor are hearing the good news.","Ma mʋ basɩ tɩya ʋ dɩ nyʋlɩma sɩya suro rɛ, gbarɩga kɩ vala, gbegisi mɛ kɩ deye, wonni kɩ nɩɩ wɩya, nala hʋ a sʋba kɩ sii sʋʋ tɩyaŋ. Ka ba basɩ Wɩɩsɩ wɩweliye hʋ mɛ a kɩ tɩya nyaaba."
8,What kind of man did you go out to see? Was he someone dressed in fine clothes? People who dress like that live in the king's palace.,"Dɩ ɛɛ yaŋ daa, nɩgɛɛ iriŋ nɛ ma lɩɩ dɩ ma na? Ma lɩɩ dɩ ma na nal a laalɩ gaweliye rɛ? Aayɩ. Deŋ na, nala hʋ aa laalɩ gannɩ no iriŋ, ba aa we kuworidɩɩsɩ tɩyaŋ nɛ."
9,What did you really go out to see? Was he a prophet? He certainly was. I tell you that he was more than a prophet.,"Ma yaŋ daga ŋ nal hʋ iriŋ ma aa lɩɩ doŋ dɩ ma na. Ma mʋwa dɩ ma na Wɩɩsɩ tɩŋdaal lɛ koo? Wɩtɩɩ rɛ ŋ basɩ kɩ tɩya ma, nal hʋ ma gyɩ aa naa, ʋ tee Wɩɩsɩ tɩŋdaal lɛ."
11,I tell you no one ever born on this earth is greater than John the Baptist. But whoever is least in the kingdom of heaven is greater than John.,"Ɛɛ rɛ Yesu bɩl basɩ tɩya nala hʋ a baa, “Wɩtɩɩ rɛ ŋ basɩ kɩ tɩya ma, ba ha bɩ maakyiye lʋl nal buloŋ dʋnɩya no tɩyaŋ ʋ tee Gyɔɔŋ Wɩɩsɩnɩɩfool hʋ. Amɛ nal hʋ yaŋ aa yaa nɩbiye Wɩɩsɩbee koro hʋ tɩyaŋ, ʋ tɩɩna mɛ rɛ tee Gyɔɔŋ."
12,"From the time of John the Baptist until now, violent people have been trying to take over the kingdom of heaven by force.","A yaŋ lɩɩ saŋa hʋ Gyɔɔŋ Wɩɩsɩnɩɩfool aa piile basɩ Wɩɩsɩ wɩya a kaŋ kɩ ko gyɩnaŋ, nala kaŋ Wɩɩsɩbee koro hʋ wɩya kɩ kaa dɔmɔŋ nɛ, ɛɛ rɛ gaduwogo kɩ lʋga dɩ ba kaŋ fasɩ."
17,"“We played the flute, but you would not dance! We sang a funeral song, but you would not mourn!”","‘Á yɩɩ yɩɩla rɛ tɩya ma, ka ma vɩya gʋwayɩ. Á taa haŋyee mɛ tɩya ma ka ma vɩya wiyi.”’"
19,"But the Son of Man goes around eating and drinking, and you say, “That man eats and drinks too much! He is even a friend of tax collectors and sinners.” Yet Wisdom is shown to be right by what it does. The Unbelieving Towns (Luke","Aŋka mɩyaŋ Nihuwobiŋ Biye mɛ ko a kɩ di kɩna aŋ kɩ nyʋwa sɩŋ mɛ. Ɛɛ rɛ nala baa dɩ baal no kɛ yaa naboliŋ tɩɩna rɛ, a yaa sɩnyʋwal mɛ aŋ pɛ kaŋ lampolaala abee wɩbɔŋyaala buloŋ mɛ yaa ʋ kyaŋsɩ. Nala hʋ aa kaŋ Wɩɩsɩ wɩgyʋŋ hʋ, ba wɩyaalɩya rɛ aa daga.” Tɔnɩ hʋ nala aa bɩ laa Yesu wɩya di Luka"
20,"In the towns where Jesus had worked most of his miracles, the people refused to turn to God. So Jesus was upset with them and said:","Tɔnɩ hʋ tɩyaŋ Yesu gyɩ aa yaa wɩmagɩla hʋ gyeniŋ buloŋ nala gyɩ bɩ bɩrɩma lɩɩ ba wɩbɔmɔ yayɩ tɩyaŋ. Ɛɛ rɛ ʋ basɩ ba sɩya wɩya tɩya ba a baa,"
24,So I tell you on the day of judgment the people of Sodom will get off easier than you. Come to Me and Rest (Luke,"Amɛ ŋ yaŋ basɩ kɩ tɩya ma rɛ, sarɩya hʋ kyɛdiilii Wɩɩsɩ sɩ dɔgɩsɩ Kapɛɛnam tɩmma a te sodɔm tɩmma.” Yesu basɩ tɩya nala dɩ ba ko ʋ lee a na wiyese Luka"
25,"At that moment Jesus said: My Father, Lord of heaven and earth, I am grateful that you hid all this from wise and educated people and showed it to ordinary people.","Saŋa no tɩɩ tɩyaŋ nɛ Yesu baa, “Ŋ Kuwo Wɩɩsɩ, ɩ rɛ yaa wɩɩsɩnyuu abee taŋha buloŋ Tɩɩna. Ŋ aa dannɩ ɩ rɛ akuu wɩya hʋ ɩ aa kpaa faŋa wɩgyʋnna, aŋ kpa ba daga nala hʋ aa bɩ kaŋ wɩgyʋŋ."
27,"My Father has given me everything, and he is the only one who knows the Son. The only one who truly knows the Father is the Son. But the Son wants to tell others about the Father, so they can know him too.","Ŋ Kuwo kpaa kɩŋ buloŋ dee tɩya ŋ nɛ. Ŋ Kuwo dʋŋ nɛ gyɩŋ gɛɛ ŋ aa kɩya. Ŋ dʋŋ mɛ rɛ gyɩŋ gɛɛ ŋ Kuwo aa kɩya. Nal buloŋ bɩ gyɩma ʋ, see nala hʋ dʋŋ ŋ aa lɩya a daga ʋ tɩya ba.”"
28,"If you are tired from carrying heavy burdens, come to me and I will give you rest.","Ɛɛ rɛ Yesu bɩl basɩ tɩya ba a baa, “Ma nala hʋ buloŋ aa lɔlɔ, aŋka wɩya vʋwa ma biŋ, ma ko ŋ lee, dɩ ŋ tɩya ma wiyese."
29,"Take the yoke I give you. Put it on your shoulders and learn from me. I am gentle and humble, and you will find rest.","Ma tɩŋ ŋ nyʋwa dɩ á yaa nyʋʋdɩgɩ, dɩ ma wuwo gyɩŋ tʋma hʋ ŋ aa kpaa tɩya ma dɩ ma tʋma weliŋ, beewɩya, ŋ sɩya fɩyɛla rɛ ka ŋ gyɩŋ ŋ tɩɩ kanɩɩ mɛ. Dɩ mamaa rɛ yaa gɛɛ, ŋ sɩ tɩya ma wiyese."
2,"Some Pharisees noticed this and said to Jesus, “Why are your disciples picking grain on the Sabbath? They are not supposed to do this!”","Ɛɛ rɛ Farasiima badɔmɔŋ na ba a pɩyɛsɩ Yesu a baa, “Ɩ bɩ naa? Kyɛwiyesii hʋ kyɛɛ sɩna daa ɩ hatɩnna hʋ kɩ kyogi gɛɛ.”"
28,"But when I force out demons by the power of God's Spirit, it proves that God's kingdom has already come to you.","Aayɩ Bɛlizebul daa tɩya ŋ dee hʋ, amɛ Wɩɩsɩ Wiyesi Welii hʋ dee tɩyaŋ nɛ ŋ wuwo kɩ kil gyɩŋbɔmɔ nala tɩyaŋ gɛɛ. Nyɛ rɛ yaŋ daga anɩɩ Wɩɩsɩ koro hʋ ko we ma lee rɛ."
5,Haven't you read in the Law of Moses that the priests are allowed to work in the temple on the Sabbath? But no one says they are guilty of breaking the law of the Sabbath.,Ma tɩɩ gyɩma rɛ anɩɩ tʋma hʋ wɩɩkyʋwal sɩlaala hʋ aa kɩ tʋma Wɩɩkyʋwaldɩɩbal hʋ tɩyaŋ Kyɛwiyesii hʋ kyɛɛ yaa kyɛɛ no sɩna rɛ. Amɛ ma tɩɩ naa rɛ mɩrɩsɩ hʋ Moosi aa saba tɩyaŋ anɩɩ Wɩɩsɩ bɩ sɩ kpa kyogisi tɩya ba ɛɛwɩya.
4,"He went into the house of God, and then they ate the sacred loaves of bread that only priests are supposed to eat.","Ʋ gyɩ mʋʋ gyʋʋ Wɩɩsɩ dɩya hʋ rɛ, a kpa paanʋʋ hʋ ba gyɩ aa kaŋ ko biŋ Wɩɩsɩ sɩya, a lɩɩ ʋ bee ʋ hatɩnna kyaŋ. Ʋ fa yaa sɩna rɛ dɩ nɩwaasɩ buloŋ kyaŋ haŋ paanʋʋ hʋ, see wɩɩkyʋwal sɩlaala hʋ dʋŋ."
7,"Don't you know what the Scriptures mean when they say, “Instead of offering sacrifices to me, I want you to be merciful to others?” If you knew what this means, you would not condemn these innocent disciples of mine.","Ba saba rɛ Wɩɩsɩ teŋ tɩyaŋ a baa, “Ma aa fá nala sikii, ʋ rɛ kpɩya ma aa lɩɩ wɩɩsʋllɩ kɩna a kpʋ tɩya ŋ.” Dɩ mamaa rɛ kɔnɩ fa gyɩŋ wɩɩ no memii, ma fa bɩ sɩ kpa kyogisi kɩ tɩya nala hʋ aa bɩ kaŋ wɩkyogii."
9,"Jesus left and went into one of their synagogues,","Ɛɛ rɛ Yesu lɩɩ doŋ, a mʋ gyʋʋ Gyuuma wɩɩkyʋwaldɩya kɩdɩgɩ,"
13,"Then Jesus told the man, “Hold out your hand.” The man did, and it became as healthy as the other one.","Ɛɛ rɛ Yesu basɩ tɩya nosʋʋ hʋ tɩɩna a baa, ‘Kaŋ ɩ noŋ hʋ tannɩ.’ Nyɛ rɛ ʋ kaŋ ʋ noŋ tannɩ. Ʋ mɩɩgɩ kɩɩ noduwo hʋ.”"
15,"When Jesus found out what was happening, he left there and large crowds followed him. He healed all of their sick,","Yesu aa ko gyɩma anɩɩ nala hʋ aa vʋʋlɩ ʋ kpʋyɩ wɩya rɛ, ɛɛ rɛ ʋ sii lɩɩ doŋ. Amɛ nɩgyamaa ha gyɩ sii tɩŋa ʋ hal. Nyɛ rɛ ʋ tɩɩbɩ nala hʋ buloŋ fa aa wɩɩlɩ ba tɩyaŋ."
17,"So God's promise came true, just as Isaiah the prophet had said,",Ʋ gyɩ aa basɩ wɩɩ no leŋ wɩɩ hʋ Wɩɩsɩ gyɩ aa tɩŋ ʋ tɩŋdaal Azaaya tɩyaŋ basɩ kɔnɩ ko yaa wɩtɩɩ rɛ.
30,"If you are not on my side, you are against me. If you don't gather in the harvest with me, you scatter it.","Nal hʋ buloŋ aa bɩ yaa ŋ nal, ʋ tɩɩna lɩɩ ŋ hal lɛ. Nal hʋ buloŋ aa bɩ pɛ ŋ tɩyaŋ dɩ á gbaa nala kɩ we lɩdɩgɩ, ʋ tɩɩna leŋ nala kɩ vɩya Wɩɩsɩ ŋmanɩɩ rɛ gɛɛ."
22,"Some people brought to Jesus a man who was blind and could not talk because he had a demon in him. Jesus healed the man, and then he was able to talk and see.","Ɛɛ hal tɩyaŋ nɛ nala badɔmɔŋ kaŋ baal kɩdɩgɩ gyɩŋbɔmɔ aa kana, ʋ nyʋlɩmɩ, aŋ bɩ wuwo kɩ basɩ wɩya mɛ, a ko Yesu lee. Nyɛ rɛ Yesu tɩɩbɩ baal hʋ, ʋ bɩl wuwo kɩ basɩ wɩya aŋ kɩ na mɛ."
25,"Jesus knew what they were thinking, so he said to them: Any kingdom where people fight each other will end up ruined. And a town or family that fights will soon destroy itself.","Yesu gyɩ gyɩŋ wɩɩ hʋ ba aa bɩɩnɩ ba tɩɩsɩ tɩyaŋ, a basɩ tɩya ba a baa, “Dɩ paalʋʋdɩgɩ nala rɛ we doŋ a bɩ kaŋ nyʋʋdɩgɩ, ba paalʋʋ hʋ bɩ sɩ pɩɩsɩ aŋ tele. Dɩ bedɩgɩ nala koo gyaŋwuwodɩgɩ nala mɛ rɛ we doŋ a bɩ kaŋ nyʋʋdɩgɩ, ba bee hʋ koo ba gyaŋwuwo hʋ bɩ sɩ pɩɩsɩ aŋ tele."
27,"If I use the power of Beelzebul to force out demons, whose power do your own followers use to force them out? Your followers are the ones who will judge you.","Dɩ ɛɛ hʋ ma aa basɩ kɔnɩ yaŋ yaa wɩtɩɩ anɩɩ gyɩŋbɔmɔ kuwori Bɛlizebul lɛ tɩya ŋ dee ŋ kɩ kil gyɩŋbɔmɔ, ɛɛ kɛ aŋnɛ rɛ tɩya ma tɩɩ hatɩnna hʋ mɛ dee ba kɩ kil gyɩŋbɔmɔ. Ma hatɩnna hʋ wɩyaalɩya yaŋ daga anɩɩ ma wɩbasɩɩ hʋ buloŋ yaa wɩnyɩyɛl lɛ."
43,"When an evil spirit leaves a person, it travels through the desert, looking for a place to rest. But when the demon doesn't find a place,","Ɛɛ rɛ Yesu bɩl baa, “Dɩ ba ko kile gyɩŋbɔŋ dɩ ʋ lɩɩ nal tɩyaŋ, ʋ aa gɔllɩ taŋhahɩlɩɩ tɩyaŋ nɛ a kɩ kyɛ lee dɩ ʋ wiyesi, amɛ dɩ ʋ ko kyɛ lee lɔlɔ,"
45,"it goes off and finds seven other evil spirits even worse than itself. They all come and make their home there, and the person ends up in worse shape than before. That's how it will be with you evil people of today. Jesus' Mother and Brothers (Mark","ʋ aa mɩɩgɩ mʋ kaŋ gyɩŋbɔmɔ bapɛ aa bɔmɔ te ʋ tɩɩ rɛ a pɛ dɩ ba ko kɩ gyʋʋ. Ɛɛ hal tɩyaŋ, ba sɩ lɔrɩ ʋ tɩɩna tɩyaŋ a te ʋ fa aa kɩɩ gɛɛ. Ɛɛ tɩɩ rɛ ba sɩ kɩɩ ma gyɩnaŋ nɩbɔmɔ no mɛ tɩyaŋ.” Yesu nɩɩna abee ʋ naabalɩya Maakɩ"
34,"You are a bunch of evil snakes, so how can you say anything good? Your words show what is in your hearts.","Ɛɛ rɛ ma mɛ yaŋ kɩɩ anɩɩ dʋma, ma bɔmɔ rɛ weliŋ, ɛɛwɩya ma bɩ sɩ wuwo basɩ wɩwelii kɩdɩgɩ buloŋ. Beewɩya, nihuwobiŋ wɩbasɩɩ tɩyaŋ nɛ ɩ aa gyɩŋ nihuwobiŋ hʋ iriŋ ʋ aa yaa."
37,On that day they will be told they are either innocent or guilty because of the things they have said. A Sign from Heaven (Mark,"Ma tɩɩ nyʋʋdaasɩ rɛ Wɩɩsɩ sɩ kpa di ma sarɩya, dɩ ma laa wɩsʋma koo ma laa kyogisi tɩya ma tɩɩ.” Nala aa kyɛ dɩ Yesu yaa wɩmagɩl Maakɩ"
38,"Some Pharisees and teachers of the Law of Moses said, “Teacher, we want you to show us a sign from heaven.”","Ɛɛ rɛ Wɩɩsɩ Teŋ dɩdagɩla abee Farasiima sii ko Yesu lee a basɩ tɩya ʋ a baa, “Nɩhɩyawʋ, á aa kyɛ dɩ ɩ yaa wɩmagɩl lɛ dɩ á na a gyɩma anɩɩ Wɩɩsɩ kɔnɩ we ɩ lee rɛ.”"
39,But Jesus replied: You want a sign because you are evil and won't believe! But the only sign you will get is the sign of the prophet Jonah.,"Ɛɛ rɛ Yesu baa, “Ma gyɩnaŋ nala yaa nɩbɔmɔ rɛ, a bɩ gyɩŋ Wɩɩsɩ mɛ. Ma aa sɩ yaa gɛɛ gyɩŋ Wɩɩsɩ wɩya bɩ kyɩl ma see wɩmagɩla dʋŋ wɩya rɛ kyɩl ma. Wɩmagɩl hʋ buloŋ Wɩɩsɩ aa sɩ yaa dɩ ma na rɛ yaa wɩmagɩl hʋ ʋ gyɩ aa yaa ʋ tɩŋdaal Gyoona tɩyaŋ."
40,"He was in the stomach of a big fish for three days and nights, just as the Son of Man will be deep in the earth for three days and nights.","Gyoona gyɩ aa yaŋ we fuwonaŋbal hʋ fuu tɩyaŋ kyɛyɛ kpaŋkpaŋ boto gɛɛ, ɛɛ tɩɩ rɛ mɩyaŋ Nihuwobiŋ Biye mɛ sɩ we bʋwa tɩyaŋ kyɛyɛ boto."
41,"On the day of judgment the people of Nineveh will stand there with you and condemn you. They turned to God when Jonah preached, and yet here is something far greater than Jonah.","Sarɩya hʋ kyɛdiilii, Ninive nala sɩ kpa kyogisi tɩya ma gyɩnaŋ nala. Beewɩya saŋa hʋ tɩyaŋ Gyoona gyɩ aa mʋʋ basɩ Wɩɩsɩ wɩya tɩya ba, ba gyɩ bɩrɩma lɩɩ ba wɩbɔmɔ tɩyaŋ nɛ aŋ tɩŋ Wɩɩsɩ. Ma yaŋ leŋ dɩ ŋ basɩ tɩya ma anɩɩ lagɩlagɩ no nal lɛ we ma tɩyaŋ a te Gyoona.”"
44,"it says, “I will go back to the home I left.” When it gets there and finds the place empty, clean, and neat,","ʋ aa mɩɩgɩ basɩ tɩya ʋ tɩɩ rɛ a baa, ‘Ŋ sɩ mɩɩgɩ mʋ lee hʋ ŋ aa lɩya.’ Dɩ ʋ rɛ ko mɩɩgɩ ko dɩ ba marɩ dɩya hʋ buloŋ weliŋ, ka nal buloŋ tuwo ʋ tɩyaŋ,"
46,"While Jesus was still speaking to the crowds, his mother and brothers came and stood outside because they wanted to talk with him.","Yesu ha gyɩ aa basɩ wɩya kɩ tɩya nɩgyamaa hʋ gɛɛ, dɩ ʋ naa abee ʋ naabalɩya ko sɩŋ gyaŋhal tɩyaŋ a kɩ kyɛ dɩ ba na ʋ."
47,"Someone told Jesus, “Your mother and brothers are standing outside and want to talk with you.”","Ɛɛ rɛ nala hʋ kɩdɩgɩ basɩ tɩya Yesu a baa, “Ɩ naa bee ɩ naabalɩya rɛ sɩŋ gyaŋhal tɩyaŋ a kɩ kyɛ dɩ ba na ɩ.”"
48,"Jesus answered, “Who is my mother and who are my brothers?”","Ɛɛ rɛ Yesu mɩɩgɩ pɩyɛsɩ ʋ a baa, “Kɩbee rɛ yaa ŋ naa? Kɩbeema rɛ yaa ŋ naabalɩya?”"
49,"Then he pointed to his disciples and said, “These are my mother and my brothers!","Nyɛ rɛ ka Yesu mɩɩgɩ lɩɩ ʋ noŋ a daga ʋ hatɩnna hʋ aŋ baa, “Ŋ naa abee ŋ naabalɩya rɛ nyɛ."
50,Anyone who obeys my Father in heaven is my brother or sister or mother.”,"Nal hʋ buloŋ aa yaa wɩya hʋ ŋ Kuwo Wɩɩsɩ aa we wɩɩsɩbee tɩyaŋ aa kyɛ, ʋ tɩɩna rɛ yaa ŋ naabiye abee ŋ naatoluu abee ŋ naa.”"
2,"Such large crowds gathered around him that he had to sit in a boat, while the people stood on the shore.","Nyɛ rɛ nala ko gol ʋ kyige. Ʋ aa ko na dɩ nala hʋ yʋga gɛɛ, ʋ sii mʋ gyʋʋ hɔŋ nɩɩduworiboro tɩyaŋ, nɩɩ hʋ tɩyaŋ, ka nɩgyamaa hʋ buloŋ sɩŋ fuwo hʋ nyʋwa."
3,Then he taught them many things by using stories. He said: A farmer went out to scatter seed in a field.,"Ɛɛ rɛ ʋ kpa namagɩsɩ a basɩ wɩya yʋga tɩya ba. Ʋ gyɩ maga namaga tɩya ba rɛ a baa, “Baal kɩdɩgɩ rɛ gyɩ siye a kaŋ ʋ kɩdoho mʋ dɩ ʋ gyaasɩ."
5,"Other seeds fell on thin, rocky ground and quickly started growing because the soil wasn't very deep.","Badɔmɔŋ mɛ gyɩ tele bʋnyɩŋ nyuu tɩyaŋ, a pesi nyʋ."
7,Some other seeds fell where thornbushes grew up and choked the plants.,"Ka kɩdoho hʋ badɔmɔŋ mɛ gyɩ tele sɔsɩ tɩyaŋ, a nyʋ amɛ sɔsɩ hʋ sii waa gɩrɩgɩ ba, ba pʋgɩmɩ."
10,"Jesus' disciples came to him and asked, “Why do you use stories to speak to the people?”","Ɛɛ rɛ Yesu hatɩnna hʋ sii ko pɩyɛsɩ ʋ a baa, “Bee rɛ tɩŋ ɩ aa kaŋ namagɩsɩ a basɩ wɩya kɩ tɩya nala hʋ?”"
14,"So God's promise came true, just as the prophet Isaiah had said, “These people will listen and listen, but never understand. They will look and look, but never see.","Wɩya no aa yaa nala no tɩyaŋ nyɛ leŋ wɩɩ hʋ Wɩɩsɩ tɩŋdaal Azaaya gyɩ aa basa kɔnɩ ko yaa wɩtɩɩ rɛ. Ʋ gyɩ baa, “Nala no sɩ gyegili gyegili wɩya aŋ bɩ sɩ wuwo gyɩŋ wɩɩ buloŋ memii, ba sɩ deŋ deŋ lee buloŋ, aŋ bɩ sɩ wuwo na kɩŋ buloŋ mɛ,"
17,Many prophets and good people were eager to see what you see and to hear what you hear. But I tell you they did not see or hear. Jesus Explains the Story about the Farmer (Mark,"Wɩtɩɩ rɛ ŋ basɩ kɩ tɩya ma, Wɩɩsɩ tɩŋdaala abee tɩpʋlʋŋ tɩmma yʋga rɛ fa kyo dɩ ba na wɩya no ma aa naa nyɛ, aŋ bɩ wuwo na, a fa kyo dɩ ba nɩɩ wɩya no ma aa nɩɩ, aŋ bɩ wuwo nɩɩ ba. Yesu daga kɩdohɩl namaga hʋ memii Maakɩ"
22,"The seeds that fell among the thornbushes are also people who hear the message. But they start worrying about the needs of this life and are fooled by the desire to get rich. So the message gets choked out, and they never produce anything.","Kɩna hʋ aa tele sɔsɩ hʋ tɩyaŋ mɛ rɛ yaa nala hʋ aa nɩɩ Wɩɩsɩ wɩbii hʋ amɛ dʋnɩya no kɩna wɩya kyɩl ba, ba kyo dɩ ba kaŋ kɩna. Ɛɛ wɩya, ba aa bɩ laa nyʋwa dɩ ba tɩŋ Wɩɩsɩ wɩbii hʋ, ka wɩya hʋ mɛ aa bee kaŋ doho ba tɩyaŋ."
24,Jesus then told them this story: The kingdom of heaven is like what happened when a farmer scattered good seed in a field.,"Ɛɛ rɛ Yesu bɩl maga namaga kɩdɩgɩ tɩya ba a baa, “Wɩɩsɩbee koro hʋ kɩɩ gɛɛ rɛ anɩɩ baal aa sii kpa kɩdoho weliye a mʋ doho ʋ baga tɩyaŋ."
25,"But while everyone was sleeping, an enemy came and scattered weed seeds in the field and then left.","Nyɛ rɛ kyɛɛ kɩdɩgɩ tebine, saŋa hʋ nala buloŋ aa ko pɩŋ doni gɛɛ, baal hʋ dɔŋ sii kaŋ ɔbii a mʋ mɩsɩ baga hʋ tɩyaŋ, aŋ mɩɩgɩ mʋ ʋ lɩmʋʋlɩya."
26,"When the plants came up and began to mature, the farmer's servants could see the weeds.","Kɩdoho hʋ aa nyʋwa, a ko kɩ lʋla a kɩ we biye gɛɛ tɩyaŋ nɛ ba gyɩma nɩɩ ɔhɔ mɛ pɛɛ rɛ."
27,"The servants came and asked, “Sir, didn't you scatter good seed in your field? Where did these weeds come from?”","Ɛɛ rɛ baal hʋ baga-tʋŋtʋnna ko basɩ tɩya ʋ a baa, “Nɩhɩyawʋ, kɩweliye rɛ ɩ doho ɩ baga hʋ tɩyaŋ, ka lee rɛ ɔhɔ mɛ lɩɩ a we baga hʋ tɩyaŋ?”"
28,"“An enemy did this,” he replied. His servants then asked, “Do you want us to go out and pull up the weeds?”","Ɛɛ rɛ ba nɩhɩyawʋ hʋ basɩ tɩya ba a baa, “Ŋ liise ŋ dɔŋ nɛ mʋʋ yaa gɛɛ.” Ɛɛ rɛ ʋ tʋŋtʋnna hʋ basɩ tɩya ʋ a baa, “Ɛɛ kɛ leŋ á mʋ kyuri ɔhɔ hʋ ta?”"
32,"Although it is the smallest of all seeds, it grows larger than any garden plant and becomes a tree. Birds even come and nest on its branches.","Kɩdoho no bii bɩ maga wɩɩ buloŋ. Ʋ muro rɛ weliŋ a te kɩdoho kɛ buloŋ aa we doŋ. Amɛ dɩ ʋ rɛ ko nyʋ, ʋ aa waa a yaa tɩɩbal lɛ, a yʋga te baga kɩdohii kɛ buloŋ. Digibiisi aa ko sʋwa ba gyannɩ ʋ naasɩ tɩyaŋ.” Yesu maga sɩbʋl namaga Luka"
31,Jesus told them another story: The kingdom of heaven is like what happens when a farmer plants a mustard seed in a field.,"Ɛɛ rɛ Yesu bɩl kpa namaga kɩdɩgɩ lo a baa, “Wɩɩsɩbee koro hʋ kɩɩ gɛɛ rɛ anɩɩ baal kɩdɩgɩ aa sii kpa kɩdoho kɩdɩgɩ ba aa yɩrɩ masɩtadɩ a mʋ doho ʋ baga tɩyaŋ."
34,"Jesus used stories when he spoke to the people. In fact, he did not tell them anything without using stories.",Namagɩsɩ rɛ Yesu gyɩ aa kpa a basɩ wɩya no buloŋ kɩ tɩya gyamaa hʋ. Ʋ gyɩ bɩ sɩ basɩ wɩɩ buloŋ dɩ ʋ bɩ kaŋ namaga maga.
35,"So God's promise came true, just as the prophet had said, “I will use stories to speak my message and to explain things hidden since the creation of the world.” Jesus Explains the Story about the Weeds","Ʋ yaa gɛɛ rɛ dɩ wɩya hʋ Wɩɩsɩ gyɩ aa tɩŋ ʋ tɩŋdaal Azaaya tɩyaŋ a basɩ ko yaa wɩtɩɩ. Ʋ gyɩ baa, “Namagɩsɩ rɛ ŋ sɩ kpa basɩ wɩya kɩ tɩya ba. Ŋ sɩ basɩ wɩya hʋ ba fa aa bɩ gyɩma a lɩɩ dʋnɩya piilii tɩyaŋ buloŋ a tɩya ba.” Yesu daga ɔbii namaga hʋ memii"
36,"After Jesus left the crowd and went inside, his disciples came to him and said, “Explain to us the story about the weeds in the wheat field.”","Nyɛ rɛ Yesu leŋ nɩgyamaa hʋ ta aŋ sii gyʋʋ dɩya. Ɛɛ rɛ ʋ hatɩnna hʋ ko pɩyɛsɩ ʋ a baa, “Daga ma ɔbii namaga hʋ ɩ aa maga memii.”"
37,Jesus answered: The one who scattered the good seed is the Son of Man.,"Ɛɛ rɛ Yesu baa, “Nal hʋ aa doho kɩdoho hʋ rɛ yaa mɩyaŋ Nihuwobiŋ Biye."
38,"The field is the world, and the good seeds are the people who belong to the kingdom. The weeds are those who belong to the evil one,",Baga hʋ tɩyaŋ ʋ aa doho kɩdoho hʋ mɛ rɛ yaa dʋnɩya no tɩyaŋ ma aa wee. Kidohiweliye hʋ mɛ rɛ yaa nala hʋ aa tɩŋ Wɩɩsɩ nyʋwa a we Wɩɩsɩ koro hʋ tɩyaŋ. Ɔhɔ hʋ mɛ aa nyʋ baga hʋ tɩyaŋ nɛ yaa Sɩtaanɩ nala.
39,"and the one who scattered them is the devil. The harvest is the end of time, and angels are the ones who bring in the harvest.",Ʋ dɔŋ hʋ mɛ aa doho ɔbii hʋ rɛ yaa Sɩtaanɩ. Kɩdoho hʋ kyɛkʋmɩɩ mɛ rɛ yaa dʋnɩya kyɛtenii. Nala hʋ mɛ aa sɩ kʋŋ kɩdoho hʋ mɛ rɛ yaa malɩkasɩ.
40,Weeds are gathered and burned. That's how it will be at the end of time.,"Ɛɛ hʋ ba aa yaŋ kyuri ɔhɔ hʋ laŋŋɩ a nyɔgɔ ta gɛɛ, ɛɛ tɩɩ rɛ ba sɩ laŋŋɩ Sɩtaanɩ noŋ nala mɛ a we diŋ dʋnɩya kyɛtenii."
41,"The Son of Man will send out his angels, and they will gather from his kingdom everyone who does wrong or causes others to sin.","Mɩyaŋ Nihuwobiŋ Biye, ŋ sɩ tɩŋ ŋ malɩkasɩ dɩ ba gyʋʋ Wɩɩsɩ koro hʋ tɩyaŋ a tʋwasɩ nala hʋ aa leŋ nala yaa wɩbɔmɔ abee nala hʋ buloŋ aa yaa wɩbɔmɔ."
42,"Then he will throw them into a flaming furnace, where people will cry and grit their teeth in pain.",A leŋ ba kpa ba yuwo we diŋbal hʋ aa bɩ kaŋ dɩsɩɩ tɩyaŋ. Doŋ tɩyaŋ nɛ ba sɩ wii aŋ kyaŋ ba nyɩŋa.
43,"But everyone who has done right will shine like the sun in their Father's kingdom. If you have ears, pay attention! A Hidden Treasure","Ka dɩ tɩpʋlʋŋ tɩmma kɩ tʋla anɩɩ wɩɩpɔsɩɩ ba Kuwo Wɩɩsɩ koro hʋ tɩyaŋ. Nala hʋ aa kaŋ dɩgɩna, ma gyegili nɩɩ wɩya no weliŋ.” Baal hʋ aa pal baga a mʋ mɔŋ kɩna"
44,The kingdom of heaven is like what happens when someone finds a treasure hidden in a field and buries it again. Such a person is happy and goes and sells everything in order to buy that field. A Valuable Pearl,"Ɛɛ rɛ Yesu bɩl baa, “Nyɛ rɛ Wɩɩsɩbee koro hʋ kɩɩ: Baal kɩdɩgɩ rɛ mʋʋ kɩ pala baga tɩyaŋ, a kuusi mʋ parɩ salma dɩ ba hogo baga hʋ tɩyaŋ. Ʋ aa naa salma hʋ gɛɛ, ʋ mɩɩgɩ gbaa taŋha tɔ, ka ʋ teŋ buloŋ fɩyɛlɩ. Ɛɛ rɛ ʋ mʋ kpa ʋ kɩna buloŋ a yallɩ, a kaŋ molbii hʋ mʋ yɔbɔ baga hʋ.”"
45,The kingdom of heaven is like what happens when a shop owner is looking for fine pearls.,"Ɛɛ rɛ Yesu bɩl baa, “Wɩɩsɩbee koro hʋ kɩɩ gɛɛ rɛ anɩɩ bayalʋʋ aa gɔllɩ kɩ kyɛ sɩfɩyaŋbʋyɩ kɩdɩgɩ ba aa yɩrɩ pɛɛl."
46,"After finding a very valuable one, the owner goes and sells everything in order to buy that pearl. A Fish Net","Ʋ aa ko na sɩfɩyaŋbʋyɩ no kɩdɩgɩ dɩ ʋ weliye ʋ sɩɩ tɩyaŋ, ʋ mɩɩgɩ mʋ kpa ʋ kɩŋ kɩŋ buloŋ yallɩ a mʋ yɔbɔ bʋyɩ hʋ.” Yesu maga awule namaga"
47,The kingdom of heaven is like what happens when a net is thrown into a lake and catches all kinds of fish.,"Yesu bɩl baa, “Wɩɩsɩbee koro hʋ kɩɩ gɛɛ rɛ anɩɩ fuwonaŋkasɩla aa kpaa awule a yuwo we nɩɩ tɩyaŋ, a kasɩ fuwonamɩɩsɩ iriŋ iriŋ buloŋ."
48,"When the net is full, it is dragged to the shore, and the fishermen sit down to separate the fish. They keep the good ones, but throw the bad ones away.","Fuwonamɩɩsɩ hʋ aa ko su awule hʋ, fuwonaŋkasɩla hʋ kaŋ awule hʋ tarɩ lɩɩ nɩɩ hʋ nyʋwa, a tʋwasɩ fuwonaŋweliye hʋ buloŋ aŋ kpa kɩna hʋ aa bɩ yaa a yuwo ta."
49,That's how it will be at the end of time. Angels will come and separate the evil people from the ones who have done right.,"Nyɛ rɛ ʋ yaŋ sɩ kɩɩ dʋnɩya kyɛtenii mɛ. Malɩkasɩ sɩ tʋwasɩ nɩbɔmɔ a lɩɩ niweliye tɩyaŋ,"
50,"Then those evil people will be thrown into a flaming furnace, where they will cry and grit their teeth in pain. New and Old Treasures",a kpa ba yuwo we diŋbal aa bɩ sɩ dɩsɩ tɩyaŋ. Doŋ nɛ ba sɩ we a kɩ wii aŋ kɩ kyaŋ ba nyɩŋa.” Yesu maga kɩna tɩɩna kɩdɩgɩ namaga
51,"Jesus asked his disciples if they understood all these things. They said, “Yes, we do.”","Ɛɛ rɛ Yesu pɩyɛsɩ ʋ hatɩnna hʋ a baa, “Ma gyɩŋ wɩya no buloŋ memii rɛ?” Ɛɛ rɛ ba baa, “Waa.”"
52,"So he told them, “Every student of the Scriptures who becomes a disciple in the kingdom of heaven is like someone who brings out new and old treasures from the storeroom.” The People of Nazareth Turn against Jesus (Mark","Ɛɛ rɛ Yesu basɩ tɩya ba a baa, “Wɩɩ no daga anɩɩ nal hʋ buloŋ aa gʋnnɩ Wɩɩsɩ teŋ weliŋ a ko yaa ŋ hatɩnnɩ aŋ yaa siri dɩ ʋ gyʋʋ Wɩɩsɩbee koro hʋ tɩyaŋ, ʋ tɩɩna kɩɩ gɛɛ rɛ anɩɩ dɩya tɩɩna aa kuwoni mɩbɩnɩya abee mɩfalɩya ʋ busol tɩyaŋ.” Ba vɩya Yesu Nazarɛti tɩyaŋ Maakɩ"
53,"When Jesus had finished telling these stories, he left","Yesu aa maga namagɩsɩ no ko teŋ, ʋ sii lɩɩ doŋ"
54,"and went to his hometown. He taught in their synagogue, and the people were so amazed that they asked, “Where does he get all this wisdom and the power to work these miracles?","a mɩɩgɩ kpa mʋ ʋ bee, a kɩ daga nala ba wɩɩkyʋwaldɩya tɩyaŋ. Nala hʋ buloŋ gyɩ aa nɩɩ wɩya hʋ ʋ aa basa, ba nyʋʋsɩ gyɩ fɩyɛla rɛ weliŋ. Ɛɛ rɛ ba kɩ pɩyɛsɩ dɔmɔŋ a baa, “Lee rɛ baal no na wɩgyʋŋ abee dee no buloŋ a kaŋ kɩ yaa wɩmagɩla no?"
55,"Isn't he the son of the carpenter? Isn't Mary his mother, and aren't James, Joseph, Simon, and Judas his brothers?",Gyosɛfʋ aa yaa kapiŋta biye hʋ daa gɛɛ? Ʋ naa daa yaa Mɛɛrɩ? Gyemsi abee Gyosɛfʋ abee Siimɔŋ abee Gyudasɩ daa yaa ʋ naabalɩya?
56,Don't his sisters still live here in our town? How can he do all this?”,Á bee ʋ naatoliye buloŋ daa we daha nyɛ? Lee tɩyaŋ nɛ ʋ yaŋ na wɩya no buloŋ?”
57,"So the people were upset because of what he was doing. But Jesus said, “Prophets are honored by everyone, except the people of their hometown and their own family.”","Ɛɛ rɛ ba bɩ laa ʋ wɩya di. Ɛɛ rɛ Yesu basɩ tɩya ba a baa, “Wɩɩsɩ tɩŋdaal kɛ buloŋ, ba aa kɩ tɩya ʋ gyɩrɩma rɛ weliŋ lee buloŋ tɩyaŋ, amɛ ʋ bee nala abee ʋ dɩya nala kɛ sɩɩ aa bee su ʋ.”"
58,"And because the people did not have any faith, Jesus did not work many miracles there.","Akuu ba aa bɩ laa ʋ di wɩya, ʋ gyɩ bɩ yaa wɩmagɩla yʋga doŋ tɩyaŋ."
14,"When Jesus got out of the boat, he saw the large crowd. He felt sorry for them and healed everyone who was sick.","Yesu aa ko lɩɩ nɩɩduworiboro hʋ tɩyaŋ, a na nɩgyamaa hʋ aa hɔŋ kɩ gyegili ʋ, ba sikii kana ʋ. Ɛɛ rɛ ʋ tɩɩbɩ nala hʋ aa wɩɩlɩ ba tɩyaŋ."
29,“Come on!” Jesus said. Peter then got out of the boat and started walking on the water toward him.,"Ɛɛ rɛ Yesu baa, “Sii kɩ ko.” Ʋ aa basɩ gɛɛ, Piita sii lɩɩ nɩɩduworiboro hʋ tɩyaŋ a vala nɩɩ hʋ nyuu tɩyaŋ a kɩ mʋ Yesu lee."
2,"and told his officials, “This is John the Baptist! He has come back from death, and that's why he has the power to work these miracles.”","Ɛɛ rɛ ʋ basɩ tɩya ʋ tʋŋtʋnna a baa, “Gyɔɔŋ Wɩɩsɩnɩɩfool hʋ rɛ mɩɩgɩ sii sʋʋ tɩyaŋ gɛɛ. Ɛɛ rɛ tɩŋ ʋ kaŋ dee a wuwo kɩ yaa wɩmagɩla no.”"
4,"Herod had earlier arrested John and had him chained and put in prison. He did this because John had told him, “It isn't right for you to take Herodias, the wife of your brother Philip.”","Wɩɩ hʋ aa tɩŋ Hɛrɔtɩ, paalʋʋ hʋ didenni hʋ gyɩ basɩ nyɛ rɛ yaa, ʋ gyɩ laa sɩya leŋ ba kaŋ Gyɔɔŋ Wɩɩsɩnɩɩfool hʋ we kyɔrʋmɔ rɛ, a kpa ʋ we nɩtɔdɩya tɩyaŋ, akuu Hɛrɔtɩ aa gʋl kaŋ ʋ maana Fɩlɩpɩ haaŋ Hɛrodiya fasɩ wɩya. Ɛɛ rɛ Gyɔɔŋ gyɩ aa basɩ tɩya ʋ a baa, “Ʋ bɩ yaa ŋmanɩɩ dɩ ɩ kaŋ ɩ naabiye haaŋ fasɩ.”"
11,"It was taken on a serving plate to the girl, and she gave it to her mother.",a we parɩtɩ tɩyaŋ a kaŋ ko tɩya haŋtolibiye hʋ. Ɛɛ rɛ ʋ laa a kaŋ mʋ tɩya ʋ naa.
12,John's followers took his body and buried it. Then they told Jesus what had happened. Jesus Feeds Five Thousand (Mark,"Gyɔɔŋ hatɩnna hʋ gyɩ aa ko nɩɩ wɩɩ no, ba sii ko laa Gyɔɔŋ a kaŋ mʋ hogo, aŋ mʋ basɩ wɩɩ hʋ aa yaa a tɩya Yesu. Yesu tɩya nala tusi bɔnɔŋ kɩdiiliye Maakɩ"
30,"But when Peter saw how strong the wind was, he was afraid and started sinking. “Save me, Lord!” he shouted.","Amɛ Piita aa naa nɩɩpuwo hʋ, kambɩŋ kana ʋ. Ʋ piili kɩ tuu nɩɩmemii. Ɛɛ rɛ ʋ kyiyesi baŋbaŋ a baa, “Ŋ Tɩɩna, laa ŋ.”"
17,"But they said, “We have only five small loaves of bread and two fish.”","Ɛɛ rɛ ʋ hatɩnna hʋ baa, “Kɩŋ buloŋ á aa kana daha rɛ yaa paanʋʋ gama bɔnɔŋ abee fuwonamɩɩsɩ balɩya.”"
13,"After Jesus heard about John, he crossed Lake Galilee to go to some place where he could be alone. But the crowds found out and followed him on foot from the towns.","Yesu gyɩ aa nɩɩ Gyɔɔŋ wɩya, ɛɛ rɛ ʋ sii doŋ a kpa mʋ gyʋʋ nɩɩduworiboro a mʋ lee hʋ nala aa tuwo. Amɛ nala gyɩ aa nɩɩ ʋ wɩya, nɩgyamaa gyɩ sii lɩɩ ba beye, a kɩ kile ʋ lugo abee naasɩ."
16,"Jesus replied, “They don't have to leave. Why don't you give them something to eat?”","Ɛɛ rɛ Yesu baa, “Nala no bɩ maga dɩ ba mʋ lee buloŋ. Ma tɩɩ mʋ kyɛ kɩdiiliye tɩya ba dɩ ba di.”"
18,"Jesus asked his disciples to bring the food to him,","Ɛɛ rɛ Yesu baa, “Ma kaŋ ko tɩya ŋ.”"
19,"and he told the crowd to sit down on the grass. Jesus took the five loaves and the two fish. He looked up toward heaven and blessed the food. Then he broke the bread and handed it to his disciples, and they gave it to the people.","Aŋ leŋ nala hʋ buloŋ tuu hɔŋ hɔŋ ɔhɔ hʋ tɩyaŋ. Ɛɛ rɛ ka ʋ laa paanʋʋ gama hʋ bɔnɔŋ abee fuwonamɩɩsɩ hʋ balɩya, a wil deŋ wɩɩsɩnyuu a kyʋwalɩ Wɩɩsɩ aŋgyʋwasʋ, aŋ kaŋ lɔgɔ lɔgɔ, a kpa tɩya ʋ hatɩnna hʋ, ba laa kpaa nala hʋ buloŋ."
20,"After everyone had eaten all they wanted, Jesus' disciples picked up twelve large baskets of leftovers.","Nal nal buloŋ nɛ gyɩ kyaŋ vɔgɔ, ka ʋ hatɩnna hʋ ha gyɩ paa kɩkaalɩya hʋ a su simbiisi fi abee balɩya."
22,"At once, Jesus made his disciples get into a boat and start back across the lake. But he stayed until he had sent the crowds away.","Ɛɛ rɛ ka Yesu leŋ ʋ hatɩnna hʋ laa sɩya mʋ gyʋʋ nɩɩduworiboro dɩ ba duwori kyol fuwo hʋ kyolo, aŋka ʋ mɛ ta nɩgyamaa hʋ ba mʋ."
23,"Then he went up on a mountain where he could be alone and pray. Later in the evening, he was still there.","Ʋ aa taa nɩgyamaa hʋ buloŋ ba mʋ ko teŋ, ɛɛ rɛ ʋ mʋ gyɩŋ dogimo kɩdɩgɩ nyuu dɩ ʋ kyʋwalɩ Wɩɩsɩ. Ʋ dɩdaana mʋ pele ka ʋ dʋŋ ha we dogimo hʋ nyuu tɩyaŋ."
24,By this time the boat was a long way from the shore. It was going against the wind and was being tossed around by the waves.,"Saŋa no tɩyaŋ dɩ nɩɩduworiboro hʋ mɛ pele nɩɩ hʋ tʋtʋʋ. Nɩɩpuwo kaŋ boro hʋ kɩ viisi, beewɩya ba fa kyaasɩ puwo hʋ rɛ."
25,"A little while before morning, Jesus came walking on the water toward his disciples.","Ʋ sɩgballɩnyʋwa, anɩɩ kerifi boto bee kerifi badʋ paga tɩyaŋ gɛɛ, Yesu sii vala nɩɩ hʋ nyuu a kɩ mʋ ʋ hatɩnna hʋ lee."
26,"When they saw him, they thought he was a ghost. They were terrified and started screaming.","Ba aa naa ʋ dɩ ʋ aa vala nɩɩ nyuu tɩyaŋ gɛɛ, ba kɛ bɩɩna anɩɩ nɩdʋma rɛ. Kambɩŋ kaŋ ba, ba ŋmaa kyiyesuu."
27,"At once, Jesus said to them, “Don't worry! I am Jesus. Don't be afraid.”","Ɛɛ rɛ Yesu piliŋsi basɩ tɩya ba a baa, “Ma kaŋ ma tɩɩ! Mɩyaŋ nɛ. Ma ta leŋ dɩ kambɩŋ kaŋ ma.”"
28,"Peter replied, “Lord, if it really is you, tell me to come to you on the water.”","Ɛɛ rɛ Piita baa, “Ŋ Tɩɩna, dɩ ɩ rɛ kɔnɩ, leŋ dɩ ŋ sii val nɩɩ hʋ nyuu tɩyaŋ a ko ɩ lee.”"
31,"At once, Jesus reached out his hand. He helped Peter up and said, “You surely don't have much faith. Why do you doubt?”","Ɛɛ rɛ Yesu tarɩsɩ mʋ kana ʋ aŋ basɩ tɩya ʋ a baa, “Bee rɛ tɩŋ ɩ kɩ yaa ŋ sige, ɩ laadii bɩ yʋga?”"
32,"When Jesus and Peter got into the boat, the wind died down.",Nyɛ rɛ ba buloŋ mʋ gyʋʋ nɩɩduworiboro hʋ. Doŋ nɛ puwo hʋ mɛ sige.
33,"The men in the boat worshiped Jesus and said, “You really are the Son of God!” Jesus Heals Sick People in Gennesaret (Mark","Ʋ hatɩnna hʋ buloŋ aa we nɩɩduworiboro hʋ tɩyaŋ tuu gbinni a kyʋwalɩ ʋ a kpa ʋ gyɩrɩma tɩya ʋ aŋ baa, “Wɩtɩɩ, ɩ rɛ kɔnɩ yaa Wɩɩsɩ Biye hʋ.”"
34,Jesus and his disciples crossed the lake and came to shore near the town of Gennesaret.,Ɛɛ rɛ ba kyol fuwo hʋ a ko pele tɔɔ kɩdɩgɩ ba aa yɩrɩ Gɛnɛsarɛti.
35,"The people found out he was there, and they sent word to everyone who lived in this part of the country. So they brought all the sick people to Jesus.","Ɛɛ rɛ nala hʋ aa we doŋ wuwo gyɩŋ bee baa Yesu rɛ, a leŋ ʋ duwoso pel tɔnɩ hʋ buloŋ aa we doŋ. Nyɛ rɛ ba mʋ paa ba wɩɩla tɩmma buloŋ aa we tɔnɩ hʋ aa kpaga Gɛnɛsarɛti a kaŋ ko Yesu lee,"
13,"Jesus answered, “Every plant that my Father in heaven did not plant will be pulled up by the roots.","Ɛɛ rɛ Yesu basɩ tɩya ba a baa, “Tɩya hʋ buloŋ ŋ Kuwo aa we wɩɩsɩbee tɩyaŋ aa bɩ pɔɔ, ba sɩ kyuri ʋ ta."
2,“Why don't your disciples obey what our ancestors taught us to do? They don't even wash their hands before they eat.”,“Bee rɛ tɩŋ ɩ hatɩnna kɩ kyogi á naabaala sɩŋsɩ? Ba aa bee sɔŋ ba nosi anɩɩ gɛɛ hʋ á naabaala aa daga ma aŋ kɩ di kɩdiiliye.”
3,Jesus answered: Why do you disobey God and follow your own teaching?,"Doŋ nɛ Yesu pɩyɛsɩ ba a baa, “Bee rɛ tɩŋ ma kɛ aa kuu ma lesiri wɩya a vɩya Wɩɩsɩ nyʋwa tɩŋɩɩ."
5,But you let people get by without helping their parents when they should. You let them say that what they have has been offered to God.,"Amɛ ma kɛ aa daga nala anɩɩ dɩ nal lɛ kaŋ kɩŋ a maga dɩ ʋ kpa kyiyeli ʋ kuwo koo ʋ naa, ka dɩ ʋ tɩɩna basɩ tɩya ba anɩɩ kɩŋ hʋ ʋ fa a sɩ kpa kyiyeli ba hʋ yaa Wɩɩsɩ kɩŋ nɛ."
9,"It is useless for you to worship me, when you teach rules made up by humans.” What Really Makes People Unclean (Mark","Ba aa kyʋwalɩ ŋ waasʋ rɛ, beewɩya ba vɩya ŋ nyʋwa rɛ aŋ kɩ daga nala mɩrɩsɩ hʋ ba tɩɩ aa bine, aŋ aa fugo baa dɩ mɩyaŋ Wɩɩsɩ mɩrɩsɩ rɛ.” Kɩna hʋ aa leŋ nihuwobiŋ kɩ kaŋ bisiŋ Maakɩ"
14,"Stay away from those Pharisees! They are like blind people leading other blind people, and all of them will fall into a ditch.”","Ma ta leŋ dɩ ba wɩya kɩ dɔŋ ma, beewɩya ba yaa nyʋlɩma rɛ aŋ kɩ kaŋ nyʋlɩma daatɩgɩya. Dɩ nyʋlʋŋ nɛ yaŋ kaŋ ʋ dɔŋtɩɩna nyʋlʋŋ daaŋ tɩyaŋ, ba buloŋ balɩya sɩ tele bootogi tɩyaŋ.”"
23,"Jesus did not say a word. But the woman kept following along and shouting, so his disciples came up and asked him to send her away.","Amɛ Yesu gyɩ bɩ basɩ wɩɩ buloŋ tɩya ʋ. Ɛɛ rɛ ka ʋ hatɩnna hʋ ko sʋla ʋ a baa, “Leŋ dɩ haaŋ hʋ mʋ, beewɩya ʋ kaŋ kyagɩŋsɩ kɩ tɩŋ á hal lɛ.”"
11,The food you put into your mouth doesn't make you unclean and unfit to worship God. The bad words that come out of your mouth are what make you unclean.”,"Nal kɩdiiliye bɩ sɩ wuwo leŋ dɩ ʋ yaa bisiŋ tɩɩna. Kɩŋ kɛ buloŋ aa tuu nal fuu, ʋ bɩ sɩ wuwo leŋ tɩɩna kaŋ bisiŋ. Amɛ wɩya hʋ aa lɩɩ ʋ tɩɩna nyʋwa tɩyaŋ nɛ sɩ wuwo leŋ ʋ yaa bisiŋ tɩɩna.”"
12,"Then his disciples came over to him and asked, “Do you know you insulted the Pharisees by what you said?”","Ɛɛ rɛ ʋ hatɩnna hʋ ko ʋ lee a basɩ tɩya ʋ a baa, “Ɩ gyɩma anɩɩ ɩ aa basɩ gɛɛ Farasiima hʋ tɩya kyogo rɛ?”"
15,"Peter replied, “What did you mean when you talked about the things that make people unclean?”","Ɛɛ rɛ Piita baa, “Daga ma namaga no ɩ aa maga tɩya Farasiima hʋ memii.”"
16,Jesus then said: Don't any of you know by now what I am talking about?,"Ɛɛ rɛ Yesu baa, “Ɛɛ kɛ ma mɛ buloŋ nɛ yaŋ gɛɛ?"
17,Don't you know that the food you put into your mouth goes into your stomach and then out of your body?,"Ma bɩ gyɩŋ wɩɩ no memii? Kɩŋ kɛ buloŋ aa tɩŋ nal nyʋwa gyʋʋ, ʋ aa tuu ʋ fuu rɛ, a tɩŋ ʋ memii lɩɩ."
18,But the words that come out of your mouth come from your heart. And they are what make you unfit to worship God.,"Amɛ wɩya hʋ aa tɩŋ ɩ nyʋwa lɩɩ, ba aa lɩɩ ɩ tɩya tɩyaŋ nɛ. Wɩya no rɛ aa leŋ nal kaŋ bisiŋ."
20,These are what make you unclean. Eating without washing your hands will not make you unfit to worship God. A Woman's Faith (Mark,"Wɩya no rɛ aa leŋ nal kaŋ bisiŋ. Amɛ dɩ nal bɩ sɔmɔ ʋ noŋ aŋ di kɩna anɩɩ ma naabaala a daga gɛɛ, ɛɛ bɩ sɩ wuwo leŋ dɩ ʋ tɩɩna kaŋ bisiŋ.” Yesu tɩɩbɩ Keenaŋ tɩɩna Maakɩ"
24,"Jesus said, “I was sent only to the people of Israel! They are like a flock of lost sheep.”","Ɛɛ rɛ Yesu basɩ tɩya ba a baa, “Wɩɩsɩ tɩma ŋ nɛ dɩ ŋ ko kyɛ kasɩ nala hʋ aa kɩɩ gɛɛ anɩɩ penyʋgɩsɩya Iziral tɩmma dʋŋ tɩyaŋ.”"
30,"Large crowds came and brought many people who were paralyzed or blind or lame or unable to talk. They placed them, and many others, in front of Jesus, and he healed them all.",Ɛɛ rɛ nɩgyamaa sii paa gbarɩga abee nyʋlɩma abee ganɩya abee nala aa kaŋ wɩɩla iriŋ buloŋ a ko biŋ Yesu sɩya tɩyaŋ. Ʋ tɩɩbɩ ba.
21,Jesus left and went to the territory near the towns of Tyre and Sidon.,Ɛɛ rɛ Yesu sii lɩɩ doŋ a mʋ Taaya abee Siidɔŋ paalʋʋ.
22,"Suddenly a Canaanite woman from there came out shouting, “Lord and Son of David, have pity on me! My daughter is full of demons.”","Nyɛ rɛ Keenaŋ tɩmma haaŋ kɩdɩgɩ fa aa we doŋ sii ko Yesu lee, a basɩ tɩya ʋ a baa, “Ŋ Tɩɩna, Deviti nihii, fá ŋ sikii. Gyɩŋbɔŋ nɛ kaŋ ŋ toluu, ʋ kɩ na tʋwara kɩŋkaŋ.”"
25,"The woman came closer. Then she knelt down and begged, “Please help me, Lord!”","Nyɛ rɛ haaŋ hʋ ko tele Yesu naasɩ tɩyaŋ aŋ baa, “Ŋ Tɩɩna, pɛ ŋ tɩyaŋ.”"
26,"Jesus replied, “It isn't right to take food away from children and feed it to dogs.”","Ɛɛ rɛ Yesu basɩ tɩya ʋ a baa, “Ʋ bɩ yaa ŋmanɩɩ dɩ ɩ kpa biisi kɩdiiliye a tɩya vasɩ.”"
27,"“Lord, this is true,” the woman said, “but even puppies get the crumbs that fall from their owner's table.”","Nyɛ rɛ haaŋ hʋ baa, “Ŋ Tɩɩna, wɩtɩɩ rɛ ɩ basɩ, amɛ dɩ vasɩ hʋ tɩmma rɛ aa di kɩna, kɩna hʋ aa tele taŋha rɛ vasɩ hʋ mɛ aa paa kɩ di.”"
28,"Jesus answered, “Dear woman, you really do have a lot of faith, and you will be given what you want.” At that moment her daughter was healed. Jesus Heals Many People","Ɛɛ rɛ Yesu basɩ tɩya haaŋ hʋ a baa, “Ɩ laadii kɔnɩ yʋga rɛ. Wɩɩ hʋ ɩ aa kyɛɛ, ŋ sɩ yaa tɩya ɩ.” Saŋa no tɩɩ tɩyaŋ nɛ haaŋ hʋ toluu hʋ na laaŋfɩya. Yesu tɩɩbɩ nala yʋga"
29,"From there, Jesus went along Lake Galilee. Then he climbed a hill and sat down.","Ɛɛ rɛ Yesu bɩl sii doŋ a kpa tɩŋ Galili fuwo hʋ dɩɩlaŋ kɩ mʋ, a mʋ gyɩŋ hɔŋ dogimo kɩdɩgɩ nyuu tɩyaŋ."
31,"Everyone was amazed at what they saw and heard. People who had never spoken could now speak. The lame were healed, the paralyzed could walk, and the blind were able to see. Everyone was praising the God of Israel. Jesus Feeds Four Thousand (Mark","Nɩgyamaa hʋ aa naa dɩ ganɩya hʋ aa basɩ wɩya, gbarɩga kɩ vala, ka nyʋlɩma sɩya mɛ suri gɛɛ, ʋ yaa ba wɩkperii, ba dannɩ Iziral tɩmma Wɩɩsɩ hʋ. Yesu tɩya nala tusi banaa kɩdiiliye Maakɩ"
32,"Jesus called his disciples together and told them, “I feel sorry for these people. They have been with me for three days, and they don't have anything to eat. I don't want to send them away hungry. They might faint on their way home.”","Ɛɛ rɛ Yesu yɩrɩ ʋ hatɩnna hʋ a basɩ tɩya ba a baa, “Ŋ aa naa nala no, sikii kana ŋ nɛ. Ba kyɛyɛ boto rɛ nyɛ ba aa we ŋ lee aŋ bɩ naa kɩdiiliye di. Ŋ bee kyɛ dɩ ŋ ta ba abee losi. Dɩ mɩyaŋ nɛ yaa gɛɛ, ba sɩ ko mʋ yiyegi ŋmanɩɩ tɩyaŋ.”"
33,"His disciples said, “This place is like a desert. Where can we find enough food to feed such a crowd?”","Ɛɛ rɛ ʋ hatɩnna hʋ pɩyɛsɩ ʋ a baa, “Ɛɛ rɛ á sɩ yaa a na kɩdiiliye pogo no tɩyaŋ a tɩya nɩgyamaa no buloŋ dɩ ba di.”"
34,"Jesus asked them how much food they had. They replied, “Seven small loaves of bread and a few little fish.”","Ɛɛ rɛ Yesu pɩyɛsɩ ba a baa, “Paanʋʋ gama baŋmɛ rɛ ma kana?” Ba baa, “Kɩna bapɛ rɛ abee fuwonamɩɩsɩ baŋmana.”"
35,"After Jesus had told the people to sit down,",Ɛɛ rɛ Yesu leŋ nala hʋ buloŋ tuu hɔŋ taŋha.
36,"he took the seven loaves of bread and the fish and gave thanks. He then broke them and handed them to his disciples, who passed them around to the crowds.","Ka ʋ kpa paanʋʋ gama hʋ bapɛ abee fuwonamɩɩsɩ hʋ a kyʋwalɩ Wɩɩsɩ aŋgyʋwasʋ, aŋ kaŋ lɔgɔ lɔgɔ, a tɩya ʋ hatɩnna hʋ ba laa kpaa nɩgyamaa hʋ buloŋ."
37,"Everyone ate all they wanted, and the leftovers filled seven large baskets.","Ba buloŋ di a vɔgɔ, ka Yesu hatɩnna hʋ ha paa kɩkaalɩya hʋ a su simbiisi bapɛ."
39,"After Jesus had sent the crowds away, he got into a boat and sailed across the lake. He came to shore near the town of Magadan.","Ɛɛ rɛ Yesu ta nɩgyamaa hʋ aŋ mʋ gyʋʋ nɩɩduworiboro, a kpa mʋ Magadaŋ paalʋʋ."
11,Don't you know by now that I am not talking to you about bread? Watch out for the yeast of the Pharisees and Sadducees!,Ɛɛ kɛ ma bɩ gyɩma anɩɩ kɩdiiliye wɩya daa ŋ kɩ basɩ ma lee? Ma kɩ gyɩŋ Farasiima bee Sadusiima sɩbʋl hʋ wɩya.”
13,"When Jesus and his disciples were near the town of Caesarea Philippi, he asked them, “What do people say about the Son of Man?”","Ɛɛ rɛ Yesu sii mʋ Sizaariya Filipi paalʋʋ. Doŋ nɛ ʋ pɩyɛsɩ ʋ hatɩnna hʋ a baa, “Kɩbee rɛ nala baa dɩ mɩyaŋ Nihuwobiŋ Biye yaa?”"
12,"Finally, the disciples understood that Jesus wasn't talking about the yeast used to make bread, but about the teaching of the Pharisees and Sadducees. Who Is Jesus? (Mark","Ɛɛ rɛ ʋ hatɩnna hʋ gyɩma anɩɩ ʋ bɩ baa dɩ ba pɔ ba tɩɩ abee sɩbʋl hʋ ba aa kpa we paanʋʋ tɩyaŋ, amɛ ʋ baa dɩ ba pɔ ba tɩɩma rɛ abee Farasiima bee Sadusiima wɩdagɩya tɩyaŋ. Beewɩya nala no wɩdagɩya kɩɩ gɛɛ rɛ anɩɩ sɩbʋl. Piita daga nal hʋ Yesu aa yaa Maakɩ"
2,"He told them: If the sky is red in the evening, you say the weather will be good.","Ɛɛ rɛ Yesu basɩ tɩya ba a baa, “Dɩ Wɩɩsɩ ko kɩ gyʋʋ, dɩ wɩɩsɩnyuu fɩyɛsɩ, na ma aa baa dɩ nyɛ kɛ lee hʋ pollo rɛ?"
3,"But if the sky is red and gloomy in the morning, you say it is going to rain. You can tell what the weather will be like by looking at the sky. But you don't understand what is happening now.","Kyɩkyʋwala mɛ, dɩ wɩɩsɩnyuu rɛ ko kɩɩ gyununu, na ma aa baa dɩ duwoŋ sɩ nɩɩ gyɩnaŋ. Dɩ mamaa rɛ aa sɩ wuwo deŋ wɩɩsɩnyuu a gyɩŋ wɩɩ hʋ aa sɩ yaa, bee rɛ tɩŋ ma bɩ sɩ wuwo gyɩŋ wɩɩ hʋ aa yaa dʋnɩya no tɩyaŋ lagɩlagɩ no."
14,"The disciples answered, “Some people say you are John the Baptist or maybe Elijah or Jeremiah or some other prophet.”","Ɛɛ rɛ ba baa, “Badɔmɔŋ baa dɩ ɩ rɛ yaa Gyɔɔŋ Wɩɩsɩnɩɩfool hʋ. Badɔmɔŋ mɛ baa dɩ ɩ rɛ yaa Ɛlaagya. Ka badɔmɔŋ mɛ baa dɩ ɩ rɛ yaa Gyɛrimaya, koo faafaa Wɩɩsɩ tɩŋdaala hʋ kɩdɩgɩ.”"
21,"From then on, Jesus began telling his disciples what would happen to him. He said, “I must go to Jerusalem. There the nation's leaders, the chief priests, and the teachers of the Law of Moses will make me suffer terribly. I will be killed, but three days later I will rise to life.”","A piili haŋ saŋa hʋ tɩyaŋ Yesu aa basɩ wɩya polli kɩ tɩya ʋ hatɩnna hʋ rɛ a baa, “Ʋ maga dɩ ŋ mʋ Gyerusalɛm nɛ a na tʋwara weliŋ Gyuuma nɩhɩyasɩ abee ba wɩɩkyʋwal sɩlaala nɩhɩyasɩ abee Wɩɩsɩ Teŋ dɩdagɩla nosi tɩyaŋ. Ba sɩ kpʋ ŋ, amɛ Wɩɩsɩ sɩ kyisi ŋ sʋʋ tɩyaŋ kyɛyɛ boto kyɛɛ.”"
6,"Jesus then warned them, “Watch out! Guard against the yeast of the Pharisees and Sadducees.”","Ɛɛ rɛ Yesu basɩ tɩya ba a baa, “Ma pɔ ma tɩɩma weliŋ a kɩ gyɩŋ Farasiima bee Sadusiima sɩbʋl hʋ wɩya.”"
7,"The disciples talked this over and said to each other, “He must be saying this because we didn't bring along any bread.”","Ɛɛ rɛ ba piili basɩ kɩ tɩya dɔmɔŋ a baa, “Á aa bɩ kaŋ paanʋʋ ko hʋ nɛ tɩŋ ʋ basɩ wɩɩ no.”"
27,The Son of Man will soon come in the glory of his Father and with his angels to reward all people for what they have done.,"Ŋ basɩ nyɛ kɩ tɩya ma rɛ beewɩya, mɩyaŋ Nihuwobiŋ Biye sɩ mɩɩgɩ ko abee ŋ kuwo gaŋdarɩ. Ŋ bee malɩkasɩ rɛ sɩ ko. Dɩ ámaa rɛ ko ko, ŋ sɩ tuŋ nal buloŋ a maga gɛɛ hʋ ʋ tɩɩna aa tʋma."
18,"So I will call you Peter, which means “a rock.” On this rock I will build my church, and death itself will not have any power over it.","Ɛɛ wɩya Piita, ŋ basɩ tɩya ɩ rɛ anɩɩ ɩ feŋ hʋ memii rɛ yaa bʋyɩ, bʋyɩ no tɩyaŋ nɛ ŋ sɩ kaŋ nala hʋ buloŋ aa laa ŋ wɩya di ko laŋŋɩ. Sʋʋ mɛ gba bɩ sɩ wuwo yige nala no lo."
15,"Then Jesus asked, “But who do you say I am?”","Ɛɛ rɛ Yesu bɩl pɩyɛsɩ ʋ hatɩnna hʋ mɛ a baa, “Ka ma mɛ, aŋnɛ rɛ ma baa ŋ yaa?”"
16,"Simon Peter spoke up, “You are the Messiah, the Son of the living God.”","Ɛɛ rɛ Siimɔŋ Piita baa, “Ɩ rɛ yaa Krisita hʋ, Wɩɩsɩ hʋ aa weye biye.”"
17,"Jesus told him: Simon, son of Jonah, you are blessed! You didn't discover this on your own. It was shown to you by my Father in heaven.","Ɛɛ rɛ Yesu baa, “Siimɔŋ, Gyɔɔŋ biibaal, nyusʋŋtɩɩna rɛ yaa ɩ, beewɩya wɩgyʋŋ no ɩ aa kaŋ lɩɩ wɩɩ no sɩɩ, nihuwobiŋ daa tɩya ɩ. Ŋ Kuwo aa we wɩɩsɩbee tɩyaŋ nɛ tɩya ɩ."
19,"I will give you the keys to the kingdom of heaven, and God in heaven will allow whatever you allow on earth. But he will not allow anything you don't allow.","Ŋ sɩ kpa Wɩɩsɩbee koro hʋ saafɩɩbiye tɩya ɩ. Wɩɩ hʋ ɩ aa sɩŋ dʋnɩya no tɩyaŋ, ʋ rɛ Wɩɩsɩ mɛ kɩ sɩna, wɩɩ hʋ mɛ ɩ aa sɩ laa dʋnɩya no tɩyaŋ, ʋ rɛ Wɩɩsɩ mɛ sɩ laa”"
20,Jesus told his disciples not to tell anyone he was the Messiah. Jesus Speaks about His Suffering and Death (Mark,"Ɛɛ rɛ Yesu basɩ tɩya ʋ hatɩnna hʋ abee sɩfɩyasɩ dɩ ba ta basɩ tɩya nal buloŋ anɩɩ ʋ rɛ yaa Krisita hʋ, Laataal hʋ Wɩɩsɩ aa lɩya. Yesu basɩ ʋ sʋʋ wɩya Maakɩ"
22,"Peter took Jesus aside and told him to stop talking like that. He said, “God would never let this happen to you, Lord!”","Ɛɛ rɛ Piita kana ʋ fasɩ lɩɩ saŋkala, a basɩ tɩya ʋ a baa “Ta basɩ gɛɛ! Ŋ Tɩɩna Wɩɩsɩ ta laa nyʋwa dɩ wɩɩ no maakyiye yaa ɩ.”"
23,"Jesus turned to Peter and said, “Satan, get away from me! You're in my way because you think like everyone else and not like God.”","Ɛɛ rɛ Yesu bɩrɩmɩ kyaasɩ Piita aŋ basɩ tɩya ʋ baa, “Fasɩ mʋ ŋ sɩya tɩyaŋ. Sɩtaanɩ wɩya rɛ ɩ kɩ basɩ gɛɛ. Ɩ aa kyɛ dɩ ɩ mʋrɩ ŋ dɩ ŋ vɩya ŋ kuwo nyʋwa rɛ. Beewɩya nihuwobiŋ tɩliise rɛ ɩ kana ɩ bɩ kaŋ Wɩɩsɩ tɩliise.”"
24,"Then Jesus said to his disciples: If any of you want to be my followers, you must forget about yourself. You must take up your cross and follow me.","Ɛɛ rɛ Yesu basɩ tɩya ʋ hatɩnna hʋ a baa, “Dɩ nal buloŋ nɛ aa kyɛ dɩ ʋ tɩŋa ŋ, see dɩ ʋ vɩya ʋ tɩɩ ŋmanɩɩ ta aŋ kpa ʋ daagarɩɩ baasɩ a kɩ tɩŋa ŋ hal."
25,"If you want to save your life, you will destroy it. But if you give up your life for me, you will find it.","Nal hʋ buloŋ aa kyɛ dɩ ʋ laa ʋ tɩɩ mɩɩbol, ʋ tɩɩna bɩ sɩ na ʋ mɩɩbol. Amɛ nal hʋ mɛ aa kuu ŋ wɩya a vɩya ʋ mɩɩbol ta ʋ tɩɩna sɩ na mɩɩbol aa bɩ kaŋ tenii."
26,"What will you gain, if you own the whole world but destroy yourself? What would you give to get back your soul?","Dɩ ɩ rɛ tɩŋ dʋnɩya no kɩŋ buloŋ, aŋ bɩ sɩ na mɩɩbol hʋ aa bɩ kaŋ tenii, bekiŋ tɔnɔ rɛ ɩ na? Dʋnɩya no tɩyaŋ, bekiŋ nɛ ɩ sɩ wuwo kpa lenni laa ɩ mɩɩbol?"
28,I promise you some of those standing here will not die before they see the Son of Man coming with his kingdom.,"Wɩtɩɩ rɛ ŋ basɩ kɩ tɩya ma, nala badɔmɔŋ we ma tɩyaŋ daha, ba bɩ sɩ sʋba see dɩ ba na mɩyaŋ Nihuwobiŋ Biye ko di dʋnɩya buloŋ koro.”"
2,"There in front of the disciples, Jesus was completely changed. His face was shining like the sun, and his clothes became white as light.","Ba ko baa dɩ ba deŋ, dɩ ba naa Yesu bɩrɩma, ʋ sɩya buloŋ kɩ tʋla gɛɛ anɩɩ wɩɩpɔsɩɩ aŋka ʋ gannɩ mɛ pʋllɩ gɛɛ peretete a kɩ tʋla."
13,Then the disciples understood Jesus was talking to them about John the Baptist. Jesus Heals a Boy (Mark,Ɛɛ rɛ ʋ hatɩnna hʋ gyɩma anɩɩ Gyɔɔŋ Wɩɩsɩnɩɩfool hʋ wɩya rɛ ʋ basɩ gɛɛ. Yesu kile gyɩŋbɔŋ ta biye kɩdɩgɩ tɩyaŋ Maakɩ
1,Six days later Jesus took Peter and the brothers James and John with him. They went up on a very high mountain where they could be alone.,"Ʋ kyɛyɛ badʋ hal tɩyaŋ, Yesu kaŋ Piita abee Gyemsi bee ʋ naabiye Gyɔɔŋ, a mʋ gyɩŋ dogiŋbal kɩdɩgɩ nyuu ba dʋŋ."
3,All at once Moses and Elijah were there talking with Jesus.,Haŋ lagɩlagɩ hʋ dɩ ba naa Moosi abee Ɛlaagya dɩ ba bee Yesu sɩŋ kɩ basɩ wɩya.
4,"So Peter said to him, “Lord, it is good for us to be here! Let us make three shelters, one for you, one for Moses, and one for Elijah.”","Ɛɛ rɛ Piita basɩ tɩya Yesu a baa, “Á Tɩɩna, ʋ yaa wɩwelii rɛ anɩɩ á aa we daha. Dɩ ɩ rɛ aa kyɛ, ŋ sɩ we gyama boto daha, dɩ ɩ tɩŋ kɩdɩgɩ, dɩ Moosi mɛ tɩŋ kɩdɩgɩ, ka dɩ Ɛlaagya mɛ tɩŋ kɩdɩgɩ.”"
5,"While Peter was still speaking, the shadow of a bright cloud passed over them. From the cloud a voice said, “This is my own dear Son, and I am pleased with him. Listen to what he says!”","Piita ha fa aa basɩ wɩya hʋ gɛɛ dɩ taal tʋlɩɩ kɩdɩgɩ ko tuu tɔ ba, ka taal lɩɩ taal tʋlɩɩ hʋ tɩyaŋ a baa, “Ŋ Biikyoolii rɛ nyɛ. Ŋ teŋ fɩyɛla rɛ ʋ tɩyaŋ. Ma gyegili kɩ nɩɩ ʋ nyʋwa.”"
6,"When the disciples heard the voice, they were so afraid they fell flat on the ground.","Yesu hatɩnna hʋ aa nɩɩ taal hʋ gɛɛ, kambɩŋ kaŋ ba, ba tuu tele kyige taŋha."
7,"But Jesus came over and touched them. He said, “Get up and don't be afraid!”","Ɛɛ rɛ Yesu ko ba lee a dige ba aŋ basɩ tɩya ba a baa, “Ma sii, ma ta leŋ kambɩŋ kaŋ ma.”"
8,"When they opened their eyes, they saw only Jesus.","Ba aa siye, ba deŋ lee buloŋ, ka ba bɩ naa nal buloŋ, see Yesu dʋŋ."
10,"The disciples asked Jesus, “Don't the teachers of the Law of Moses say Elijah must come before the Messiah does?”","Ɛɛ rɛ Yesu hatɩnna hʋ pɩyɛsɩ ʋ a baa, “Bee rɛ tɩŋ Wɩɩsɩ Teŋ dɩdagɩla hʋ baa dɩ Ɛlaagya rɛ sɩ laa sɩya ko, ka dɩ Krisita, laataal hʋ Wɩɩsɩ aa lɩya na ko?”"
11,"Jesus told them, “Elijah certainly will come and get everything ready.","Ɛɛ rɛ Yesu baa, “Wɩtɩɩ rɛ, Ɛlaagya rɛ kɔnɩ sɩ laa sɩya ko, a kaŋ kɩŋ buloŋ marɩ biŋ."
12,"In fact, he has already come. But the people did not recognize him and treated him just as they wanted to. They will soon make the Son of Man suffer in the same way.”","Amɛ ŋ basɩ kɩ tɩya ma rɛ anɩɩ Ɛlaagya paalɩ ko rɛ, aŋka nala bɩ wuwo gyɩma ʋ, aŋ kana ʋ yaa gɛɛ ba aa kyɛ. Ɛɛ tɩɩ rɛ ba yaŋ sɩ dɔgɩsɩ mɩyaŋ Nihuwobiŋ Biye mɛ.”"
14,Jesus and his disciples returned to the crowd. A man knelt in front of him,"Ɛɛ rɛ Yesu bee ʋ hatɩnna hʋ boto sii mɩɩgɩ ko nɩgyamaa hʋ lee. Doŋ nɛ baal kɩdɩgɩ gyɩ ko Yesu lee a tuu gbinni ʋ sɩya tɩyaŋ,"
15,"and said, “Lord, have pity on my son! He has a bad case of epilepsy and often falls into a fire or into water.","aŋ basɩ tɩya ʋ baa, “Ŋ nɩhɩyawʋ, fá ŋ biibaal sikii, ʋ aa tele kpuŋkpuŋsi rɛ. Wɩɩl hʋ gyʋʋ ʋ tɩyaŋ nɛ kɩŋkaŋ, ʋ aa kɩ tele diŋ koo nɩɩ tɩyaŋ."
16,"I brought him to your disciples, but none of them could heal him.”","Ŋ kana ʋ ko ɩ hatɩnna hʋ lee rɛ, amɛ ba bɩ wuwo tɩɩbɩ ʋ.”"
17,"Jesus said, “You people are too stubborn to have any faith! How much longer must I be with you? Why do I have to put up with you? Bring the boy here.”","Ɛɛ rɛ Yesu baa, “Ma gyɩnaŋ nala aa bɩ laa Wɩɩsɩ di, ma yaa nɩbɔmɔ rɛ. Abaa! Kyɛyɛ baŋmɛ rɛ ŋ tɩɩ baa ŋ we ma lee?” Doŋ nɛ ka ʋ basɩ tɩya baal hʋ a baa, “Kaŋ biye hʋ ko daha.”"
18,"Then Jesus spoke sternly to the demon. It went out of the boy, and right then he was healed.","Ɛɛ rɛ Yesu nɔsɩ gyɩŋbɔŋ hʋ ʋ lɩɩ biye hʋ tɩyaŋ, ka biye hʋ teŋ pirigi deye."
19,"Later the disciples went to Jesus in private and asked him, “Why couldn't we force out the demon?”","Nyɛ rɛ Yesu hatɩnna hʋ ko ʋ lee a lʋwɔlɩ pɩyɛsɩ ʋ a baa, “Bee rɛ tɩŋ á kɛ bɩ wuwo kile gyɩŋbɔŋ hʋ?”"
22,"While Jesus and his disciples were going from place to place in Galilee, he told them, “The Son of Man will be handed over to people","Yesu hatɩnna hʋ buloŋ aa ko laŋŋɩ Galili tɩyaŋ gɛɛ, ʋ basɩ tɩya ba a baa, “Ba sɩ kpa Mɩyaŋ Nihuwobiŋ Biye a we nala nosi tɩyaŋ,"
23,who will kill him. But three days later he will rise to life.” All of this made the disciples very sad. Paying the Temple Tax,"dɩ ba kpʋ ŋ, amɛ ɛɛ hal tɩyaŋ Wɩɩsɩ sɩ kyisi ŋ sʋʋ tɩyaŋ kyɛyɛ boto kyɛɛ.” Yesu aa basɩ gɛɛ, ʋ hatɩnna hʋ tɩsɩ buloŋ kyogi. Wɩɩkyʋwaldɩɩbal hʋ lampoo tunii wɩya"
24,"When Jesus and the others arrived in Capernaum, the collectors for the temple tax came to Peter and asked, “Does your teacher pay the temple tax?”","Yesu bee ʋ hatɩnna hʋ aa ko pele Kapɛɛnam, nala hʋ aa laa Wɩɩkyʋwaldɩɩbal hʋ lampoo ko Piita lee a pɩyɛsɩ ʋ a baa, “Ma nɩhɩyawʋ hʋ aa tuŋ Wɩɩkyʋwaldɩɩbal hʋ lampoo rɛ?”"
25,"“Yes, he does,” Peter answered. After they had returned home, Jesus went up to Peter and asked him, “Simon, what do you think? Do the kings of this earth collect taxes and fees from their own people or from foreigners?”","Ɛɛ rɛ Piita baa dɩ ʋ aa tuŋ nɛ. Piita aa basɩ gɛɛ aŋ mɩɩgɩ gyʋʋ dɩya, Yesu laa sɩya pɩyɛsɩ ʋ a baa, “Piita, ɛɛ rɛ ɩ bɩɩnɩ? Kɩbee rɛ aa tuŋ lampoo a kɩ tɩya dʋnɩya no kuworo, tɔɔ hʋ nala tɩɩ koo nɩhʋwala?”"
26,"Peter answered, “From foreigners.” Jesus replied, “Then their own people don't have to pay.","Ɛɛ rɛ Piita baa dɩ nɩhʋwala rɛ. Yesu bɩl baa, “Ɛɛ daga anɩɩ tɔɔ hʋ nala tɩɩ kɛ bee tuŋ kɩŋ buloŋ.”"
27,"But we don't want to cause trouble. So go cast a line into the lake and pull out the first fish you hook. Open its mouth, and you will find a coin. Use it to pay your taxes and mine.”","Amɛ á kɛ bee kyɛ dɩ á yaa wɩɩ buloŋ kyogi ba, ɛɛ wɩya kpa bɩyaŋ a tuu fuwo a lo, laasɩya fuwonamɩya hʋ ɩ aa sɩ lɩɩ kaŋ ʋ nyʋwa suri a tʋʋ lɩɩ molbinʋʋ ʋ nyʋwa tɩyaŋ, a kaŋ molbii hʋ mʋ tuŋ ŋ beel-ɩ buloŋ nyuu lampoo."
9,"If your eye causes you to sin, poke it out and get rid of it. You would be better off to go into life with only one eye than to have two eyes and be thrown into the fires of hell. The Lost Sheep (Luke","Dɩ ɩ sɩɩ rɛ leŋ ɩ yaa wɩbɔŋ, lɩɩ ta. Ɩ aa gyʋʋ wɩɩsɩbee koro hʋ abee sɩtogo, ʋ rɛ kpɩya ɩ aa kaŋ sɩya balɩya ka ba kpa ɩ yuwo we diŋ tɩyaŋ."
33,"Don't you think you should show pity to someone else, as I did to you?”",Bee rɛ yaŋ tɩŋ ɩ kɛ bɩ wuwo dɩ ɩ fá ɩ dɔŋtɩɩna hʋ sikii anɩɩ ŋ aa fáá ɩ sikii gɛɛ?”
4,"But if you are as humble as this child, you are the greatest in the kingdom of heaven.","Nal hʋ aa kaŋ ʋ tɩɩ hʋwɔlɩ anɩɩ biibiye no, ʋ tɩɩna rɛ yaa nɩbal wɩɩsɩbee koro hʋ tɩyaŋ."
5,"And when you welcome one of these children because of me, you welcome me. Temptations To Sin (Mark","Dɩ nal lɛ kuu ŋ wɩya a kaŋ biibiye no dɔŋtɩɩna weliŋ, mɩyaŋ nɛ ʋ tɩɩna kaŋ weliŋ gɛɛ.” Yesu basɩ wɩya hʋ aa sɩ leŋ dɩ nala yaa wɩbɔmɔ Maakɩ"
17,"If the follower refuses to listen to them, report the matter to the church. Anyone who refuses to listen to the church must be treated like an unbeliever or a tax collector. Allowing and Not Allowing","Amɛ dɩ ʋ rɛ ha ko bɩ gyegili nɩɩ ba mɛ nyʋwa, basɩ wɩɩ hʋ tɩya Krisitabiisi hʋ buloŋ. Dɩ ʋ rɛ ha ko bɩl bɩ gyegili nɩɩ ba mɛ nyʋwa, ɛɛ kɛ kpa ʋ tɩɩna anɩɩ nal aa bɩ gyɩŋ Wɩɩsɩ koo wɩbɔŋ yaal."
6,It will be terrible for people who cause even one of my little followers to sin. Those people would be better off thrown into the deepest part of the ocean with a heavy stone tied around their necks!,"Dɩ nal lɛ ko leŋ dɩ nala no aa laa ŋ di, anɩɩ biibiisi no kɩdɩgɩ buloŋ ko vɩya ŋ nyʋwa, ba aa kpaa nɔŋ a vʋwa laalɩ ʋ tɩɩna bagɩna tɩyaŋ a kpa ʋ yuwo we nɩɩbɩŋ tɩyaŋ ʋ nyʋwa nɩɩ sʋba, ʋ rɛ sɩ kpɩya ʋ tɩɩna aa weye."
8,"If your hand or foot causes you to sin, chop it off and throw it away! You would be better off to go into life paralyzed or lame than to have two hands or two feet and be thrown into the fire that never goes out.","Dɩ ɩ noŋ koo ɩ naaŋ nɛ leŋ ɩ yaa wɩbɔŋ, keri ʋ ta. Ɩ aa gyʋʋ wɩɩsɩbee koro hʋ abee nokuu koo naakuu, ʋ rɛ kpɩya ɩ aa sɩ kaŋ nopilime abee naapilime ka dɩ ba kpa ɩ yuwo we diŋ tɩyaŋ."
15,"If one of my followers sins against you, go and point out what was wrong. But do it in private, just between the two of you. If that person listens, you have won back a follower.","Ɛɛ rɛ Yesu baa, “Dɩ ɩ dɔŋtɩɩna krisitabiye rɛ yaa wɩɩ kyogi ɩ, mʋ basɩ wɩɩ hʋ ʋ aa yaa kyogi ɩ tɩya ʋ, amɛ leŋ dɩ ʋ yaa ɩ beel-ʋ dʋŋ wɩgyɩmɩɩ. Dɩ ʋ rɛ ko gyegili nɩɩ wɩɩ hʋ ɩ aa basɩ tɩya ʋ, ɛɛ kɛ ɩ beel-ʋ mɩɩgɩ marɩ dɔmɔŋ nɛ gɛɛ."
11,Don't be cruel to any of these little ones! I promise you their angels are always with my Father in heaven.,“Mɩyaŋ Nihuwobiŋ Biye ko dɩ ŋ kyɛ a laa nala hʋ aa nyʋgɩsa rɛ a ta.” Yesu maga piyesi hʋ aa nyʋgɩsa namaga Luka
14,That's how it is with your Father in heaven. He doesn't want any of these little ones to be lost. When Someone Sins (Luke,Ɛɛ tɩɩ rɛ ma kuwo aa we wɩɩsɩbee tɩyaŋ mɛ bee kyɛ dɩ ma nala no aa laa Wɩɩsɩ di aŋ kaŋ ma tɩɩ kɩ hʋwɔlɩ anɩɩ biibiisi kɩdɩgɩ buloŋ nyʋgɩsɩ.” Dɩ ɩ dɔŋtɩɩna ko yaa wɩɩ kyogi ɩ
18,"I promise you God in heaven will allow whatever you allow on earth, but God will not allow anything you don't allow.","Wɩtɩɩ rɛ ŋ basɩ kɩ tɩya ma, wɩɩ hʋ ma aa sɩŋ dʋnɩya no tɩyaŋ, ʋ rɛ Wɩɩsɩ kɩ sɩna. Amɛ wɩɩ hʋ ma aa laa dʋnɩya no tɩyaŋ, ʋ rɛ Wɩɩsɩ mɛ sɩ laa."
19,"I promise that when any two of you on earth agree about something you are praying for, my Father in heaven will do it for you.","Ŋ marɩ basɩ kɩ tɩya ma rɛ, dɩ ma balɩya rɛ yaa nyʋʋdɩgɩ a kyʋwalɩ Wɩɩsɩ kɩ kyɛ kɩŋ, ŋ Kuwo aa we wɩɩsɩbee tɩyaŋ sɩ yaa ʋ tɩya ma."
20,"Whenever two or three of you come together in my name, I am there with you. An Official Who Refused To Forgive","Lee hʋ nala balɩya koo boto aa laŋŋa ŋ feŋ tɩyaŋ, ŋ we ba lee rɛ.” Yesu daga nala dɔmɔŋ wɩbɔmɔ kpakyɛyɩ wɩya"
21,"Peter came up to the Lord and asked, “How many times should I forgive someone who does something wrong to me? Is seven times enough?”","Ɛɛ rɛ Piita ko Yesu lee a pɩyɛsɩ ʋ a baa, “Tɩɩna, dɩ ŋ dɔŋtɩɩna rɛ yaa wɩɩ kyogi ŋ, naaŋsɩɩnyʋwa bʋŋmɛ rɛ ŋ maga dɩ ŋ kpa kyɛ ʋ? Ŋ kpa kyɛ ʋ naaŋsɩɩnyʋwa bʋpɛ koo?”"
23,This story will show you what the kingdom of heaven is like: One day a king decided to call in his officials and ask them to give an account of what they owed him.,"Ɛɛ rɛ Yesu kaŋ wɩɩ no maga namaga a baa, “Wɩɩsɩbee koro hʋ kɩɩ gɛɛ rɛ anɩɩ kuwori kɩdɩgɩ aa sii yɩrɩ ʋ tʋŋtʋnna dɩ ʋ gyɩŋ ba kɩdɩgɩ buloŋ aa dii ʋ kyɩŋ mɔɔgɛɛ."
24,"As he was doing this, one official was brought in who owed him","Ʋ aa piile dɩ ʋ pɩyɛsɩ kyɩma hʋ gɛɛ, ʋ tʋŋtʋnnɩ kɩdɩgɩ aa di ʋ kyɩŋ molbiye tusi tusi ko ʋ lee."
25,"But he didn't have any money to pay what he owed. The king ordered him to be sold, along with his wife and children and all he owned, in order to pay the debt.","Ɛɛ rɛ tʋŋtʋnnɩ hʋ bɩ kaŋ molbii ʋ aa sɩ tuŋ. Nyɛ rɛ ʋ nɩhɩyawʋ hʋ baa dɩ ba kaŋ ʋ bee ʋ haaŋ abee ʋ balɩya abee kɩŋ buloŋ ʋ aa kana, a kaŋ mʋ yallɩ a ko tuŋ kyɩŋ hʋ."
26,"The official got down on his knees and began begging, “Have pity on me, and I will pay you every cent I owe!”","Ɛɛ rɛ tʋŋtʋnnɩ hʋ tuu gbinni a sʋla ʋ, a baa, ‘Ŋ nɩhɩyawʋ, di kenyiri tɩya ŋ, ŋ sɩ tuŋ kyɩŋ hʋ buloŋ.”’"
27,The king felt sorry for him and let him go free. He even told the official that he did not have to pay back the money.,Nyɛ rɛ ʋ nɩhɩyawʋ hʋ fá ʋ sikii a kpa kyɩŋ hʋ kyɛ ʋ aŋ leŋ ʋ mʋ.
28,"But as this official was leaving, he happened to meet another official, who owed him","Amɛ baal no aa lɩɩ, a kyeŋ ʋ tʋŋtʋnnɩ-dɔŋtɩɩna mɛ aa dii ʋ kyɩŋ molbiwarɩ tusi, ʋ kyɩɩrɩ gal we ʋ bagɩna tɩyaŋ a baa dɩ ʋ tuŋ kyɩŋ hʋ."
29,"The man got down on his knees and began begging, “Have pity on me, and I will pay you back.”","Nyɛ rɛ ʋ tʋŋtʋnnɩ-dɔŋtɩɩna hʋ mɛ tuu gbinni a sʋla ʋ a baa, ‘Di kenyiri tɩya ŋ, ŋ sɩ tuŋ kyɩŋ hʋ.’"
30,"But the first official refused to have pity. Instead, he went and had the other official put in jail until he could pay what he owed.",Amɛ ʋ vɩya aŋ leŋ ba kana ʋ mʋ tɔ dɩya tɩyaŋ a kaŋ kɩ mʋ saŋa hʋ ʋ aa sɩ tuŋ kyɩŋ hʋ teŋ.
31,"When some other officials found out what had happened, they felt sorry for the man who had been put in jail. Then they told the king what had happened.","Ʋ tʋŋtʋnnɩ-dɔŋtɩŋsɩ hʋ aa naa wɩɩ hʋ ʋ aa yaa, ʋ yaa ba tɩkyogi. Ba mʋ basɩ tɩya ba nɩhɩyawʋ hʋ."
32,"The king called the first official back in and said, “You're an evil man! When you begged for mercy, I said you did not have to pay back a cent.","Ɛɛ rɛ kuwori hʋ yɩrɩ ʋ, a basɩ tɩya ʋ a baa, “Ɛɛ dɔŋ tahaa tɩɩna! Ɩ aa sʋla ŋ nɛ tɩŋ, ŋ kpaa kyɩŋ hʋ ɩ aa diye buloŋ a kyɛ ɩ."
34,The king was so angry that he ordered the official to be tortured until he could pay back everything he owed.,Kuwori hʋ na baaŋ weliŋ ʋ nyuu tɩyaŋ aŋ leŋ ba kana ʋ mʋ tɩya nɩtɔdɩya nala dɩ ba dɔgɩsɩ ʋ a mʋ pele saŋa hʋ ʋ aa sɩ tuŋ kyɩŋ hʋ buloŋ teŋ.
35,"That is how my Father in heaven will treat you, if you don't forgive each of my followers with all your heart.","Ɛɛ rɛ Yesu baa, “Nyɛ tɩɩ rɛ ŋ kuwo aa we wɩɩsɩbee tɩyaŋ mɛ sɩ yaa ma kɩdɩgɩ buloŋ, dɩ mamaa rɛ ko bɩ kpaa wɩya kɩ kyɛ ma dɔŋtɩŋsɩ abee ma tɩsɩ buloŋ.”"
1,"When Jesus finished teaching, he left Galilee and went to the part of Judea east of the Jordan River.","Yesu aa basɩ wɩya no teŋ, ʋ lɩɩ Galili paalʋʋ a mʋ Gyudɩya paalʋʋ Gyɔɔdaŋ fuwo hʋ kyolo tɩyaŋ."
12,Some people are unable to marry because of birth defects or because of what someone has done to their bodies. Others stay single in order to serve God better. Anyone who can accept this teaching should do so.” Jesus Blesses Little Children (Mark,"Wɩɩ hʋ aa tɩŋ baala badɔmɔŋ bee paa haana, ba yaa wɩgyamaa rɛ. Ba aa lʋl badɔmɔŋ dɩ ba paalɩ bɩ kaŋ barɩ. Badɔmɔŋ mɛ nihuwobisi rɛ farɩ ba, ka badɔmɔŋ mɛ kuu Wɩɩsɩbee koro hʋ wɩya a vɩya haana paayɩ. Nal hʋ aa sɩ wuwo laa wɩɩ no di, ʋ tɩɩna laa di.” Yesu sʋl Wɩɩsɩ tɩya biibiisi Maakɩ"
2,"Large crowds followed him, and he healed their sick.",Nɩgyamaa sii tɩŋa ʋ hal. Ʋ tɩɩbɩ nala hʋ aa wɩɩlɩ ba tɩyaŋ.
3,"Some Pharisees wanted to test Jesus. They came up to him and asked, “Is it right for a man to divorce his wife for just any reason?”","Ɛɛ rɛ Farasiima badɔmɔŋ mɛ sii ko ʋ lee a kɩ kyɛ dɩ ba magɩsɩ ʋ, a pɩyɛsɩ ʋ a baa, “Ʋ yaa ŋmanɩɩ rɛ dɩ baal kuu wɩɩ kɛ buloŋ wɩya a vɩya ʋ haaŋ?”"
4,"Jesus answered, “Don't you know in the beginning the Creator made a man and a woman?","Yesu mɩɩgɩ pɩyɛsɩ ba a baa, “Ma bɩ karɩma Wɩɩsɩ teŋ hʋ tɩyaŋ anɩɩ saŋa hʋ Wɩɩsɩ gyɩ aa marɩ dʋnɩya, baal bee haaŋ nɛ ʋ gyɩ ta aŋ baa,"
5,That's why a man leaves his father and mother and gets married. He becomes like one person with his wife.,nyɛ wɩya baal aa sɩ leŋ ʋ kuwo abee ʋ naa rɛ ka dɩ ʋ bee ʋ haaŋ yaa kɩdɩgɩ a kɩ gyʋʋ.
6,"Then they are no longer two people, but one. And no one should separate a couple God has joined together.”","Ba bɩl bɩ yaa nala balɩya, ba bɩrɩma nɩdɩgɩ rɛ. Ɛɛwɩya, nala hʋ Wɩɩsɩ aa leŋ ba yaa nɩdɩgɩ ʋ bɩ maga dɩ nihuwobiŋ kaŋ ba porigi dɔmɔŋ.”"
7,"The Pharisees asked Jesus, “Why did Moses say a man could write out divorce papers and send his wife away?”","Ɛɛ rɛ Farasiima hʋ bɩl pɩyɛsɩ ʋ a baa, “Bee rɛ yaŋ tɩŋ Moosi fa baa dɩ dɩ baal lɛ aa kyɛ ʋ vɩya ʋ haaŋ, dɩ ʋ laa sɩya sabɩ haaŋ vɩyayɩ teŋ tɩya ʋ aŋ na vɩya ʋ?”"
8,"Jesus replied, “You are so heartless! That's why Moses allowed you to divorce your wife. But from the beginning God did not intend it to be that way.","Ɛɛ rɛ Yesu bɩl basɩ tɩya ba a baa, “Ma dagɩɩ aa hayɛ rɛ tɩŋ Moosi gyɩ tɩya ma ŋmanɩɩ dɩ ma kɩ vɩya ma haana gɛɛ. Amɛ nyɛ daa ʋ fa kɩɩ dʋnɩya piilii hʋ tɩyaŋ."
9,"I say if your wife has not committed some terrible sexual sin, you must not divorce her to marry someone else. If you do, you are unfaithful.”","Ŋ basɩ kɩ tɩya ma rɛ, a lɩɩ sɔŋsɔŋ hal, dɩ baal lɛ kuu wɩɩ buloŋ wɩya a vɩya ʋ haaŋ, aŋ bɩl mʋ kpa hadɩma, ɩ tɩɩna yaa basɔŋsɔnnɩ rɛ.”"
11,"Jesus told them, “Only those people who have been given the gift of staying single can accept this teaching.","Ɛɛ rɛ Yesu mɩɩgɩ basɩ tɩya ba a baa, “Wɩɩ no bɩ kɩɩ nɩɩ nal buloŋ nɛ sɩ wuwo yaa ʋ. Amɛ nala hʋ Wɩɩsɩ aa kpaa ɛɛ dee tɩya dʋŋ nɛ sɩ wuwo yaa gɛɛ."
13,"Some people brought their children to Jesus, so he could place his hands on them and pray for them. His disciples told the people to stop bothering him.","Ɛɛ rɛ nala badɔmɔŋ sii kaŋ biisi ko Yesu lee, dɩ ʋ kpa ʋ nosi dɔbɔ ba tɩyaŋ a sʋla Wɩɩsɩ tɩya ba. Ɛɛ rɛ ʋ hatɩnna hʋ kɩ kil ba."
16,"A man came to Jesus and asked, “Teacher, what good thing must I do to have eternal life?”","Baal kɩdɩgɩ mɛ rɛ gyɩ siye a ko Yesu lee a pɩyɛsɩ ʋ a baa, “Ŋ nɩhɩyawʋ, wɩwelibee rɛ ŋ sɩ yaa a na mɩɩbol hʋ aa bɩ kaŋ tenii?”"
18,"“Which ones?” the man asked. Jesus answered, “Do not murder. Be faithful in marriage. Do not steal. Do not tell lies about others.","Ɛɛ rɛ baal hʋ pɩyɛsɩ ʋ abaa, “Mɩrɩbeema rɛ gɛɛ?” Ɛɛ rɛ Yesu baa, “Ba aa rɛ nyɛ: Ta kpʋʋ nal, ta kɩ sɔnnɔ, ta gaa, ta nyɩya wɩya tɩya nal,"
15,"After Jesus had placed his hands on the children, he left. A Rich Young Man (Mark",Ɛɛ rɛ ʋ kpa ʋ nosi dɔbɔ ba tɩyaŋ aŋ kyʋwalɩ Wɩɩsɩ tɩya ba aŋ lɩɩ doŋ kpa mʋ. Bapʋwasɩɩ hʋ aa yaa kɩna tɩɩna Maakɩ
17,"Jesus said to him, “Why do you ask me about what is good? Only God is good. If you want to have eternal life, you must obey his commandments.”","Ɛɛ rɛ Yesu pɩyɛsɩ ʋ a baa, “Bee rɛ tɩŋ ɩ kɩ pɩyɛsɩ ŋ wɩweliye wɩya? Wɩɩsɩ dʋŋ nɛ weliye. Dɩ ɩ rɛ aa kyɛ dɩ ɩ kaŋ mɩɩbol hʋ aa bɩ kaŋ tenii, kɩ tɩŋ Wɩɩsɩ mɩrɩsɩ hʋ ba aa saba biŋ.”"
14,"But Jesus said, “Let the children come to me, and don't try to stop them! People who are like these children belong to God's kingdom.”","Yesu aa naa gɛɛ, ʋ basɩ tɩya ba a baa, “Ma ta kil ba. Ma leŋ dɩ ba ko ŋ lee, beewɩya nala hʋ aa kaŋ ba tɩɩ kɩ hʋwɔlɩ anɩɩ biibiisi no aŋ kɩ tɩŋ ŋ hal, ba aa rɛ sɩ gyʋʋ wɩɩsɩbee koro hʋ tɩyaŋ.”"
30,"But many who are now first will be last, and many who are last will be first.","Amɛ nala hʋ aa yaa nɩbala dʋnɩya sɩya tɩyaŋ, ba sɩ maakyiye ko yaa nɩbiisi, ka nala hʋ mɛ aa yaa nɩbiisi dʋnɩya sɩya tɩyaŋ ba mɛ sɩ maakyiye ko yaa nɩbala.”"
19,Respect your father and mother. And love others as much as you love yourself.”,"kɩ tɩya ɩ kuwo abee ɩ naa gyɩrɩma, kyo ɩ dɔŋtɩɩna anɩɩ ɩ aa kyo ɩ tɩɩ gɛɛ.”"
20,"The young man said, “I have obeyed all of these. What else must I do?”","Ɛɛ rɛ baal hʋ baa, “Wɩya no kɛ buloŋ nɛ ŋ kɩ tɩŋa. Wɩbee rɛ ha kaa?”"
21,"Jesus replied, “If you want to be perfect, go sell everything you own! Give the money to the poor, and you will have riches in heaven. Then come and be my follower.”","Ɛɛ rɛ Yesu basɩ tɩya ʋ abaa, “Dɩ ɩ rɛ aa kyɛ dɩ ɩ kɔnɩ yaa niwelii Wɩɩsɩ ŋmanɩɩ tɩyaŋ, a ta kaŋ gyoŋ wɩɩ buloŋ tɩyaŋ, mʋ kpa ɩ kɩna hʋ buloŋ yallɩ, a kpa molbiye hʋ tɩya nyaaba, aŋ ko kɩ tɩŋa ŋ. Dɩ ɩ rɛ yaa gɛɛ, ɩ sɩ kaŋ kɩna wɩɩsɩbee tɩyaŋ.”"
22,"When the young man heard this, he went away sad, because he was very rich.","Yesu aa basɩ gɛɛ, baal hʋ tɩya buloŋ kyogi, ʋ sii mʋ, beewɩya ʋ gyɩ kaŋ kɩna rɛ weliŋ."
23,"Jesus said to his disciples, “I tell you, it's terribly hard for rich people to get into the kingdom of heaven!","Ɛɛ rɛ Yesu basɩ tɩya ʋ hatɩnna hʋ a baa, “Wɩtɩɩ rɛ ŋ basɩ kɩ tɩya ma, ʋ yaa wɩduwo rɛ abee kɩna tɩɩna aa sɩ wuwo gyʋʋ wɩɩsɩbee koro hʋ."
24,"In fact, it's easier for a camel to go through the eye of a needle than for a rich person to get into God's kingdom.”","Ŋ bɩl basɩ kɩ tɩya ma rɛ, nyɔgɩmaa aa sɩ tɩŋ gahaŋ sɩɩ a lɩɩ, ʋ rɛ yaa mɔl a te kɩna tɩɩna aa sɩ wuwo gyʋʋ wɩɩsɩ koro hʋ tɩyaŋ.”"
25,"When the disciples heard this, they were greatly surprised and asked, “How can anyone ever be saved?”","Ʋ hatɩnna hʋ gyɩ aa nɩɩ wɩya no, ba nyʋʋsɩ gyɩ fɩyɛlɩ weliŋ ba pɩyɛsɩ Yesu a baa, “Dɩ ba aa rɛ kɩɩ nyɛ, kɩbee rɛ yaŋ sɩ na Wɩɩsɩ laatayɩ?”"
26,"Jesus looked straight at them and said, “There are some things people cannot do, but God can do anything.”","Yesu mɩɩgɩ deŋ ba aŋ baa, “Wɩɩ no kperi nihuwobiŋ nɛ, amɛ wɩɩ buloŋ tuwo Wɩɩsɩ aa bɩ sɩ wuwo yaa.”"
27,"Peter replied, “Remember, we have left everything to be your followers! What will we get?”","Ɛɛ rɛ Piita baa, “Na, á kɛ leŋ á kɩŋ buloŋ nɛ aŋ kɩ tɩŋa ɩ hal. Bekiŋ tɔnɔ rɛ á sɩ na?”"
28,"Jesus answered: Yes, all of you have become my followers. And so in the future world, when the Son of Man sits on his glorious throne, I promise you will sit on twelve thrones to judge the twelve tribes of Israel.","Ɛɛ rɛ Yesu basɩ tɩya ʋ hatɩnna hʋ a baa, “Wɩtɩɩ rɛ ŋ basɩ kɩ tɩya ma, saŋa hʋ dʋnɩfalɩɩ hʋ aa sɩ ko tɩyaŋ, mɩyaŋ Nihuwobiŋ Biye sɩ hɔŋ ŋ gaŋdaa-kuworikpasa tɩyaŋ. Saŋa no tɩyaŋ, ma nala hʋ fi abee balɩya hʋ aa tɩŋa ŋ hal, ma mɛ sɩ hɔŋ kuworikpasɩnɩ fi abee balɩya tɩyaŋ a kɩ di Iziral bekyige fi abee balɩya hʋ sarɩya."
1,"As Jesus was telling what the kingdom of heaven would be like, he said: Early one morning a man went out to hire some workers for his vineyard.","Ɛɛ rɛ Yesu bɩl maga namaga a tɩya ʋ hatɩnna hʋ a daga wɩɩ hʋ ʋ aa basɩ memii. Ʋ baa, “Wɩɩsɩbee koro hʋ kɩɩ gɛɛ rɛ anɩɩ baga tɩɩna kɩdɩgɩ aa sii kyɩkyʋwala, a lɩɩ kɩ kyɛ nala dɩ ʋ paa baadee dɩ ba mʋ pala ʋ baga."
2,"After he had agreed to pay them the usual amount for a day's work, he sent them off to his vineyard.","Ʋ aa ko na nala hʋ aa sɩ mʋ baga hʋ, ʋ laa nyʋwa anɩɩ ʋ sɩ tuŋ ba kɩdɩgɩ buloŋ kyɛdɩgɩ tuno, aŋ leŋ ba mʋ baga hʋ.”"
3,"About nine that morning, the man saw some other people standing in the market with nothing to do.","Wɩɩsɩ aa ko maga gyinyɛ, ʋ bɩl lɩɩ a na baala badɔmɔŋ dɩ ba sɩŋ bee tɩyaŋ waasʋ."
4,"He promised to pay them what was fair, if they would work in his vineyard.","Ɛɛ rɛ ʋ basɩ tɩya ba a baa “Ma mɛ mʋ ŋ baga, ka dɩ ŋ tuŋ ma gɛɛ hʋ buloŋ aa maga.” Ɛɛ rɛ ba mɛ mʋ baga hʋ."
5,So they went. At noon and again about three in the afternoon he returned to the market. And each time he made the same agreement with others who were loafing around with nothing to do.,"Wɩɩsɩ bɩl aa ko maga nyutʋtʋʋ, ʋ bɩl lɩɩ a na baala badɔmɔŋ a leŋ ba mɛ mʋ baga hʋ. Sɔnnɩ bɩl aa ko viisi saŋa hʋ, ʋ bɩl lɩɩ na nala badɔmɔŋ a leŋ ba mɛ mʋ baga hʋ."
6,"Finally, about five in the afternoon the man went back and found some others standing there. He asked them, “Why have you been standing here all day long doing nothing?”","Wɩɩsɩ aa ko tuu fɩyɛlɩ gɛɛ, ʋ bɩl lɩɩ bee a na nala badɔmɔŋ mɛ dɩ ba sɩŋ waasʋ. Ɛɛ rɛ ʋ pɩyɛsɩ ba abaa, “Bee rɛ tɩŋ ma sɩŋ daha waasʋ gyɩnaŋ buloŋ, ma bɩ kaŋ tʋŋ buloŋ?”"
7,"“Because no one has hired us,” they answered. Then he told them to go work in his vineyard.",Ba basɩ tɩya ʋ anɩɩ ba bɩ naa tʋma dɩ ba tʋma. Ɛɛ rɛ ʋ basɩ tɩya ba dɩ ba mɛ mʋ ʋ baga hʋ. Nyɛ rɛ ba mɛ kpa mʋ.
8,That evening the owner of the vineyard told the man in charge of the workers to call them in and give them their money. He also told the man to begin with the ones who were hired last.,"Dɩdaana aa ko pele, ɛɛ rɛ baga hʋ tɩɩna yɩrɩ nal hʋ aa deŋ ʋ baga hʋ a basɩ tɩya ʋ dɩ ʋ yɩrɩ nala hʋ aa ko tʋŋ tʋma baga hʋ tɩyaŋ a tuŋ ba. Ʋ baa dɩ ʋ laasɩya tuŋ nala hʋ aa laa hal ko a mʋ tuu pele nala hʋ a laa sɩya ko tɩyaŋ."
9,"When the workers arrived, the ones who had been hired at five in the afternoon were given a full day's pay.","Baala hʋ aa laa hal mʋ baga hʋ, ʋ tuŋ ba kɩdɩgɩ buloŋ kyɛdɩgɩ tuno."
11,they began complaining to the owner of the vineyard.,"Ba laa molbiye hʋ aŋ gʋrɩmɩ baga hʋ tɩɩna wɩya kɩ basɩ,"
12,"They said, “The ones who were hired last worked for only one hour. But you paid them the same that you did us. And we worked in the hot sun all day long!”","a baa, “Nala no aa laa hal ko, ba tʋŋ tʋma hawa dɩgɩ dʋŋ nɛ, aŋka á kɛ tʋma kyɩkyʋwala buloŋ gɛɛ wɩɩsɩ no mʋ gyʋʋ, aŋka ɩ tuŋ á buloŋ maga dɔmɔŋ.”"
13,"The owner answered one of them, “Friend, I didn't cheat you. I paid you exactly what we agreed on.","Ɛɛ rɛ baga hʋ tɩɩna basɩ tɩya ba kɩdɩgɩ a baa, “Ŋ bagyʋwa gyegile nɩɩ daha, ŋ bɩ firimi ma. Na ma laa nyʋwa rɛ anɩɩ ma sɩ tʋma dɩ wɩɩsɩ gyʋʋ, ka dɩ ma laa kyɛdɩgɩ tuno."
14,Take your money now and go! What business is it of yours if I want to pay them the same that I paid you?,Ma laa ma molbiye kɩ mʋ. Ŋ kyɛrɩ tɩyaŋ nɛ ŋ tuŋ baala no aa laa hal ko gɛɛ tɩɩ ŋ aa tuŋ ma mɛ.
15,"Don't I have the right to do what I want with my own money? Why should you be jealous, if I want to be generous?”",Ŋ bɩ kaŋ ŋmanɩɩ dɩ ŋ kaŋ ŋ molbiye yaa gɛɛ hʋ ŋ aa kyɛɛ? Koo ma tɩsɩ aa hɔllɩ akuu ŋ aa kaŋ bɔnyɛ wɩya rɛ?”
32,"When Jesus heard them, he stopped and asked, “What do you want me to do for you?”","Doŋ nɛ Yesu sɩŋ aŋ yɩrɩ ba a pɩyɛsɩ ba, “Bekiŋ nɛ ma kɩ kyɛ dɩ ŋ yaa tɩya ma?”"
34,"Jesus felt sorry for them and touched their eyes. At once they could see, and they became his followers.","Ɛɛ rɛ Yesu fá ba sikii a dige dige ba sɩyasɩ ba pirigi suri, ba sii kɩ tɩŋa ʋ hal."
31,"The crowd told them to be quiet, but they shouted even louder, “Lord and Son of David, have pity on us!”","Ɛɛ rɛ nɩgyamaa hʋ nɔsɩ ba dɩ ba leŋ ba kyagɩŋsɩ hʋ. Amɛ ba marɩ yɩrɩ te gɛɛ a baa, “Á nɩhɩyawʋ, Deviti nihii, fá á sikii.”"
17,"As Jesus was on his way to Jerusalem, he took his twelve disciples aside and told them in private:","Saŋa hʋ Yesu bee ʋ hatɩnna fi abee balɩya hʋ gyɩ aa we ŋmanɩɩ tɩyaŋ a kɩ mʋ Gyerusalɛm tɩyaŋ nɛ ʋ gyɩ kaŋ ba dʋŋ gɩɩgɩ lɩɩ a basɩ tɩya ba a baa,"
19,and then they will hand him over to foreigners who will make fun of him. They will beat him and nail him to a cross. But on the third day he will rise from death. A Mother's Request (Mark,"aŋ kpa ŋ we nala hʋ aa bɩ yaa Gyuuma nosi tɩyaŋ. Ba sɩ yaa ŋ sɩya, a vɩɩrɩ ŋ, aŋ kpaasɩ ŋ mal daagarɩɩ tɩyaŋ. Amɛ ʋ kyɛtoo kyɛɛ Wɩɩsɩ sɩ kyisi ŋ sʋʋ tɩyaŋ.” Zebedi haaŋ sʋla Yesu kɩ kyɛ lɩhɔnɩya dɩ ʋ tɩya ʋ balɩya Maakɩ"
20,The mother of James and John came to Jesus with her two sons. She knelt down and started begging him to do something for her.,"Zebedi haaŋ gyɩ sii kaŋ ʋ biisi balɩya ko Yesu lee rɛ a tuu gbinni ʋ sɩya tɩyaŋ, aŋ sʋla ʋ dɩ ʋ pɛ ʋ bee wɩɩ kɩdɩgɩ."
21,"Jesus asked her what she wanted, and she said, “When you come into your kingdom, please let one of my sons sit at your right side and the other at your left.”","Ɛɛ rɛ Yesu pɩyɛsɩ ʋ a baa, “Wɩbee rɛ ɩ kɩ kyɛ dɩ ŋ yaa tɩya ɩ?” Nyɛ rɛ ʋ baa, “Dɩ ɩ ko di ɩ koro hʋ a hɔŋ ɩ gaŋdaa-kuworikpasa hʋ tɩyaŋ, leŋ dɩ ŋ biisi no balɩya kɩdɩgɩ hɔŋ ɩ noduu, dɩ kɩdɩgɩ mɛ hɔŋ ɩ nogɔbɔ.”"
22,"Jesus answered, “Not one of you knows what you are asking. Are you able to drink from the cup that I must soon drink from?” James and John said, “Yes, we are!”","Ɛɛ rɛ Yesu basɩ tɩya biisi hʋ a baa, “Ma bɩ gyɩŋ wɩɩ hʋ ma aa kyɛ. Ma sɩ wuwo kaŋ kenyiri a na tʋwara hʋ ŋ aa sɩ na?” Ba baa “Waa á sɩ wuwo.”"
23,"Jesus replied, “You certainly will drink from my cup! But it isn't for me to say who will sit at my right side and at my left. This is for my Father to say.”","Doŋ nɛ Yesu basɩ tɩya ba a baa, “Wɩtɩɩ rɛ ma basɩ. Tʋwara hʋ ŋ aa sɩ na, ʋ tɩɩ rɛ ma mɛ sɩ na. Amɛ ŋ noduu abee ŋ nogɔbɔ hʋhɔnnɔ hʋ kɛ, ŋ daa sɩ lɩɩ ba. Ŋ kuwo Wɩɩsɩ marɩ doŋ nɛ a tɩya nala hʋ ʋ tɩɩ aa sɩ lɩɩ dɩ ba hɔŋ doŋ.”"
24,"When the ten other disciples heard this, they were angry with the two brothers.",Yesu hatɩnnɩ kaalɩya hʋ aa nɩɩ wɩɩ no ba kɩ na baaŋ Gyemsi bee Gyɔɔŋ tɩyaŋ.
25,But Jesus called the disciples together and said: You know foreign rulers like to order their people around. And their great leaders have full power over everyone they rule.,"Ɛɛ rɛ Yesu yɩrɩ ʋ hatɩnna hʋ buloŋ ko laŋŋɩ, a basɩ tɩya ba a baa, “Na ma gyɩma anɩɩ nala hʋ aa bɩ yaa Gyuuma, ba kuworo aa hɔŋ ba nyuu tɩyaŋ nɛ, ba sɩlaala mɛ kaŋ ba kɩ fɩla."
26,"But don't act like them. If you want to be great, you must be the servant of all the others.","Amɛ ʋ bɩ maga dɩ ma kɛ kɩ yaa gɛɛ. Ma tɩyaŋ nal hʋ aa kyɛ dɩ ʋ yaa ma nɩbal, ʋ maga dɩ ʋ tɩɩna tʋma kɩ tɩya ma rɛ."
27,"And if you want to be first, you must be the slave of the rest.","Ma nal hʋ mɛ aa kyɛ dɩ ʋ yaa ma tɩyaŋ sɩlaal, ʋ maga dɩ ʋ tɩɩna kaŋ ʋ tɩɩ yaa yoŋ nɛ ma tɩyaŋ,"
28,"The Son of Man did not come to be a slave master, but a slave who will give his life to rescue many people. Jesus Heals Two Blind Men (Mark","anɩɩ mɩyaŋ Nihuwobiŋ Biye aa kɩɩ gɛɛ. Ŋ bɩ ko dɩ nala tʋma kɩ tɩya ŋ, amɛ nala rɛ ŋ ko dɩ ŋ tʋma tɩya, aŋ kpa ŋ mɩɩbol mɛ lenni sʋʋ a laa nala yʋga ta ba wɩbɔmɔ tɩyaŋ.” Yesu suro nyʋlɩma balɩya sɩya Maakɩ"
29,Jesus was followed by a large crowd as he and his disciples were leaving Jericho.,"Ɛɛ hal lɛ ba mʋ lɩɩ tɩŋ Gyɛriko tɩyaŋ kɩ mʋ, nɩgyamaa mɛ sii paa tɩŋ ba hal."
30,"Two blind men were sitting beside the road. And when they heard that Jesus was coming their way, they shouted, “Lord and Son of David, have pity on us!”","Doŋ nɛ dɩ banyʋlma balɩya mɛ hɔŋ ŋmanɩɩ hʋ nyʋwa aŋ nɩɩ dɩ Yesu rɛ aa baŋ. Ɛɛ rɛ ba huwori yɩrɩ ʋ a baa, “Á nɩhɩyawʋ, Deviti nihii, fá á sikii.”"
28,"Jesus said: I will tell you a story about a man who had two sons. Then you can tell me what you think. The father went to the older son and said, “Go work in the vineyard today!”","Ɛɛ rɛ Yesu maga namaga a tɩya Gyuuma wɩɩkyʋwal sɩlaala nɩhɩyasɩ abee Gyuuma a baa, “Baal kɩdɩgɩ rɛ gyɩ we doŋ a kaŋ ʋ biibaala balɩya. Ʋ sii mʋ ʋ biihɩyawʋ hʋ lee a basɩ tɩya ʋ a baa, ‘Ŋ biye, mʋ baga gyɩnaŋ a tʋŋ tʋma.’"
38,"But when they saw the man's son, they said, “Someday he will own the vineyard. Let's kill him! Then we can have it all for ourselves.”","Amɛ tʋŋtʋnna hʋ aa naa biye hʋ, ba basɩ tɩya dɔmɔŋ a baa, “Dɩ baga hʋ tɩɩna rɛ ko sʋba, biye no rɛ sɩ di ʋ kyaŋ. Ma leŋ dɩ á kpʋ ʋ. Dɩ ámaa rɛ kpʋ ʋ, ámaa rɛ sɩ mɩɩgɩ tɩŋ ʋ kɩna hʋ buloŋ.”"
3,"If anyone asks why you are doing this, just say, ‘The Lord needs them.’ He will at once let you have the donkeys.”","Dɩ nal buloŋ nɛ ko pɩyɛsɩ ma, ma basɩ tɩya ʋ anɩɩ ma Tɩɩna rɛ aa kyɛ. Ʋ sɩ leŋ dɩ ma kaŋ ko lagɩ.”"
4,"So God's promise came true, just as the prophet had said,",Wɩɩ no yaa dɩ wɩɩ hʋ Wɩɩsɩ gyɩ aa tɩŋ ʋ tɩŋdaal kɩdɩgɩ tɩyaŋ basɩ ko yaa wɩtɩɩ rɛ.
5,“Announce to the people of Jerusalem: ‘Your king is coming to you! He is humble and rides on a donkey. He comes on the colt of a donkey.’ ”,"Ʋ gyɩ baa, “Basɩ tɩya Zaayɔŋ nala Ma na, ma kuwori rɛ aa ko ma lee. Ʋ kaŋ ʋ tɩɩ hʋwɔlɩ rɛ a gyɩŋ kokumo abee ʋ biye.”"
6,The disciples left and did what Jesus had told them to do.,Ɛɛ rɛ Yesu hatɩnna hʋ mʋ a yaa wɩɩ hʋ Yesu aa basɩ tɩya ba.
7,They brought the donkey and its colt and laid some clothes on their backs. Then Jesus got on.,"Ba mʋ kaŋ kokumo hʋ bee ʋ biye a ko kpa ba gannɩ dɔbɔ kokumo hʋ abee ʋ biye nyuu tɩyaŋ, Yesu gyɩŋ."
10,"When Jesus came to Jerusalem, everyone in the city was excited and asked, “Who can this be?”","Yesu aa mʋʋ gyʋʋ Gyerusalɛm, bee hʋ buloŋ dɔŋ. Ɛɛ rɛ nala kɩ pɩyɛsɩ a baa, “Kɩbee rɛ nyɛ?”"
15,But the chief priests and the teachers of the Law of Moses were angry when they saw his miracles and heard the children shouting praises to the Son of David.,"Amɛ Gyuuma wɩɩkyʋwal sɩlaala nɩhɩyasɩ abee Wɩɩsɩ Teŋ dɩdagɩla hʋ aa naa wɩmagɩla hʋ ʋ aa yaa, a bɩl na gɛɛ biibiisi aa yaa kyagɩŋsɩ a kɩ dannɩ ʋ a baa “Tabarikala! Deviti nihii!” Wɩɩkyʋwaldɩɩbal hʋ gyaŋwuwo tɩyaŋ, ba baaŋ sii."
45,"When the chief priests and the Pharisees heard these stories, they knew Jesus was talking about them.","Gyuuma wɩɩkyʋwaldɩya sɩlaala nɩhɩyasɩ abee Farasiima aa nɩɩ Yesu aa maga namaga hʋ, ba gyɩma anɩɩ ba wɩya rɛ ʋ kɩ basɩ gɛɛ."
13,"He told them, “The Scriptures say, ‘My house should be called a place of worship.’ But you have turned it into a place where robbers hide.”","Ɛɛ rɛ Yesu basɩ tɩya ba a baa, “Ba saba Wɩɩsɩ teŋ tɩyaŋ nɛ a baa dɩ Wɩɩsɩ baa, ‘Ŋ dɩya sɩ yaa lee hʋ nala aa sɩ kɩ kyʋwalɩ Wɩɩsɩ rɛ’, aŋka ma kɛ mɩɩgɩ kaŋ bɩrɩmɩ gaala dɩya.”"
22,"If you have faith when you pray, you will be given whatever you ask for.” A Question about Jesus' Authority (Mark","Kɩna hʋ buloŋ ma aa sʋla Wɩɩsɩ a kɩ kyɛ, dɩ mamaa rɛ laa Wɩɩsɩ di, ma sɩ na ba.” Ba pɩyɛsɩ Yesu ʋ dee wɩya Maakɩ"
16,"The men said to Jesus, “Don't you hear what those children are saying?” “Yes, I do!” Jesus answered. “Don't you know that the Scriptures say, ‘Children and infants will sing praises’?”","Ɛɛ rɛ Gyuuma wɩɩkyʋwal sɩlaala nɩhɩyasɩ abee Wɩɩsɩ Teŋ dɩdagɩla hʋ pɩyɛsɩ Yesu a baa, “Ɩ nɩɩ wɩya hʋ biisi hʋ aa basɩ rɛ?” Yesu baa, “Ŋ nɩya rɛ.” Ɛɛ rɛ Yesu mɛ pɩyɛsɩ ba abaa, “Ma bɩ karɩmɩ Wɩɩsɩ teŋ lee hʋ ba aa saba a baa “Wɩɩsɩ daga biibiisi abee biifɩllɩ rɛ dɩ ba kɩ dannɩ ʋ weliŋ?”"
17,"Then Jesus left the city and went out to the village of Bethany, where he spent the night. Jesus Puts a Curse on a Fig Tree (Mark",Doŋ nɛ Yesu leŋ ba aŋ sii mʋ pɩŋ Bɛɛtani tɩyaŋ. Yesu kaaba we tutogo tɩyaŋ Maakɩ
24,"Jesus answered, “I have just one question to ask you. If you answer it, I will tell you where I got the right to do these things.","Ɛɛ rɛ Yesu basɩ tɩya ba a baa, “Ŋ mɛ sɩ pɩyɛsɩ ma wɩdɩgɩ. Dɩ mamaa rɛ ko lɩɩ ʋ sɩɩ tɩya ŋ, ŋ mɛ sɩ daga ma nal hʋ aa tɩya ŋ dee ŋ kɩ yaa wɩya no buloŋ.”"
18,"When Jesus got up the next morning, he was hungry. He started out for the city,","Ʋ sɩya aa gballa kyɩkyʋwala, Yesu mɩɩgɩ sii kɩ mʋ Gyerusalɛm. Ŋmanɩɩ tɩyaŋ, losi kana ʋ."
21,"But Jesus said to them, “If you have faith and don't doubt, I promise you can do what I did to this tree. And you will be able to do even more. You can tell this mountain to get up and jump into the sea, and it will.","Ɛɛ rɛ Yesu basɩ tɩya ba a baa, “Wɩtɩɩ rɛ ŋ basɩ kɩ tɩya ma, dɩ mamaa rɛ kɔnɩ laa Wɩɩsɩ di, a bee yaa sige, ma mɛ sɩ wuwo yaa wɩɩ no ŋ aa yaa tutogo hʋ. Nyɛ mɛ dʋŋ yaŋ daa, amɛ ma sɩ paalɩ wuwo basɩ tɩya dogimo no aa sɩna, a baa, ‘Sii a mʋ tele mpʋwɔnʋʋ tɩyaŋ dɩ ʋ kɔnɩ sii mʋ tele.’"
27,"So they told Jesus, “We don't know.” Jesus said, “Then I won't tell you who gave me the right to do what I do.” A Story about Two Sons","Ɛɛ rɛ ba basɩ tɩya Yesu a baa, “Á bɩ gyɩma.” Nyɛ rɛ Yesu mɛ basɩ tɩya ba a baa, “Ɛɛ kɛ, ŋ mɛ bɩ sɩ daga ma nal hʋ aa tɩya ŋ dee ŋ wuwo kɩ yaa wɩya no buloŋ.” Biibaala balɩya namaga"
33,Jesus told the chief priests and leaders to listen to this story: A land owner once planted a vineyard. He built a wall around it and dug a pit to crush the grapes in. He also built a lookout tower. Then he rented out his vineyard and left the country.,"Ɛɛ rɛ Yesu bɩl maga namaga kɩdɩgɩ a baa, “Baal kɩdɩgɩ rɛ gyɩ biŋ ʋ baga a pɔ kɩna badɔmɔŋ aa kaŋ nɔŋkyɩga a kɩɩ gɛɛ anɩɩ kyʋkyɔyɩ, ba kɩ yɩrɩ girepisi. Ʋ yaŋ lɩga baga hʋ gol baŋ, a hulo bʋwa baga hʋ tɩyaŋ dɩ ba kyaga tɩɩnɔnɔ hʋ nɩɩ kɩ we . Ʋ gyɩ saa salnyuu dɩɩbiye mɛ rɛ, dɩ ba hɔŋ ʋ salnyuu tɩyaŋ a kɩ pɔ baga hʋ. Ɛɛ hal tɩyaŋ nɛ ʋ paa nala a we baga hʋ tɩyaŋ dɩ ba kɩ tʋma. Ka ʋ sii kpa mʋ tɔɔ kɩdɩgɩ."
23,"Jesus had gone into the temple and was teaching when the chief priests and the leaders of the people came up to him. They asked, “What right do you have to do these things? Who gave you this authority?”","Yesu aa mɩɩgɩ mʋ gyʋʋ Wɩɩkyʋwaldɩɩbal gyaŋwuwo hʋ, a kɩ daga nala, doŋ nɛ Gyuuma wɩɩkyʋwal sɩlaala nɩhɩyasɩ abee Gyuuma bee-nɩhɩyasɩ buloŋ sii ko ʋ lee a pɩyɛsɩ ʋ a baa, “Aŋnɛ rɛ tɩya ɩ dee ɩ kɩ yaa wɩya no buloŋ?”"
26,"On the other hand, these people think John was a prophet, and we are afraid of what they might do to us. That's why we can't say it was merely some human who gave John the right to baptize.”","Dɩ ámaa rɛ bɩl baa dɩ ʋ lɩɩ nihuwobiŋ lee mɛ rɛ, nɩgyamaa no buloŋ bee leŋ ma. Beewɩya ba buloŋ gyɩ laa di anɩɩ Gyɔɔŋ gyɩ yaa Wɩɩsɩ tɩŋdaal lɛ.”"
29,"His son told him he would not do it, but later he changed his mind and went.","Ɛɛ rɛ biye hʋ baa, “Ŋ bɩ sɩ wuwo mʋ.” Amɛ gɛɛ hal tɩyaŋ, ʋ bɩrɩmɩ ʋ hakɩla aŋ sii mʋ baga hʋ."
30,"The man then told his younger son to go work in the vineyard. The boy said he would, but he didn't go.","Ɛɛ rɛ ʋ mʋ a basɩ ɛɛ tɩɩ tɩya haŋbiye hʋ tɩɩna mɛ, ʋ laa nyʋwa weliŋ anɩɩ ʋ sɩ mʋ baga hʋ aŋ vɩya mʋyɩ."
31,"Which one of the sons obeyed his father? “The older one,” the chief priests and leaders answered. Then Jesus told them: You can be sure tax collectors and prostitutes will get into the kingdom of God before you ever will!","Biisi no balɩya tɩyaŋ, ba kɩbee rɛ tɩŋ ʋ kuwo hʋ nyʋwa?” Doŋ nɛ ba basɩ tɩya ʋ dɩ ʋ biihɩyawʋ rɛ tɩŋ ʋ kuwo nyʋwa. Ɛɛ rɛ Yesu basɩ tɩya ba a baa, “Wɩtɩɩ rɛ ŋ basɩ kɩ tɩya ma, lampolaala abee gyaŋtɩrɩsɩ laa sɩya kɩ gyʋʋ wɩɩsɩ koro hʋ rɛ ma tɩyaŋ."
32,"When John the Baptist showed you how to do right, you would not believe him. But these evil people did believe. And even when you saw what they did, you still would not change your minds and believe. Renters of a Vineyard (Mark","Beewɩya Gyɔɔŋ Wɩɩsɩnɩɩfool hʋ ko daga ma wɩtɩɩ ŋmanɩɩ hʋ rɛ ma aa sɩ tɩŋa, aŋka ma bɩ laa ʋ wɩya di, amɛ lampolaala abee gyaŋtɩrɩsɩ kɛ laa ʋ wɩya di rɛ. Abee ma aa naa gɛɛ hʋ ba aa laa ʋ wɩya di buloŋ, amɛ ma kɛ bɩ bɩrɩma ma hakɩllɩ a laa ʋ wɩya di.” Yesu maga baga tʋŋtʋnna badɔmɔŋ namaga Maakɩ"
34,"When it was harvest time, the owner sent some servants to get his share of the grapes.","Tɩɩnɔnɔ hʋ tɔrɩɩ saŋa aa ko pele, ʋ tɩŋ ʋ dɩya tʋŋtʋnna dɩ ba mʋ baga tʋŋtʋnna hʋ lee a laa ʋ tɩɩnɔnɔ tol ko tɩya ʋ. Nyɛ rɛ ba mʋ."
35,"But the renters grabbed those servants. They beat up one, killed one, and stoned one of them to death.","Ba kasɩ ba a ŋmaa kɩdɩgɩ, a kpʋ kɩdɩgɩ, aŋ yaga kɩdɩgɩ hʋ mɛ abee bʋwa."
36,He then sent more servants than he did the first time. But the renters treated them in the same way.,Ɛɛ rɛ baal hʋ bɩl marɩ tɩŋ ʋ dɩya tʋŋtʋnna badɔmɔŋ aa tee laasɩya nala hʋ. Ba yaa ba mɛ gɛɛ tɩɩ.
37,"Finally, the owner sent his own son to the renters, because he thought they would respect him.","Ba kateŋsi tɩyaŋ ʋ tɩŋ ʋ biye tɩɩ. Ʋ bɩɩna anɩɩ dɩ ʋ biye tɩɩ kɛ rɛ mʋwa, ba sɩ tɩya ʋ gyɩrɩma."
39,"So they grabbed him, threw him out of the vineyard, and killed him.","Doŋ nɛ ba kaŋ biye hʋ a kpʋ ʋ, aŋ kpa ʋ yuwo ta baga hʋ hal."
40,"Jesus asked, “When the owner of that vineyard comes, what do you suppose he will do to those renters?”","Ɛɛ rɛ Yesu pɩyɛsɩ ba a baa, “Ba aa maga nyɛ, dɩ baga hʋ tɩɩna rɛ ko, ɛɛ rɛ ʋ sɩ yaa baga tʋŋtʋnna no?”"
41,"The chief priests and leaders answered, “He will kill them in some horrible way. Then he will rent out his vineyard to people who will give him his share of grapes at harvest time.”","Ɛɛ rɛ ba basɩ tɩya ʋ a baa, ‘Ʋ sɩ ko a kpʋ nɩbɔmɔ no aŋ kpa baga hʋ a tɩya nɩdʋŋsɩ, nala hʋ aa sɩ kɩ tɩya ʋ ʋ tɩɩnɔnɔ tol, dɩ ba tɔrɩɩ saŋa rɛ ko pele.”’"
42,"Jesus replied, “You surely know that the Scriptures say, ‘The stone the builders tossed aside is now the most important stone of all. This is something the Lord has done, and it is amazing to us.’","Ɛɛ rɛ Yesu pɩyɛsɩ nala hʋ aa nɩɩ namaga hʋ abaa, “Ma bɩ karɩmɩ Wɩɩsɩ teŋ hʋ lee hʋ ba aa baa, ‘Bʋyɩ hʋ dɩɩsaala a vɩya ta, ʋ rɛ mɩɩgɩ ko yaa bʋduwo ba aa kpaa biŋ dɩya hʋ gyememii ʋ kaŋ dɩya hʋ sɩgɩ. Á Tɩɩna Wɩɩsɩ tʋma rɛ gɛɛ. Á naa nɩɩ ʋ yaa wɩkperii rɛ!”’"
44,"Anyone who stumbles over this stone will be crushed, and anyone it falls on will be smashed to pieces.”","Nal hʋ aa tele bʋyɩ no nyuu, ʋ tɩɩna sɩ kyɔrɩsɩ kyɔrɔkyɔrɔ. Dɩ bʋyɩ no mɛ rɛ ko tele nal buloŋ nyuu, ʋ sɩ kyaŋɩsɩ ʋ tɩɩna kyaŋa kyaŋa.”"
46,"So they looked for a way to arrest Jesus. But they were afraid to, because the people thought he was a prophet.","Ɛɛ rɛ ba kɩ lʋga dɩ ba kana ʋ tɔ dɩyaŋ. Amɛ ba fa aa fá nɩgyamaa hʋ aa we doŋ nɛ, beewɩya nɩgyamaa hʋ kpaa Yesu anɩɩ ʋ yaa Wɩɩsɩ tɩŋdaal lɛ."
14,"Many are invited, but only a few are chosen. Paying Taxes (Mark","Ɛɛ rɛ Yesu basɩ teŋ aŋ baa, “Nɩgyamaa rɛ ba yɩrɩ amɛ nala baŋmana dʋŋ nɛ ba lɩɩ.” Ba basɩ lampoo tunii wɩya Maakɩ"
15,The Pharisees got together and planned how they could trick Jesus into saying something wrong.,Ɛɛ rɛ Farasiima sii lɩɩ a vʋʋlɩ gɛɛ hʋ ba aa sɩ magɩsɩ Yesu a bara kana ʋ abee wɩpɩyɛsɩya.
24,"Teacher, Moses wrote that if a married man dies and has no children, his brother should marry the widow. Their first son would then be thought of as the son of the dead brother.","“Á nɩhɩyawʋ, Moosi daga anɩɩ dɩ baal lɛ kpaa haaŋ, dɩ ʋ bee haaŋ hʋ bɩ lʋl biye ka dɩ baal hʋ sʋba, ʋ maga dɩ ʋ naabiye kpa lohaaŋ hʋ rɛ, dɩ ʋ beel-ʋ lʋl biisi tɩya ʋ maana hʋ."
1,Once again Jesus used stories to teach the people:,"Ɛɛ rɛ Yesu bɩl maga namaga kɩdɩgɩ tɩya nala hʋ aa pɩyɛsɩ ʋ dee wɩya,"
2,The kingdom of heaven is like what happened when a king gave a wedding banquet for his son.,"a baa, “Wɩɩsɩbee koro hʋ kɩɩ gɛɛ rɛ anɩɩ kuwori kɩdɩgɩ aa leŋ ba marɩ ʋ biye hafalɩɩ gbɩyala kɩdiiliye."
3,"The king sent some servants to tell the invited guests to come to the banquet, but the guests refused.","Ba aa marɩ kɩdiiliye hʋ teŋ, ʋ tɩŋ ʋ tʋŋtʋnna dɩ ba mʋ yɩrɩ nala hʋ ʋ aa yɩra anɩɩ wɩɩ buloŋ yaa siri rɛ. Ba mʋ yɩrɩ ba, ba vɩya koyi."
4,"He sent other servants to say to the guests, “The banquet is ready! My cattle and prize calves have all been prepared. Everything is ready. Come to the banquet!”","Ɛɛ rɛ ʋ bɩl tɩŋ ʋ tʋŋtʋnna badɔmɔŋ a baa, ‘Ma mʋ basɩ tɩya nala hʋ ŋ aa yɩra anɩɩ nɔbolli bee nɔfarɩsɩ buloŋ nɛ ŋ kpʋ a leŋ ba yaa kɩdiiliye hʋ. Wɩɩ buloŋ yaa siri rɛ. Ɛɛwɩya ba ko hafalɩɩ gbɩyala hʋ.”’"
5,"But the guests did not pay any attention. Some of them left for their farms, and some went to their places of business.",Ɛɛ rɛ nala hʋ ʋ aa yɩra bɩl vɩya mʋyɩ aŋ kɩ tʋŋ ba tʋma. Ba badɔmɔŋ sii mʋ ba bagɩsɩ ka badɔmɔŋ mɛ sii mʋ ba kɩna lɩyallɩɩ.
6,"Others grabbed the servants, then beat them up and killed them.",Ka badɔmɔŋ mɛ kasɩ ʋ dɩya tʋŋtʋnna hʋ ʋ aa tɩma a ŋmaa ba weliŋ aŋ kpʋ ba.
7,This made the king so furious that he sent an army to kill those murderers and burn down their city.,"Ɛɛ rɛ kuwori hʋ na baaŋ kɩŋkaŋ a ta ʋ laalyuwolo ba mʋ kpʋ nala hʋ aa kpʋʋ ʋ dɩya tʋŋtʋnna hʋ, aŋ nyɔgɔ ba bee buloŋ ta."
8,"Then he said to the servants, “It is time for the wedding banquet, and the invited guests don't deserve to come.","Ɛɛ rɛ ʋ yɩrɩ ʋ tʋŋtʋnnɩkaalɩya hʋ a bɩl basɩ tɩya ba a baa, “Hafalɩɩ gbɩyala kɩdiiliye hʋ yaa siri rɛ, amɛ nala hʋ ŋ aa yɩra bɩ maga dɩ ba ko gbɩyala hʋ."
9,Go out to the street corners and tell everyone you meet to come to the banquet.”,Ma lɩɩ gɔllɩ bee hʋ tɩyaŋ buloŋ a yɩrɩ nala hʋ buloŋ ma aa sɩ na a basɩ tɩya ba dɩ ba ko di kɩdiiliye hʋ.”
11,"When the king went in to meet the guests, he found that one of them wasn't wearing the right kind of clothes for the wedding.",Ɛɛ rɛ kuwori hʋ gyʋʋ dɩ ʋ na nala hʋ aa ko. Ʋ gyʋwa a na baal kɩdɩgɩ aa bɩ laalɩ hafalɩɩ gbɩyala gal.
17,Tell us what you think! Should we pay taxes to the Emperor or not?”,Á aa kyɛ dɩ á gyɩma rɛ anɩɩ dɩ ʋ yaa ŋmanɩɩ dɩ á tuŋ lampoo kɩ tɩya Roma paalʋʋ kuworibal hʋ koo ʋ bɩ yaa ŋmanɩɩ.”
16,"They sent some of their followers and some of Herod's followers to say to him, “Teacher, we know that you are honest. You teach the truth about what God wants people to do. And you treat everyone with the same respect, no matter who they are.","Nyɛ rɛ ba tɩŋ ba hatɩnna badɔmɔŋ abee kuwori Hɛrɔtɩ hatɩnna badɔmɔŋ dɩ ba mʋ Yesu lee. Ɛɛ rɛ ba ko pɩyɛsɩ Yesu a baa, “Á nɩhɩyawʋ, á gyɩma anɩɩ ɩ kaŋ wɩtɩɩ rɛ a kɩ daga Wɩɩsɩ ŋmanɩɩ mɛ abee wɩtɩɩ. Ɩ sɩya tuwo nala wɩbasɩya tɩyaŋ. Ɩ bee fa nɩbal buloŋ sɩɩ mɛ."
19,"Let me see one of the coins used for paying taxes.” They brought him a silver coin,",Ma kpa molbinʋʋ hʋ ma aa kaŋ kɩ tuŋ lampoo hʋ tɩya dɩ ŋ na.”
22,His answer surprised them so much that they walked away. Life in the Future World (Mark,"Yesu aa basɩ gɛɛ, ba buloŋ nyʋʋsɩ fɩyɛlɩ, ba lem-ʋ aŋ sii mʋ. Ba pɩyɛsɩ Yesu sʋʋ tɩyaŋ mɩɩgɩ siiyi wɩya Maakɩ"
27,At last the woman died.,Ɛɛ hal tɩyaŋ haaŋ hʋ mɛ sii sʋba.
40,All the Law of Moses and the Books of the Prophets are based on these two commandments. About David's Son (Mark,"Wɩɩsɩ mɩrɩsɩ hʋ Moosi fa aa saba biŋ abee wɩya hʋ buloŋ Wɩɩsɩ tɩŋdaala hʋ aa basa, ba buloŋ lɩɩ wɩya no balɩya tɩyaŋ nɛ. Ba pɩyɛsɩ laataal hʋ Wɩɩsɩ aa lɩya wɩya Maakɩ"
23,The Sadducees did not believe people would rise to life after death. So that same day some of the Sadducees came to Jesus and said:,"Haŋ Kyɛɛ hʋ tɩɩ rɛ nala badɔmɔŋ ba aa yɩrɩ Sadusiima mɛ sii ko Yesu lee. Nala no kɛ gyɩ baa dɩ dɩ nal lɛ sʋba ʋ tɩɩna bɩl bɩ sɩ wuwo sii sʋʋ tɩyaŋ. Ɛɛ rɛ ba ko pɩyɛsɩ Yesu a baa,"
29,Jesus answered: You are completely wrong! You don't know what the Scriptures teach. And you don't know anything about the power of God.,"Ɛɛ rɛ Yesu basɩ tɩya ba a baa, “Ma bɩ gyɩŋ Wɩɩsɩ teŋ, a bɩ gyɩŋ Wɩɩsɩ dee mɛ, ɛɛ rɛ tɩŋ ma ŋmaa naaŋ mɔɔnyɛ."
30,"When God raises people to life, they won't marry. They will be like the angels in heaven.","Kyɛɛ hʋ nala aa sɩ sii sʋʋ tɩyaŋ, baala bɩl bɩ sɩ paa haana, haana mɛ bɩl bɩ sɩ yal balama. Ba buloŋ sɩ kɩɩ gɛɛ anɩɩ malɩkasɩ aa we wɩɩsɩbee tɩyaŋ.”"
32,"“I am the God worshiped by Abraham, Isaac, and Jacob.” He isn't the God of the dead, but of the living.","Ʋ baa, ‘Mɩyaŋ nɛ yaa Wɩɩsɩ hʋ Abɩraham abee Azɩkɩ abee Gyeekɔbɩ buloŋ gyɩ aa tɩŋa. Wɩɩ no ʋ aa basa, ʋ daga anɩɩ Wɩɩsɩ yaa niweye Wɩɩsɩ rɛ, ʋ bɩ yaa sʋʋnɩ Wɩɩsɩ.”’"
33,The crowds were surprised to hear what Jesus was teaching. The Most Important Commandment (Mark,"Nɩgyamaa hʋ aa nɩɩ gɛɛ ʋ aa daga nala, ba nyʋʋsɩ fɩyɛlɩ. Wɩɩsɩ mɩrɩsɩ tɩyaŋ sɩfɩyaŋ wɩɩ Maakɩ"
34,"After Jesus had made the Sadducees look foolish, the Pharisees heard about it and got together.","Farasiima hʋ aa nɩya anɩɩ Yesu basɩ wɩya lo Sadusiima ba nyʋʋsɩ gyʋʋ kpʋlɩya gɛɛ, ba ko yaa nyʋʋdɩgɩ a sii kpa mʋ Yesu lee."
36,"“Teacher, what is the most important commandment in the Law?”","a baa, “Nɩhɩyawʋ, Wɩɩsɩ mɩrɩsɩ hʋ tɩyaŋ, ba kɩbee rɛ yaa ba buloŋ tɩyaŋ sɩfɩyaŋ wɩɩ?”"
38,This is the first and most important commandment.,Wɩɩsɩ mɩrɩsɩ hʋ tɩyaŋ buloŋ wɩbal abee ba tɩyaŋ sɩfɩyaŋ wɩɩ rɛ gɛɛ.
39,"The second most important commandment is like this one. And it is, “Love others as much as you love yourself.”",Wɩlɩya tɩɩna mɛ aa yaa sɩfɩyaŋ wɩɩ rɛ nyɛ: ‘Kyo ɩ dɔŋtɩɩna anɩɩ ɩ aa kyo ɩ tɩɩ gɛɛ.”’
41,"While the Pharisees were still there, Jesus asked them,","Farasiima hʋ ha aa laŋŋa gɛɛ, Yesu pɩyɛsɩ ba a baa,"
44,‘The Lord said to my Lord: Sit at my right side until I make your enemies into a footstool for you.’,"Beewɩya Deviti fa baa: ‘Ŋ Tɩɩna Wɩɩsɩ basɩ tɩya ŋ Tɩɩna a baa, hɔŋ ŋ noduu logiŋ nɩhɔnɩɩ, a mʋ pele saŋa hʋ ŋ aa sɩ kpa ɩ dɔmɔ we ɩ nosi tɩyaŋ.’"
42,"“What do you think about the Messiah? Whose family will he come from?” They answered, “He will be a son of King David.”","“Ɛɛ rɛ ma bɩɩnɩ Krisita, laataal hʋ Wɩɩsɩ aa lɩya wɩya? Kɩbee doho nal lɛ ʋ yaa?” Ɛɛ rɛ ba baa dɩ ʋ yaa Deviti nihii rɛ."
45,"If David called the Messiah his Lord, how can the Messiah be a son of King David?”","Dɩ Deviti tɩɩ rɛ yaŋ yɩrɩ Krisita hʋ ʋ Tɩɩna, ɛɛ rɛ ʋ sɩ yaa a yaa ʋ nihii.”"
46,"No one was able to give Jesus an answer, and from that day on, no one dared ask him any more questions.","Yesu aa basɩ gɛɛ, nal buloŋ bɩl bɩ wuwo laa wɩɩ basɩ. A lɩɩ haŋ kyɛɛ hʋ a kaŋ kɩ mʋ, nal buloŋ mɛ bɩl bɩ kaŋ nyuduwo ʋ aa sɩ wuwo lɩɩ sɩŋ a pɩyɛsɩ ʋ wɩɩ buloŋ."
12,"If you put yourself above others, you will be put down. But if you humble yourself, you will be honored.","Nal hʋ buloŋ aa kpa ʋ tɩɩ yohuŋ, Wɩɩsɩ sɩ kana ʋ hʋwɔlɩ, ka nal hʋ mɛ aa kaŋ ʋ tɩɩ hʋwɔlɩ, Wɩɩsɩ sɩ kpa ʋ yohuŋ."
38,And now your temple will be deserted.,"Ɛɛwɩya, Wɩɩsɩ sɩ baanɩ ma bee tɩya ma dɩ ʋ pɩŋ gyikpiye."
11,Whoever is the greatest should be the servant of the others.,Ʋ maga dɩ ma tɩyaŋ sɩlaal bɩrɩmɩ haŋbiye rɛ a tʋŋ tʋma kɩ tɩya ma buloŋ.
37,"Jerusalem, Jerusalem! Your people have killed the prophets and have stoned the messengers who were sent to you. I have often wanted to gather your people, as a hen gathers her chicks under her wings. But you wouldn't let me.","Mamaa Gyerusalɛm nala, Wɩɩsɩ tɩŋ ʋ tɩŋdaala ma lee rɛ, ma kpʋ badɔmɔŋ a paa bʋwa yaga badɔmɔŋ mɛ. Saŋa buloŋ nɛ ŋ fa kyo dɩ ŋ puŋ tɔ ma buloŋ anɩɩ gyimii aa puŋ tɔ ʋ balɩya gɛɛ, ka ma bɩ laa nyʋwa."
20,Anyone who swears by the altar also swears by everything on it.,"Ɛɛwɩya, dɩ nal lɛ ŋmɩyɛsɩ wɩɩsʋllɩ-kɩna kogu hʋ, ʋ ŋmɩyɛsɩ kogu hʋ bee kɩŋ hʋ buloŋ aa dɔbɔ ʋ a tɩyaŋ nɛ."
1,Jesus said to the crowds and to his disciples:,"Ɛɛ rɛ Yesu basɩ tɩya nɩgyamaa hʋ abee ʋ hatɩnna hʋ a baa,"
2,The Pharisees and the teachers of the Law are experts in the Law of Moses.,"“Wɩɩsɩ Teŋ dɩdagɩla hʋ abee Farasiima hʋ, ba aa rɛ kaŋ ŋmanɩɩ dɩ ba kɩ daga nala Wɩɩsɩ mɩrɩsɩ hʋ Moosi aa saba biŋ."
3,"So obey everything they teach you, but don't do as they do. After all, they say one thing and do something else.","Ɛɛwɩya, ma maga dɩ ma kɩ tɩŋ wɩya hʋ buloŋ ba aa baa dɩ ma kɩ yaa rɛ, amɛ ma ta kɩ kyese ba wɩyaalɩya, beewɩya ba tɩɩ bee tɩŋ wɩya hʋ ba aa daga ma."
4,They pile heavy burdens on people's shoulders and won't lift a finger to help.,"Ba aa vʋwa kyʋgɩ yoho rɛ a kpa kyʋgɩ nala, amɛ ba tɩɩ bɩ sɩ laa nyʋwa pɛ ba tɩyaŋ mʋhʋ mɛ dɩ ba wuwo kyʋŋ kyʋgɩsɩ hʋ."
5,"Everything they do is just to show off in front of others. They even make a big show of wearing Scripture verses on their foreheads and arms, and they wear big tassels for everyone to see.","Ba aa yaa wɩɩ buloŋ a kɩ kyɛ dɩ nala na ba rɛ. Ba aa sabɩ Wɩɩsɩ wɩya a we dagibiisi tɩyaŋ nɛ a kpa vʋwa ba gannɩ nosi tɩyaŋ abee ba nyupugini tɩyaŋ, aŋ leŋ ba gannɩ nyʋʋgyʋwasa mɛ doliye doliye a te ɛɛ hʋ nɩwaasɩma kɩna aa kɩya."
7,"And when they are in the market, they like to have people greet them as their teachers.",Ba aa kɩ kyɛ dɩ nala kɩ kyʋwalɩ ba rɛ abee gyɩrɩma gyamaa tɩyaŋ aŋ kɩ yɩrɩ ba nɩhɩyasɩ.
8,"But none of you should be called a teacher. You have only one teacher, and all of you are like brothers and sisters.","Amɛ ma kɛ ta leŋ dɩ nala kaŋ ma kɩ yɩrɩ nɩhɩyasɩ, beewɩya ma buloŋ yaa nɩmmabalɩya rɛ, aŋka ma nɩhɩyawʋ mɛ yaa nɩdɩgɩ dʋŋ."
9,Don't call anyone on earth your father. All of you have the same Father in heaven.,"Ʋ bɩl bɩ maga dɩ ma yɩrɩ nal buloŋ ma kuwo dʋnɩya no tɩyaŋ, beewɩya ma Kuwo yaa nɩdɩgɩ dʋŋ nɛ a we wɩɩsɩbee tɩyaŋ."
10,None of you should be called the leader. The Messiah is your only leader.,"Ma ta bɩl kaŋ nal buloŋ mɛ yɩrɩ ma sɩlaal, beewɩya ma sɩlaal yaa nɩdɩgɩ dʋŋ nɛ, ʋ rɛ yaa Krisita, laataal hʋ Wɩɩsɩ aa lɩya."
14,"You Pharisees and teachers of the Law of Moses are in for trouble! You're nothing but show-offs. You lock people out of the kingdom of heaven. You won't go in yourselves, and you keep others from going in.","Mamaa Wɩɩsɩ Teŋ dɩdagɩla abee Farasiima, ɛɛdɔŋ minaafigi tɩmma! Ma sɩ na tʋwara kɩŋkaŋ. Beewɩya ma aa kaŋ lohaana kɩna kɩ fasɩ rɛ, aŋ aa fugo kyʋwalɩ Wɩɩsɩ kɩ pɩɩsɩ. Ɛɛwɩya Wɩɩsɩ sɩ dɔgɩsɩ ma a te nal buloŋ."
15,"You Pharisees and teachers of the Law of Moses are in for trouble! You're nothing but show-offs. You travel over land and sea to win one follower. And when you have done so, you make that person twice as fit for hell as you are.","Mamaa Wɩɩsɩ Teŋ dɩdagɩla abee Farasiima, ɛɛdɔŋ minaafigi tɩmma! Ma sɩ na tʋwara kɩŋkaŋ. Ma aa sii duwori nɩɩ rɛ a mʋ paalʋʋ dʋŋsɩ a kɩ basɩ Wɩɩsɩ wɩya. Dɩ nɩdɩgɩ rɛ ko laa di, ma aa leŋ ʋ marɩ bɔmɔ rɛ, a maga dɩ ʋ tɩɩna gyʋʋ diŋ a na tʋwara kɩŋkaŋ anɩɩ ma mɛ aa sɩ na gɛɛ."
16,"You are in for trouble! You are supposed to lead others, but you are blind. You teach that it doesn't matter if a person swears by the temple. But you say it does matter if someone swears by the gold in the temple.","Mamaa nyʋlʋŋ-sɩlaala, ma sɩ na tʋwara! Ma aa baa, “Dɩ nal lɛ ŋmɩyɛsɩ Wɩɩkyʋwaldɩɩbal hʋ, ʋ bɩ yaa ŋmɩyɛsʋʋ amɛ dɩ ʋ rɛ ko ŋmɩyɛsɩ salma kɩna hʋ aa we Wɩɩkyʋwaldɩɩbal hʋ tɩyaŋ, ʋ yaa ŋmɩyɛsʋʋ rɛ.”"
17,"You blind fools! Which is greater, the gold or the temple that makes the gold sacred?","Ɛɛdɔŋ nyʋlʋŋbambugo! Salma kɩna hʋ aa we Wɩɩkyʋwaldɩɩbal hʋ tɩyaŋ abee dɩya hʋ aa leŋ salma hʋ bɩ kaŋ bisiŋ Wɩɩsɩ sɩya tɩyaŋ, kɩna no balɩya, kɩbee rɛ yaa sɩfɩyaŋ kɩŋ?"
18,You also teach that it doesn't matter if a person swears by the altar. But you say it does matter if someone swears by the gift on the altar.,"Ma bɩl basa anɩɩ dɩ nal lɛ ŋmɩyɛsɩ wɩɩsʋllɩ-kɩna kogu hʋ tɩyaŋ ba aa kpa kɩna kɩ sʋla Wɩɩsɩ, ʋ bɩ yaa ŋmɩyɛsʋʋ, amɛ dɩ ʋ rɛ ŋmɩyɛsɩ kɩŋ hʋ ba aa kpaa dɔbɔ wɩɩsʋllɩ-kɩna kogu hʋ nyuu a sʋla Wɩɩsɩ, ʋ yaa ŋmɩyɛsʋʋ rɛ."
21,"And anyone who swears by the temple also swears by God, who lives there.","Dɩ nal lɛ bɩl ŋmɩyɛsɩ Wɩɩkyʋwaldɩɩbal hʋ, ʋ ŋmɩyɛsɩ Wɩɩsɩ dɩya hʋ abee Wɩɩsɩ buloŋ nɛ, beewɩya Wɩɩsɩ we dɩya hʋ tɩyaŋ nɛ."
22,To swear by heaven is the same as swearing by God's throne and by the one who sits on that throne.,"Dɩ nal lɛ bɩl ŋmɩyɛsɩ wɩɩsɩbee, ʋ ŋmɩyɛsɩ Wɩɩsɩ kuworikpasa hʋ abee nal hʋ aa hɔŋ ʋ tɩyaŋ buloŋ nɛ gɛɛ."
23,"You Pharisees and teachers are show-offs, and you're in for trouble! You give God a tenth of the spices from your garden, such as mint, dill, and cumin. Yet you neglect the more important matters of the Law, such as justice, mercy, and faithfulness. These are the important things you should have done, though you should not have left the others undone either.","Mamaa Wɩɩsɩ Teŋ dɩdagɩla abee Farasiima, ɛɛdɔŋ minaafigi tɩmma! Ma sɩ na tʋwara kɩŋkaŋ. Paaponni hʋ buloŋ ma aa kpa we kɩdiiliye tɩyaŋ ba sʋwala sʋma, ma aa kaŋ ba kpaa leye fi fi rɛ, a kpa lɩdɩgɩ tɩya Wɩɩsɩ. Ma aa yaa wɩmʋlla no buloŋ nɛ aŋ vɩya dɩ ma tɩŋ sɩfɩyaŋ wɩya hʋ Moosi fa aa biŋ tɩya ma anɩɩ ma kaŋ wɩtɩɩ wɩɩ buloŋ tɩyaŋ, a kɩ fá nala sikii, a kɩ tɩŋ Wɩɩsɩ abee wɩtɩɩ. Ma aa kaŋ ma kɩna kpaa leye fi fi, a kpa lɩdɩgɩ tɩya Wɩɩsɩ gɛɛ, ʋ yaa wɩwelii rɛ, amɛ ɛɛ bɩ daga dɩ ma vɩya wɩkaalɩya hʋ kɛ ta."
24,You blind leaders! You strain out a small fly but swallow a camel.,"Mamaa nyʋlʋŋ sɩlaala! Ma aa kyuwori ma nɩɩ rɛ, a lɩɩ naŋkyʋwa ta, aŋ kpa kokumo lile."
26,"You blind Pharisee! First clean the inside of a cup, and then the outside will also be clean.",Ɛɛdɔŋ nyʋlɩma! Ma bɩ gyɩma anɩɩ dɩ mamaa rɛ laa sɩya sasɩ nɩɩnyʋwagbaŋbiisi no bee ma kɩdigbaŋsɩ no tɩsɩ ba hala mɛ sɩ kyaanɩ weliŋ?
27,"You Pharisees and teachers are in for trouble! You're nothing but show-offs. You're like tombs that have been whitewashed. On the outside they are beautiful, but inside they are full of bones and filth.","Mamaa Wɩɩsɩ Teŋ dɩdagɩla abee Farasiima, ɛɛdɔŋ minaafigi tɩmma! Ma sɩ na tʋwara kɩŋkaŋ. Beewɩya ma kɩɩ gɛɛ rɛ anɩɩ bilni ba aa kpaa tʋwɔl bʋgɩ. Ba hala aa weliye rɛ, aŋka ba tɩsɩ buloŋ su abee sʋʋnɩ hogo abee kɩpʋwanɩ iriŋ kɛ buloŋ."
28,"That's what you are like. Outside you look good, but inside you are evil and only pretend to be good.","Ɛɛ tɩɩ rɛ ma mɛ kɩɩ nala sɩya tɩyaŋ. Dɩ ba aa rɛ na ma, ba aa bɩɩnɩ nɩɩ ma yaa nɩtɩɩma rɛ, ka ma tɩsɩ su abee wɩbɔmɔ abee minaafigi wɩya."
29,"You Pharisees and teachers are nothing but show-offs, and you're in for trouble! You build monuments for the prophets and decorate the tombs of good people.","Mamaa Wɩɩsɩ Teŋ dɩdagɩla abee Farasiima, ma sɩ na tʋwara kɩŋkaŋ! Ma yaa minaafigi tɩmma rɛ, beewɩya ma aa saa Wɩɩsɩ tɩŋdaala abee wɩtɩɩ tɩmma bilni rɛ a marɩ ba mɛ weliŋ."
31,But you prove you really are the relatives of the ones who killed the prophets.,Ma wɩbasɩya kɔnɩ daga anɩɩ ma yaa nala hʋ aa kpʋʋ Wɩɩsɩ tɩŋdaala hʋ doho nala rɛ.
32,So keep on doing everything they did.,"Wɩbɔmɔ hʋ ma naabaala aa piile, ma mɛ kaŋ teŋsi."
33,You are nothing but snakes and the children of snakes! How can you escape going to hell?,Na ba aa bɔmɔ gɛɛ anɩɩ dʋma! Ma bɩɩna anɩɩ ma sɩ wuwo fá gɛ diŋ gyʋʋyɩ rɛ koo?
36,I can promise that you people living today will be punished for all these things! Jesus Loves Jerusalem (Luke,"Wɩtɩɩ rɛ ŋ basɩ kɩ tɩya ma, nala no ba aa kpʋwa, ba haakye buloŋ dɔbɔ ma gyɩnaŋ nala nyuu tɩyaŋ nɛ."
39,"You won't see me again until you say, “Blessed is the one who comes in the name of the Lord.”","Ŋ basɩ kɩ tɩya ma rɛ, ma bɩl bɩ sɩ na ŋ, see saŋa hʋ tɩyaŋ ma aa sɩ lɔllɩ ŋ a baa, ‘Nyusʋŋtɩɩna rɛ yaa nal hʋ aa ko Wɩɩsɩ feŋ tɩyaŋ.”’"
2,"Jesus replied, “Do you see these buildings? They will certainly be torn down! Not one stone will be left in place.” Warning about Trouble (Mark","Ɛɛ rɛ Yesu baa, “Ma tɩɩ naa gɛɛ ba aa weliye rɛ, amɛ wɩtɩɩ rɛ ŋ basɩ kɩ tɩya ma, ba sɩ maakyiye ŋmaa dɩɩsɩ no buloŋ lo. Bʋdɩgɩ mɛ gba bɩl bɩ sɩ ka a dɔbɔ ʋ dɔŋtɩɩna tɩyaŋ.”"
5,"Many will come and claim to be me. They will say they are the Messiah, and they will fool many people.","Beewɩya, nala yʋga aa sɩ ko kpa ŋ feŋ anɩɩ ba aa rɛ yaa Krisita hʋ, a mʋrɩ nɩgyamaa."
6,"You will soon hear about wars and threats of wars, but don't be afraid. These things will have to happen first, but that isn't the end.","Ma sɩ nɩɩ yuwo dɔmɔ lee buloŋ tɩyaŋ. Dɩ mamaa rɛ ko nɩɩ gɛɛ, ma ta leŋ dɩ ma bembiye kɩ sii. Beewɩya wɩya no buloŋ sɩ yaa, amɛ ɛɛ bɩ daga anɩɩ dʋnɩya tenii pele rɛ."
3,"Later, as Jesus was sitting on the Mount of Olives, his disciples came to him in private and asked, “When will this happen? What will be the sign of your coming and of the end of the world?”","Ɛɛ rɛ Yesu gyɩ mʋ hɔŋ Olivi dogimo hʋ nyuu tɩyaŋ, doŋ nɛ ʋ hatɩnna hʋ dʋŋ sii ko ʋ lee a pɩyɛsɩ ʋ a baa, “Saŋa bee tɩyaŋ nɛ wɩya no sɩ yaa? Bekiŋ wɩmagɩl lɛ á sɩ na a gyɩŋ saŋa hʋ tɩyaŋ ɩ aa sɩ mɩɩgɩ ko, abee saŋa hʋ dʋnɩya aa sɩ teŋ?”"
7,"Nations and kingdoms will go to war against each other. People will starve to death, and in some places there will be earthquakes.","Yuwo sɩ we dʋnɩya logiŋ buloŋ tɩyaŋ. Losi mɛ sɩ gyʋʋ, ka dɩ taŋha mɛ gyigili lɩgyamaa tɩyaŋ."
19,It will be a terrible time for women who are expecting babies or nursing young children.,"Haŋ saŋa hʋ tɩyaŋ, haluwokanna bee biifɩllɩ nɩmma sɩ na tʋwara kɩŋkaŋ."
8,But this is just the beginning of troubles.,Wɩya no buloŋ kɩɩ gɛɛ rɛ anɩɩ haluwokannɩ luwol aa piile kɩ wɩɩ.
9,"You will be arrested, punished, and even killed. Because of me, you will be hated by people of all nations.",Ɛɛ tɩyaŋ ba sɩ kasɩ ma a kpa ma we nala nosi tɩyaŋ dɩ ba dɔgɩsɩ ma aŋ kpʋ ma. Dʋnɩya nala buloŋ sɩ kuu ŋ wɩya a haasɩ ma.
10,Many will give up and will betray and hate each other.,Haŋ saŋa hʋ tɩyaŋ nɩgyamaa sɩ kpa ba Wɩɩsɩ laadii ta. Ba sɩ kaŋ gyamba bee dɔmɔŋ a haasɩ dɔmɔŋ.
11,Many false prophets will come and fool a lot of people.,"Nala hʋ aa nyɩya wɩya a baa ba yaa Wɩɩsɩ tɩŋdaala rɛ, ba sɩ yʋga a ko a mʋrɩ nɩgyamaa."
23,"Someone may say, “Here is the Messiah!” or “There he is!” But don't believe it.","Saŋa no tɩyaŋ dɩ nal buloŋ nɛ ko basɩ tɩya ɩ a baa, ‘Na Krisita hʋ we daha, koo ʋ we lee kɩdɩgɩ, ta laa ʋ tɩɩna di.’"
20,And pray that you won't have to escape in winter or on a Sabbath.,Ma kɩ sʋla Wɩɩsɩ dɩ kyɛ hʋ ma aa si fá ta ko yaa puwo saŋa koo Kyɛwiyesii hʋ kyɛɛ.
15,"Someday you will see that “Horrible Thing” in the holy place, just as the prophet Daniel said. Everyone who reads this must try to understand!","Dɩ mamaa rɛ ko na kɩbɔŋlɔrɩ hʋ aa yaa sɩna hʋ wɩya Wɩɩsɩ gyɩ aa tɩŋ ʋ tɩŋdaal Danɩyɛl tɩyaŋ a basɩ, dɩ ʋ sɩŋ Wɩɩkyʋwaldɩɩbal hʋ tɩyaŋ, ʋ maga dɩ ma nala hʋ aa karɩmɩ wɩya no lʋga rɛ aŋ gyɩŋ ba memii."
16,"If you are living in Judea at that time, run to the mountains.","Dɩ mamaa rɛ ko na gɛɛ, ʋ maga dɩ nala hʋ aa we Gyudɩya paalʋʋ tɩyaŋ fá gyɩŋ dogiŋsi nyuni rɛ a faŋa."
18,"If you are out in the field, don't go back for your coat.","Dɩ nal buloŋ nɛ we ʋ baga tɩyaŋ, ʋ ta bɩl baa ʋ mɩɩgɩ mʋ dɩya a paa ʋ gannɩ."
22,"If God doesn't make the time shorter, no one will be left alive. But because of God's chosen ones, he will make the time shorter.","Dɩ Wɩɩsɩ rɛ fa bɩ kere kyɛyɛ hʋ wɩya no aa sɩ yaa ta, nɩdɩgɩ mɛ fa bɩ sɩ ka beewɩya tʋwara hʋ aa sɩ ko sɩ lɔrɩ rɛ kɩŋkaŋ. Amɛ akuu nala hʋ ʋ aa lɩya wɩya, ʋ sɩ kere kyɛyɛ hʋ ta."
33,"So when you see all these things happening, you will know the time has almost come.","Ɛɛ tɩɩ rɛ dɩ mamaa rɛ ko na wɩya no buloŋ aa yaa, ma gyɩma anɩɩ mɩyaŋ nihuwobiŋ Biye koyi mɛ kɔnɩ kpaga rɛ."
37,"When the Son of Man appears, things will be just as they were when Noah lived.","Saŋa hʋ tɩyaŋ mɩyaŋ Nihuwobiŋ Biye aa sɩ mɩɩgɩ ko, ʋ sɩ kɩɩ gɛɛ anɩɩ wɩya hʋ gyɩ aa yaa saŋa hʋ Nowa gyɩ aa we ʋ mɩɩbol tɩyaŋ."
36,"No one knows the day or hour. The angels in heaven don't know, and the Son himself doesn't know. Only the Father knows.","Nal buloŋ bɩ gyɩŋ kyɛɛ hʋ wɩya no aa sɩ yaa. Malɩkasɩ aa we wɩɩsɩbee tɩyaŋ mɛ gba paalɩ bɩ gyɩma, see ŋ Kuwo Wɩɩsɩ dʋŋ."
38,"People were eating, drinking, and getting married right up to the day the flood came and Noah went into the big boat.","Ka dɩ duwoŋ hʋ gyɩ na nɩɩ a su dʋnɩya buloŋ, nala gyɩ aa di kɩdiiliye rɛ, a kɩ nyʋwa sɩŋ. Baala kɩ paa haana, haana mɛ kɩ yala balama, a mʋ pele kyɛɛ hʋ Nowa gyɩ aa gyʋʋ nɩɩduworiboro hʋ."
39,They didn't know anything was happening until the flood came and swept them all away. This is how it will be when the Son of Man appears.,Ba gyɩ bɩ gyɩŋ wɩɩ hʋ buloŋ aa yaa see saŋa hʋ tɩyaŋ nɩɩ hʋ aa ko paa ba buloŋ mʋ. Ɛɛ tɩɩ rɛ sɩ yaa saŋa hʋ mɩyaŋ Nihuwobiŋ Biye aa sɩ mɩɩgɩ ko.
40,"Two men will be in the same field, but only one will be taken. The other will be left.",Saŋa no tɩyaŋ baala balɩya sɩ kɩ pala baga tɩyaŋ dɩ Wɩɩsɩ ko kpa kɩdɩgɩ aŋ leŋ kɩdɩgɩ ta.
42,So be on your guard! You don't know when your Lord will come.,"Ɛɛwɩya ma yaŋ gyɩŋ tɩya ma tɩɩ weliŋ, beewɩya ma bɩ gyɩŋ kyɛɛ hʋ ma Tɩɩna aa sɩ mɩɩgɩ ko."
44,Always be ready! You don't know when the Son of Man will come. Faithful and Unfaithful Servants (Luke,"Ma mɛ yaŋ yaa siri pɔ, beewɩya mɩyaŋ Nihuwobiŋ Biye sɩ mɩɩgɩ ko saŋa hʋ tɩyaŋ ma aa bɩ yɩyɛla.” Tʋŋtʋnnɩ buloŋ maga ʋ kaŋ wɩtɩɩ rɛ Luka"
48,But suppose one of the servants thinks the master won't return until late.,"Amɛ dɩ ʋ rɛ yaa tʋŋtʋnnɩbɔŋ, ʋ aa basɩ tɩya ʋ tɩɩ rɛ a baa, ‘Ŋ nɩhɩyawʋ hʋ bɩ sɩ ko lagɩlagɩ no. Ʋ sɩ pɩɩsɩ.’"
47,You may be sure a servant who is always faithful will be put in charge of everything the master owns.,"Wɩtɩɩ rɛ ŋ basɩ kɩ tɩya ma, ʋ nɩhɩyawʋ hʋ sɩ kpa ʋ kɩna buloŋ we tʋŋtʋnnɩ no nosi tɩyaŋ dɩ ʋ kɩ deŋ."
49,Suppose this evil servant starts beating the other servants and eats and drinks with people who are drunk.,"Ka dɩ ʋ yaŋ piili kɩ dɔgɩsɩ ʋ tʋŋtʋnnɩ-dɔŋtɩŋsɩ hʋ aŋ kɩ di kɩdiiliye hʋ yʋga yʋga, aŋ gɔllɩ tɩŋ sɩnyʋwala hal a nyʋwa sɩŋ bugo kɩ baŋ,"
50,"If that happens, the master will surely come on a day and at a time when the servant least expects him.",wɩya no tɩyaŋ nɛ ʋ sɩ we kɩ yaa dɩ ʋ nɩhɩyawʋ hʋ mɩɩgɩ ko pirigi ʋ tɩyaŋ dɩ ʋ bɩ yɩyɛla.
51,This servant will then be punished and thrown out with the ones who only pretended to serve their master. There they will cry and grit their teeth in pain.,Ʋ sɩ dɔgɩsɩ ʋ weliŋ aŋ leŋ dɩ ʋ mɛ na tʋwara hʋ nala aa fugo baa ba aa tɩŋ Wɩɩsɩ aa naa. Haŋ tʋwara hʋ tɩyaŋ nɛ ba sɩ we a kɩ wii aŋ kɩ kyaŋ ba nyɩŋa.”
3,"The foolish ones took their lamps, but no extra oil.","Bambugo hʋ gyɩ bɩ lɔgɔ nʋʋ kolo, dɩ ba fɩŋtɩŋsɩ hʋ rɛ ko dɩsɩ dɩ ba fa kpa we."
4,The ones who were wise took along extra oil for their lamps.,Ka wɩgyʋnna hʋ kɛ gyɩ lɔgɔ nʋʋ we bumbuŋiye tɩyaŋ a kolo.
6,"Then in the middle of the night someone shouted, “Here's the groom! Come to meet him!”","Ʋ tekere vɩʋ̃ʋ̃, nal kɩdɩgɩ heeli a baa, “Hafalɩɩ bala hʋ rɛ aa ko! Ma ko lɩɩ mʋ kyeme ʋ.”"
7,"When the women got up and started getting their lamps ready,",Ɛɛ rɛ hatoliye hʋ buloŋ sii a kaŋ ba fɩŋtɩŋsɩ ŋmasɩ turo ta ba gyɩŋ.
8,"the foolish ones said to the others, “Let us have some of your oil! Our lamps are going out.”","Doŋ nɛ bambugo hʋ basɩ tɩya wɩgyʋnna hʋ a baa, “Á fɩŋtɩŋsɩ hʋ aa kyɛ dɩ ba dɩsɩ rɛ, ma tɩya ma nʋʋ hʋ mʋhʋ mʋhʋ.”"
9,"Those who were wise answered, “There's not enough oil for all of us! Go and buy some for yourselves.”","Ɛɛ rɛ wɩgyʋnna hʋ basɩ tɩya ba a baa, “Aayɩ, nʋʋ hʋ bɩ sɩ pele á beel-ma buloŋ. Ma mʋ kyɛ yɔbɔ ma tɩɩ nʋʋ.”"
12,"But the groom replied, “I don't even know you!”","Ɛɛ rɛ ʋ baa, “Wɩtɩɩ rɛ ŋ basɩ kɩ tɩya ma, ŋ bɩ gyɩŋ ma.”"
13,"So, my disciples, always be ready! You don't know the day or the time when all this will happen. A Story about Three Servants (Luke","Yesu aa maga namaga no ko teŋ ʋ baa, “Ma yaŋ gyɩŋ tɩya ma tɩɩ weliŋ beewɩya ma bɩ gyɩŋ kyɛɛ hʋ koo saŋa hʋ mɩyaŋ nihuwobiŋ Biye aa sɩ mɩɩgɩ ko.” Yesu maga tʋŋtʋnna boto namaga Luka"
19,Some time later the master of those servants returned. He called them in and asked what they had done with his money.,Ʋ gyɩ pɩɩsa rɛ weliŋ ka ba nɩhɩyawʋ hʋ gyɩ na ko a yɩrɩ ba dɩ ʋ na ba kɩdɩgɩ buloŋ aa kpaa ʋ molbiye yaa gɛɛ.
27,"You could have at least put my money in the bank, so I could have earned interest on it.”","ʋ fa maga dɩ ɩ kpa ŋ molbiye hʋ mʋ biŋ lee hʋ tɩyaŋ ba aa biŋ molbiye rɛ. Ŋ fa aa mɩɩgɩ ko nyɛ, ŋ fa sɩ laa molbiye hʋ abee ŋ tɔnɔ buloŋ."
16,"As soon as the man had gone, the servant with the",Tʋŋtʋnnɩ hʋ aa laa molbiye tusi bɔnɔŋ hʋ kaŋ mʋ a tʋŋ tʋma a bɩl na tusi bʋnɔŋ tɔnɔ pɛ.
21,"“Wonderful!” his master replied. “You are a good and faithful servant. I left you in charge of only a little, but now I will put you in charge of much more. Come and share in my happiness!”","Doŋ nɛ ʋ nɩhɩyawʋ hʋ basɩ tɩya ʋ a baa, ‘Gyaaŋbiye, ɩ yaa tʋŋtʋnnɩtɩɩ rɛ. Ɩ kɔnɩ daga nɩɩ ɩ yaa wɩtɩɩ tɩɩna rɛ. Ɛɛwɩya ɩ aa wuwo deŋ kɩbiye nyuu weliŋ nyɛ ŋ sɩ leŋ dɩ ɩ kɩ deŋ kɩgyamaa. Ŋ teŋ fɩyɛla rɛ weliŋ abee wɩɩ hʋ ɩ aa yaa. Ɛɛwɩya ŋ aa kyɛ dɩ ɩ mɛ teŋ fɩyɛlɩ rɛ a beel ŋ.’"
23,"“Wonderful!” his master replied. “You are a good and faithful servant. I left you in charge of only a little, but now I will put you in charge of much more. Come and share in my happiness!”","Doŋ nɛ ʋ basɩ tɩya ʋ mɛ a baa, ‘Gyaaŋbiye, ɩ yaa tʋŋtʋnnɩtɩɩ rɛ. Ɩ kɔnɩ daga nɩɩ ɩ yaa wɩtɩɩ tɩɩna rɛ. Ɩ aa wuwo deŋ kɩbiye nyuu weliŋ nyɛ ŋ sɩ leŋ dɩ ɩ kɩ deŋ kɩgyamaa. Ŋ teŋ fɩyɛla rɛ weliŋ abee wɩɩ hʋ ɩ aa yaa. Ɛɛwɩya ŋ aa kyɛ dɩ ɩ teŋ mɛ fɩyɛlɩ rɛ a beel-ŋ.’"
25,I was frightened and went out and hid your money in the ground. Here is every single coin!”,"Ɛɛ rɛ tɩŋ kambɩŋ kana ŋ, ŋ hul bʋwa a kpa molbiye hʋ a hogo. Na ɩ molbiye. Laa ɩ kɩna.’"
26,"The master of the servant told him, “You are lazy and good-for-nothing! You know I harvest what I don't plant and gather crops where I haven't scattered seed.","Ɛɛ rɛ ʋ nɩhɩyawʋ hʋ basɩ tɩya ʋ a baa, ‘Ɩ yaa tʋŋtʋnnɩbɔŋ nɛ a kaŋ teŋwɩɩ mɛ. Ɩ aa gyɩma anɩɩ ŋ aa kɩ kʋŋ kɩna ŋ aa bɩ doho,"
28,"Then the master said, “Now your money will be taken away and given to the servant with","Ma kaŋ molbiye hʋ laa ʋ lee, a kpa tɩya nal hʋ aa kaŋ molbiye tusi fi hʋ."
29,"Everyone who has something will be given more, and they will have more than enough. But everything will be taken from those who don't have anything.","Nal hʋ aa kaŋ kɩna yʋga, Wɩɩsɩ sɩ marɩ tɩya ʋ pɛ, amɛ nal hʋ aa bɩ kaŋ kɩna yʋga, mʋhʋ hʋ mɛ ʋ aa kana, Wɩɩsɩ sɩ kaŋ laa ʋ lee."
30,"You are a worthless servant, and you will be thrown out into the dark where people will cry and grit their teeth in pain.” The Final Judgment",Ma kaŋ tʋŋtʋnnɩ tɔɔ no lɩɩ yuwo ta dɩ ʋ we bilhuu tɩyaŋ. Doŋ tɩyaŋ nɛ nala hʋ aa vɩya Wɩɩsɩ sɩ we a kɩ wii aŋ kɩ kyaŋ ba nyɩŋa.”’ Dʋnɩya buloŋ sarɩya kyɛdiilii
31,"When the Son of Man comes in his glory with all his angels, he will sit on his royal throne.","Saŋa hʋ mɩyaŋ Nihuwobiŋ Biye aa sɩ mɩɩgɩ ko abee gaŋdarɩ, ŋ bee malɩkasɩ buloŋ nɛ sɩ ko. Ɛɛ tɩyaŋ nɛ ŋ sɩ hɔŋ ŋ gaŋdaa-kuworikpasa tɩyaŋ."
32,"The people of all nations will be brought before him, and he will separate them, as shepherds separate their sheep from their goats.",Aŋka dɩ dʋnɩya nala buloŋ ko laŋŋɩ ŋ sɩya tɩyaŋ. Ŋ sɩ kaŋ ba porigi leye balɩya anɩɩ pedaal aa kaŋ ʋ piyese porigi bʋʋna tɩyaŋ gɛɛ.
33,He will place the sheep on his right and the goats on his left.,"Ŋ sɩ leŋ dɩ tɩpʋlʋŋ tɩmma hʋ sɩŋ ŋ noduu, ka dɩ nɩbɔmɔ hʋ mɛ sɩŋ ŋ nogɔbɔ."
34,"Then the king will say to those on his right, “My father has blessed you! Come and receive the kingdom that was prepared for you before the world was created.","Doŋ tɩyaŋ nɛ ŋ sɩ basɩ tɩya nala hʋ aa sɩŋ ŋ noduu a baa, “Ma ko, ma nala hʋ ŋ Kuwo Wɩɩsɩ aa yaa wɩwelii tɩya. Ma ko di wɩɩsɩ koro hʋ ʋ aa mara biŋ ma a lɩɩ dʋnɩya piili tɩyaŋ buloŋ."
35,"When I was hungry, you gave me something to eat, and when I was thirsty, you gave me something to drink. When I was a stranger, you welcomed me,","Beewɩya, losi gyɩ aa kana ŋ nɛ, ma yaa kɩdiiliye tɩya ŋ, nɩɩnyʋwasɩ gyɩ kana ŋ ma yaa nɩɩ tɩya ŋ, ŋ nyʋwa. Ŋ gyɩ yaa nɩhʋwal lɛ, ma kana ŋ weliŋ."
36,"and when I was naked, you gave me clothes to wear. When I was sick, you took care of me, and when I was in jail, you visited me.”","Ŋ gyɩ kaŋ teŋbil lɛ, ma kpa gal laalɩ ŋ. Ŋ gyɩ aa wɩɩlɩ lɛ, ma deŋ ŋ lee weliŋ. Ba gyɩ kana ŋ tɔ dɩyaŋ nɛ, ma ko na ŋ.”"
37,"Then the ones who pleased the Lord will ask, “When did we give you something to eat or drink?","Doŋ tɩyaŋ nɛ tɩpʋlʋŋ tɩmma hʋ sɩ pɩyɛsɩ ʋ a baa, “Á Tɩɩna, kyɛbee rɛ á naa ɩ dɩ losi kana ɩ, á tɩya ɩ kɩdiiliye? Kyɛbee rɛ nɩɩnyʋwasɩ kana ɩ, á yaa nɩɩ tɩya ɩ?"
38,When did we welcome you as a stranger or give you clothes to wear,"Kyɛbee rɛ á naa ɩ dɩ ɩ yaa nɩhʋwal, á kana ɩ weliŋ, koo kyɛbee rɛ á naa ɩ dɩ ɩ kaŋ teŋbil á kpa gal laalɩ ɩ?"
39,or visit you while you were sick or in jail?”,"Kyɛbee rɛ á naa ɩ dɩ ɩ aa wɩɩlɩ, koo dɩ ba kana ɩ tɔ dɩyaŋ, á ko na ɩ?”"
40,"The king will answer, “Whenever you did it for any of my people, no matter how unimportant they seemed, you did it for me.”","Doŋ nɛ ŋ sɩ basɩ tɩya ba a baa, “Wɩtɩɩ rɛ ŋ basɩ kɩ tɩya ma, saŋa hʋ buloŋ ma aa yaa wɩwelii a tɩya ŋ naabalɩya no tɩyaŋ nɩbiye, mɩyaŋ nɛ ma yaa tɩya gɛɛ.”"
41,"Then the king will say to those on his left, “Get away from me! You are under God's curse. Go into the everlasting fire prepared for the devil and his angels!","Doŋ tɩyaŋ nɛ ŋ sɩ basɩ tɩya nala hʋ aa sɩŋ ŋ nogɔbɔ a baa, “Ma fasɩ lɩɩ ŋ sɩya tɩyaŋ! Wɩɩsɩ vɩya ma wɩya rɛ. Ma mʋ gyʋʋ diŋ hʋ aa bɩ sɩ maakyiye dɩsɩ, diŋ hʋ Wɩɩsɩ aa wee biŋ Sɩtaanɩ bee ʋ noŋ nala."
42,"I was hungry, but you did not give me anything to eat, and I was thirsty, but you did not give me anything to drink.","Beewɩya saŋa hʋ tɩyaŋ losi gyɩ aa kana ŋ, ma bɩ yaa kɩdiiliye tɩya ŋ, nɩɩnyʋwasɩ gyɩ kana ŋ nɛ ma bɩ yaa nɩɩ tɩya ŋ."
43,"I was a stranger, but you did not welcome me, and I was naked, but you did not give me any clothes to wear. I was sick and in jail, but you did not take care of me.”","Ŋ gyɩ yaa nɩhʋwal lɛ ma bɩ kana ŋ weliŋ. Ŋ gyɩ kaŋ teŋbil lɛ, ma bɩ kpaa gal laalɩ ŋ. Ŋ gyɩ aa wɩɩlɩ rɛ ma bɩ deŋ ŋ, ba gyɩ kana ŋ tɔ dɩyaŋ mɛ, ma bɩ ko na ŋ.”"
44,"Then the people will ask, “Lord, when did we fail to help you when you were hungry or thirsty or a stranger or naked or sick or in jail?”","Doŋ nɛ ba sɩ pɩyɛsɩ ŋ a baa, “Á Tɩɩna, kyɛbee rɛ losi kana ɩ, koo nɩɩnyʋwasɩ kana ɩ, koo ɩ gyɩ yaa nɩhʋwal koo, ɩ gyɩ kaŋ teŋbil koo, ɩ gyɩ kɩ wɩɩlɩ koo, ba kana ɩ tɔ dɩyaŋ aŋ ka á bɩ kyiyeli ɩ?”"
45,"The king will say to them, “Whenever you failed to help any of my people, no matter how unimportant they seemed, you failed to do it for me.”","Ŋ yaŋ sɩ baa, “Wɩtɩɩ rɛ ŋ basɩ kɩ tɩya ma, saŋa hʋ buloŋ ma aa vɩya dɩ ma kyiyeli nala no tɩyaŋ nɩbiye, mɩyaŋ nɛ ma vɩya kyiyelii gɛɛ."
46,"Then Jesus said, “Those people will be punished forever. But the ones who pleased God will have eternal life.”","Wɩɩsɩ sɩ leŋ dɩ nala no mʋ gyʋʋ lee hʋ ba aa sɩ na tʋwara a kaŋ kɩ mʋ deŋdeŋ, aŋka dɩ tɩpʋlʋŋ tɩmma hʋ mɛ kaŋ mɩɩbol hʋ aa bɩ tenii.”"
2,“You know two days from now will be Passover. This is when the Son of Man will be handed over to his enemies and nailed to a cross.”,“Ma tɩɩ gyɩma anɩɩ kyɛyɛ balɩya rɛ kaa ka dɩ Dɩɩsɩ-parɩ-banɩɩ Kyɛbal hʋ pele. Saŋa no tɩyaŋ nɛ ba sɩ kaŋ mɩyaŋ Nihuwobiŋ Biye a kpa ŋ tɩya ŋ dɔmɔ dɩ ba kpaasɩ ŋ mal daagarɩɩ tɩyaŋ.”
45,"Finally, Jesus returned to his disciples and said, “Are you still sleeping and resting? The time has come for the Son of Man to be handed over to sinners.","Ɛɛ rɛ ʋ bɩl mɩɩgɩ ko ʋ hatɩnna hʋ lee a pɩyɛsɩ ba a baa, “Ma ha pɩŋ kɩ pɩŋ doo rɛ? Ma deŋ na, saŋa hʋ ba aa sɩ kaŋ mɩyaŋ Nihuwobiŋ Biye a mʋ tɩya wɩbɔŋyaala pele rɛ."
4,They planned how they could sneak around and have Jesus arrested and put to death.,Doŋ tɩyaŋ nɛ ba vʋʋlɩ gɛɛ hʋ ba aa sɩ yaa a lʋwɔlɩ kaŋ Yesu kpʋ.
5,"But they said, “We must not do it during Passover, because the people will riot.” At Bethany (Mark","Ba baa dɩ ʋ bɩ maga ba kana ʋ kyɛbal hʋ kyɛɛ, beewɩya dɩ ba aa rɛ yaa gɛɛ, gyamaa hʋ sɩ laa taawɛɛ. Ba kpaa tʋranɩɩ tɩsɩ Yesu Bɛɛtani tɩyaŋ Maakɩ"
9,We could have sold this perfume for a lot of money and given it to the poor.”,"Deŋ naa, dɩ ba aa rɛ fa kpaa tʋranɩɩ no yallɩ na ba aa na mogyamaa rɛ dɩ ba fa kyiyeli nyaaba.”"
8,"But when his disciples saw this, they became angry and complained, “Why such a waste?","Ʋ hatɩnna hʋ aa naa gɛɛ, ba baaŋ sii. Ba gʋrɩmɩ wɩya kɩ pɩyɛsɩ dɔmɔŋ a baa, “Bee rɛ tɩŋ haaŋ no kaŋ tʋranɩɩ no kyogi ta nyɛ?"
30,Then they sang a hymn and went out to the Mount of Olives. Peter's Promise (Mark,Ɛɛ rɛ ba yɩɩ wɩɩkyʋwalyɩɩl aŋ sii lɩɩ a mʋ gyɩŋ Olivi dogimo hʋ. Yesu baa dɩ Piita sɩ tʋwa baa ʋ bɩ gyɩma ʋ Maakɩ
16,and from then on he started looking for a good chance to betray Jesus. Jesus Eats the Passover Meal with His Disciples (Mark,A lɩɩ haŋ saŋa hʋ tɩyaŋ nɛ Gyudasɩ piili kɩ kyɛ ŋmanɩɩ hʋ ʋ aa sɩ tɩŋa a kpa Yesu we ba nosi tɩyaŋ. Yesu bee ʋ hatɩnna hʋ dii Dɩɩsɩ-parɩ-banɩɩ Kyɛbal hʋ kɩdiiliye Maakɩ
21,"When Jesus was eating with his twelve disciples that evening, he said, “One of you will surely hand me over to my enemies.”","Ba aa di kɩna hʋ tɩyaŋ nɛ Yesu basɩ tɩya ba a baa, “Wɩtɩɩ rɛ ŋ basɩ kɩ tɩya ma, ma kɩdɩgɩ rɛ sɩ kpa ŋ yallɩ.”"
17,"On the first day of the Festival of Thin Bread, Jesus' disciples came to him and asked, “Where do you want us to prepare the Passover meal?”","Dɩɩsɩ-Parɩ-banɩɩ kyɛbal hʋ tɩyaŋ ba aa kyaŋ paanʋʋ hʋ ba aa bɩ wee sɩbʋl hʋ, ʋ kyɛbuŋbuŋ kyɛɛ Yesu hatɩnna hʋ ko pɩyɛsɩ ʋ a baa, “Lee rɛ ɩ kɩ kyɛ dɩ á mʋ yaa Dɩɩsɩ-parɩ-banɩɩ Kyɛbal hʋ kɩdiiliye dɩ ɩ ko di?”"
26,"During the meal Jesus took some bread in his hands. He blessed the bread and broke it. Then he gave it to his disciples and said, “Take this and eat it. This is my body.”","Ba aa hɔnɔ kɩ di kɩna hʋ tɩyaŋ nɛ Yesu kpa paanʋʋ a kyʋwalɩ Wɩɩsɩ aŋgyʋwasʋ aŋ kaŋ lɔgɔ lɔgɔ a kpa tɩya ʋ hatɩnna hʋ aŋ baa, “Ma laa kyaŋ. Ŋ teŋbii rɛ nyɛ.”"
28,"This is my blood, and with it God makes his agreement with you. It will be poured out, so that many people will have their sins forgiven.","beewɩya ŋ kyal lɛ gɛɛ. Kyal no rɛ Wɩɩsɩ kpa we nyʋwa hʋ tɩya ma. Ŋ kyal sɩ gyaasɩ nɩgyamaa wɩya, dɩ Wɩɩsɩ kpa ba wɩbɔmɔ kyɛ ba."
29,"From now on I am not going to drink any wine, until I drink new wine with you in my Father's kingdom.”","Ŋ basɩ kɩ tɩya ma rɛ, ŋ bɩl bɩ sɩ maakyiye nyʋwa sɩŋ no, see kyɛɛ hʋ ŋ beel-ma aa sɩ nyʋwa sɩfalɩɩ ŋ Kuwo koro hʋ tɩyaŋ.”"
31,"Jesus said to his disciples, “During this very night, all of you will reject me, as the Scriptures say, ‘I will strike down the shepherd, and the sheep will be scattered.’","Doŋ tɩyaŋ Yesu basɩ tɩya ba a baa, “Tebine no tɩɩ ma buloŋ sɩ fá pɩsa aŋ vɩya ŋ ta akuu wɩɩ hʋ aa sɩ puu ŋ wɩya. Beewɩya ba sabɩ Wɩɩsɩ teŋ tɩyaŋ nɛ a baa, Wɩɩsɩ baa, ‘Ŋ sɩ kpʋ pedaal hʋ aŋ ka dɩ piyese hʋ fá pɩsa.”’"
34,"Jesus replied, “I promise you before a rooster crows tonight, you will say three times that you don't know me.”","Ɛɛ rɛ Yesu basɩ tɩya ʋ a baa, “Wɩtɩɩ rɛ ŋ basɩ kɩ tɩya ɩ, gyɩnaŋ tebine no tɩɩ ɩ Piita sɩ tʋwa naaŋsɩɩnyʋwa bʋto a baa ɩ bɩ gyɩma ŋ, ka dɩ gyibal na wii.”"
36,"Jesus went with his disciples to a place called Gethsemane. When they got there, he told them, “Sit here while I go over there and pray.”","Ɛɛ rɛ Yesu bee ʋ hatɩnna hʋ sii mʋ gyʋʋ lee kɩdɩgɩ ba aa yɩrɩ Gesamani. Doŋ nɛ Yesu basɩ tɩya ba a baa, “Ma hɔŋ daha ka dɩ ŋ yɩya mʋ kyʋwalɩ Wɩɩsɩ aŋ ko.”"
38,"and he said to them, “I am so sad that I feel as if I am dying. Stay here and keep awake with me.”","Nyɛ rɛ ʋ basɩ tɩya ba a baa, “Ŋ tɩya buloŋ nɛ kyogo ŋ bembii kɩ kyɛ dɩ ʋ bori. Ma hɔŋ daha kɩ gyegili ŋ?”"
35,"But Peter said, “Even if I have to die with you, I will never say I don't know you.” All the others said the same thing. Jesus Prays (Mark","Ɛɛ rɛ Piita basɩ tɩya ʋ a baa, “Haalɩ dɩ ŋ beel-ɩ sɩ paalɩ sʋba mɛ, ka ŋ bɩ sɩ maakyiye baa ŋ bɩ gyɩma ɩ.” Nɩkaalɩya hʋ buloŋ mɛ basɩ gɛɛ tɩɩ. Yesu kyʋwalɩ Wɩɩsɩ Gɛsamani tɩyaŋ Maakɩ"
42,"Again Jesus went to pray and said, “My Father, if there is no other way, and I must suffer, I will still do what you want.”","Ʋ bɩl mʋ a kyʋwalɩ Wɩɩsɩ lɩya tɩɩna a bɩl baa, “Ŋ kuwo, dɩ ŋmanɩɩ buloŋ tuwo a maga dɩ tʋwara no parɩ ŋ baŋ, leŋ dɩ ɩ kyɛrɩ yaa.”"
39,"Jesus walked on a little way. Then he knelt with his face to the ground and prayed, “My Father, if it is possible, don't make me suffer by drinking from this cup. But do what you want, and not what I want.”","Ba hɔŋ ka ʋ fasɩ mʋ sɩya mʋhʋ a tuu pɩŋ kyige taŋha a sʋla Wɩɩsɩ a baa “Ŋ kuwo, dɩ ŋmanɩɩ we doŋ maga dɩ tʋwara no parɩ ŋ baŋ, leŋ dɩ ɛɛ yaa. Amɛ ŋ tɩɩ kyɛrɩ tɩyaŋ daa, ɩ kyɛrɩ tɩyaŋ nɛ.”"
46,Get up! Let's go. The one who will betray me is already here.” Jesus Is Arrested (Mark,Ma sii dɩ á mʋ. Na nal hʋ aa kpaa ŋ yallɩ rɛ aa ko.” Ba kaŋ Yesu Maakɩ
37,"Jesus took along Peter and the two brothers, James and John. He was very sad and troubled,","Ɛɛ rɛ ka ʋ kaŋ Piita abee Zebedi biisi hʋ balɩya ba mʋ. Ʋ tɩya gyɩ kyogo rɛ kɩŋkaŋ, ka ʋ hakɩla buloŋ gyarɩ."
40,"He came back and found his disciples sleeping. So he said to Peter, “Can't any of you stay awake with me for just one hour?","Ʋ kyʋwalɩ Wɩɩsɩ hʋ teŋ aŋ sii ko ʋ hatɩnna hʋ boto lee dɩ ba pɩŋ doo. Ɛɛ rɛ ʋ pɩyɛsɩ Piita a baa, “Ma aa pɩŋ doo rɛ? Ɛɛ kɛ ma bɩ sɩ wuwo bara doo a kyʋwalɩ Wɩɩsɩ hawadɩgɩ mɛ aŋ kɩ gyegili ŋ?"
41,"Stay awake and pray that you won't be tested. You want to do what is right, but you are weak.”","Ma kɩ bara doo a kɩ sʋla Wɩɩsɩ aŋ kɩ pɔ dɩ Sɩtaanɩ ta wuwo mʋrɩ ma. Ma tɩɩsɩ tɩyaŋ ma kyo dɩ ma tɩŋa ŋ nyʋwa rɛ, amɛ ma tɩɩ bɩ kaŋ ɛɛ dee.”"
44,He left them and prayed the same prayer once more.,"Nyɛ rɛ Yesu leŋ ba aŋ bɩl mʋ kyʋwalɩ Wɩɩsɩ bʋto tɩɩna, a bɩl kyʋwalɩ gɛɛ tɩɩ."
50,"Jesus replied, “My friend, do what you came for.” The men grabbed Jesus and arrested him.","Ɛɛ rɛ Yesu basɩ tɩya ʋ a baa, “Ŋ bagyʋwa, kɩ yaa wɩɩ hʋ ɩ aa ko dɩ ɩ yaa.” Nyɛ rɛ ba mʋ pele Yesu a gurigi ʋ."
47,"Jesus was still speaking, when Judas the betrayer came up. He was one of the twelve disciples, and a large mob armed with swords and clubs was with him. They had been sent by the chief priests and the nation's leaders.","Yesu ha gyɩ aa basɩ wɩya hʋ tɩyaŋ nɛ dɩ ʋ hatɩnna fi abee balɩya hʋ kɩdɩgɩ ba aa yɩrɩ Gyudasɩ rɛ mʋ kɩ ko gɛɛ, nɩgyamaa paa tɩŋa ʋ hal, badɔmɔŋ kolo takoobiye abee daŋgulo. Gyuuma wɩɩkyʋwal sɩlaala nɩhɩyasɩ abee ba bee nɩhɩyasɩ rɛ gyɩ tɩŋ ba."
48,"Judas had told them ahead of time, “Arrest the man I greet with a kiss.”","Minaafigi tɩɩna hʋ gyɩ tɩya nala hʋ magɩl lɛ a baa, “Nal hʋ ŋ aa sɩ mʋ guwori, ʋ rɛ gɛɛ. Ma kana ʋ.”"
49,"Judas walked right up to Jesus and said, “Hello, teacher.” Then Judas kissed him.","Ɛɛ rɛ Gyudasɩ vala degini Yesu a mʋ pele ʋ aŋ baa, “Ŋ nɩhɩyawʋ, ŋ aa kyʋwalɩ ɩ, aŋ guwori ʋ.”"
51,One of Jesus' followers pulled out a sword. He struck the servant of the high priest and cut off his ear.,Doŋ tɩyaŋ nɛ Yesu hatɩnna hʋ kɩdɩgɩ lɩɩ ʋ takoobii a ŋmaŋ baal kɩdɩgɩ dɩgɩŋ kyɔl. Baal no fa yaa Gyuuma wɩɩkyʋwal sɩlaala nɩhɩyawʋ dɩya tʋŋtʋnnɩ rɛ.
52,"But Jesus told him, “Put your sword away. Anyone who lives by fighting will die by fighting.","Ɛɛ rɛ Yesu basɩ tɩya ʋ a baa, “Mɩɩgɩ kpa ɩ takoobii hʋ we ʋ tʋʋl tɩyaŋ. Nal hʋ buloŋ aa kyuri takoobii kyɔgɔ nal, takoobii rɛ ba sɩ kpa kpʋ ʋ tɩɩna mɛ."
63,"But Jesus did not answer. So the high priest said, “With the living God looking on, you must tell the truth. Are you the Messiah, the Son of God?”","Ka Yesu tallɩ ʋ nyʋwa. Ɛɛ rɛ Gyuuma wɩɩkyʋwal sɩlaala nɩhɩyawʋ hʋ basɩ tɩya ʋ a baa, “Ŋmɩyɛsɩ Wɩɩsɩ hʋ aa weye feŋ tɩyaŋ, a basɩ tɩya ma, ɩ rɛ yaa Krisita hʋ, laataal hʋ Wɩɩsɩ aa lɩya? Ɩ rɛ yaa Wɩɩsɩ Biye hʋ?”"
71,"When Peter had gone out to the gate, another servant girl saw him and said to some people there, “This man was with Jesus from Nazareth.”","Piita aa basɩ gɛɛ, ʋ sii lɩɩ sɩŋ gyaŋwuwo hʋ paga nyʋwa tɩyaŋ. Doŋ nɛ tʋŋtʋnnɩ-toluu kɩdɩgɩ mɛ bɩl na ʋ a basɩ tɩya nala hʋ aa sɩŋ kpaga doŋ a baa, “Baal no mɛ yaa Yesu aa lɩɩ Nazarɛti hatɩnna hʋ kɩdɩgɩ rɛ.”"
57,"After Jesus had been arrested, he was led off to the house of Caiaphas the high priest. The nation's leaders and the teachers of the Law of Moses were meeting there.",Ɛɛ rɛ nala hʋ aa kaŋ Yesu kana ʋ mʋ wɩɩkyʋwal sɩlaala nɩhɩyawʋ Kayifasɩ dɩya. Dɩ Wɩɩsɩ Teŋ dɩdagɩla abee ba bee nɩhɩyasɩ buloŋ laŋŋa doŋ.
58,But Peter followed along at a distance and came to the courtyard of the high priest's palace. He went in and sat down with the guards to see what was going to happen.,"Ka Piita mɛ daasɩ kɩ tɩŋ ba hal a tɩŋa gyʋʋ Gyuuma wɩɩkyʋwal sɩlaala nɩhɩyawʋ hʋ gyaŋwuwo. Ʋ aa gyʋʋ gyaŋwuwo hʋ, ʋ mʋʋ hɔŋ nala hʋ aa pɔ gyaŋwuwo hʋ lee dɩ ʋ na wɩɩ hʋ ba aa sɩ yaa Yesu."
59,The chief priests and the whole council wanted to put Jesus to death. So they tried to find some people who would tell lies about him in court.,"Ɛɛ rɛ Gyuuma wɩɩkyʋwal sɩlaala nɩhɩyasɩ abee nala hʋ buloŋ aa laŋŋɩ kɩ vʋʋlɩ wɩya, kɩ kyɛ dɩ ba nyɩya wɩya a tɩya Yesu dɩ ba kpʋ ʋ."
60,"But they could not find any, even though many did come and tell lies. At last, two men came forward","Amɛ ba gyɩ bɩ naa wɩɩ buloŋ ba aa sɩ nyɩya tɩya ʋ. Haalɩ nala yʋga gyɩ ko nyɩya wɩya tɩya ʋ, amɛ ba bɩ naa wɩɩ buloŋ ʋ aa yaa kyogi a maga dɩ ba kpʋ ʋ."
61,"and said, “This man claimed he could tear down God's temple and build it again in three days.”","Ɛɛ rɛ baala balɩya ko lɩɩ a baa, “Baal no baa dɩ ʋ sɩ wuwo ŋmaa Wɩɩkyʋwaldɩɩbal hʋ lo aŋ mɩɩgɩ saa ʋ kyɛyɛ boto paga tɩyaŋ.”"
64,"“That is what you say!” Jesus answered. “But I tell all of you, ‘Soon you will see the Son of Man sitting at the right side of God All-Powerful and coming on the clouds of heaven.’ ”","Ɛɛ rɛ Yesu basɩ tɩya ʋ a baa, “Ɛɛ rɛ ɩ basɩ. Amɛ ŋ basɩ kɩ tɩya ma buloŋ nɛ, a lɩɩ saŋa no tɩyaŋ a kaŋ kɩ mʋ, ma sɩ na mɩyaŋ Nihuwobiŋ Biye hʋ aa hɔŋ Wɩɩsɩ noduu logiŋ tɩyaŋ dɩ ŋ ko kɩ tuu taala tɩyaŋ.”"
67,Then they spit in his face and hit him with their fists. Others slapped him,"Ɛɛ rɛ ba tʋ naŋtʋwɔl we ʋ sɩya tɩyaŋ aŋ ŋmaa ʋ. Ba badɔmɔŋ aa ŋmaa ʋ rɛ, aŋ basɩ tɩya ʋ a baa,"
68,"and said, “You think you are the Messiah! So tell us who hit you!” Peter Says He Doesn't Know Jesus (Mark","“Ɩ Krisita, laataal hʋ Wɩɩsɩ aa lɩya, na ɩ yaa Wɩɩsɩ tɩŋdaal lɛ, daga nal hʋ aa ŋmaa ɩ.” Piita tʋwa anɩɩ ʋ bɩ gyɩŋ Yesu Maakɩ"
72,"Again Peter denied it, and this time he swore, “I don't even know that man!”","Piita bɩl tʋwa a baa, “Ŋ ŋmɩyɛsa, ŋ bɩ gyɩŋ baal no.”"
69,"While Peter was sitting out in the courtyard, a servant girl came up to him and said, “You were with Jesus from Galilee.”","Saŋa no tɩyaŋ dɩ Piita mɛ gyɩ hɔŋ gyaŋwuwo hʋ tɩyaŋ nɛ. Ɛɛ rɛ gyaŋwuwo hʋ tʋŋtʋnnɩ-toluu kɩdɩgɩ ko lɩɩ a baa, “Na ɩ mɛ fa aa tɩŋ Yesu aa lɩɩ Galili hal lɛ.”"
70,"But in front of everyone Peter said, “That isn't so! I don't know what you are talking about!”","Doŋ nɛ Piita tʋwa ba buloŋ sɩya tɩyaŋ a baa, “Ŋ kɛ bɩ gyɩŋ wɩɩ no ɩ aa basɩ tɩyaŋ.”"
73,"A little while later some people standing there walked over to Peter and said, “We know you are one of them. We can tell it because you talk like someone from Galilee.”","Mʋhʋ sʋwa nala hʋ aa sɩŋ doŋ mɛ sii kpa mʋ Piita lee a basɩ tɩya ʋ a baa, “Wɩtɩɩ rɛ, ɩ mɛ yaa ba kɩdɩgɩ rɛ, beewɩya ɩ wɩbasɩɩ daga gɛɛ rɛ.”"
75,"and Peter remembered that Jesus had said, “Before a rooster crows, you will say three times you don't know me.” Then Peter went out and cried bitterly.","Doŋ tɩyaŋ nɛ Piita liisi wɩɩ hʋ Yesu gyɩ aa basɩ tɩya ʋ anɩɩ ʋ sɩ tʋwa naaŋsɩɩnyʋwa bʋto a baa dɩ ʋ bɩ gyɩma ʋ, ka dɩ gyibal na wii. Ɛɛ rɛ ʋ sii lɩɩ a wii weliŋ."
18,Pilate knew the leaders had brought Jesus to him because they were jealous.,"Pilato gyɩ gyɩma rɛ anɩɩ Gyuuma nɩhɩyasɩ hʋ tɩsɩ gyɩ aa hɔllɩ Yesu wɩyaalɩya rɛ, ɛɛ rɛ tɩŋ ba kana ʋ ko ʋ lee."
32,"On the way they met a man named Simon who was from Cyrene, and they forced him to carry Jesus' cross.","Ba aa kana ʋ lɩɩ kɩ mʋ dɩ ba kpaasɩ mal daagarɩɩ hʋ nyuu gɛɛ rɛ, ba kyeŋ baal kɩdɩgɩ ba aa yɩrɩ Siimɔŋ aa lɩɩ Sariini. Ɛɛ rɛ laalyuwolo hʋ fɩla ʋ, ʋ laa Yesu daagarɩɩ hʋ a baasɩ."
4,"and said, “I have sinned by betraying a man who has never done anything wrong.” “So what? That's your problem,” they replied.","“Ŋ yaa wɩbɔŋ nɛ, ŋ aa kpaa nal hʋ aa bɩ kaŋ wɩkyogii a yallɩ tɩya ma dɩ ma kpʋ ʋ.” Ɛɛ rɛ nala hʋ baa, “Á sɩya kɛ bɩl tuwo ɛɛ tɩyaŋ. Ɛɛ kɛ yaa ɩ mɛ dʋŋ wɩɩ rɛ.”"
7,Then they had a meeting and decided to buy a field that belonged to someone who made clay pots. They wanted to use it as a graveyard for foreigners.,"Doŋ nɛ ba vʋʋlɩ dɩ ba gyɩŋ wɩɩ hʋ ba aa sɩ kpa molbiye hʋ yaa. Nyɛ rɛ ba kpa molbiye hʋ yɔbɔ taŋha viimɔɔl kɩdɩgɩ lee, a kɩ hogo nɩhʋwala doŋ."
8,This is why people still call that place “Field of Blood.”,Ɛɛ rɛ tɩŋ ba kaŋ doŋ kɩ yɩrɩ Kyal Taŋha abee gyɩnaŋ buloŋ.
9,"So the words of the prophet Jeremiah came true, “They took the thirty silver coins, the price of a person among the people of Israel.","Ba aa yaa gɛɛ, wɩya hʋ Wɩɩsɩ gyɩ aa tɩŋ ʋ tɩŋdaal Gyɛrimaya tɩyaŋ a basɩ ko yaa wɩtɩɩ rɛ. Ʋ gyɩ baa,"
11,"Jesus was brought before Pilate the governor, who asked him, “Are you the king of the Jews?” “Those are your words!” Jesus answered.","Saŋa no tɩyaŋ dɩ Yesu sɩŋ Gyudɩya paalʋʋ buloŋ nɩbal hʋ sɩya tɩyaŋ nɛ. Ɛɛ rɛ ʋ pɩyɛsɩ ʋ a baa, “Ɩ rɛ yaa Gyuuma kuwori hʋ koo?” Ɛɛ rɛ Yesu basɩ tɩya ʋ a baa, “Waa, ɛɛ rɛ ɩ tɩɩ basɩ gɛɛ.”"
12,"And when the chief priests and leaders brought their charges against him, he did not say a thing.","Amɛ Gyuuma wɩɩkyʋwal sɩlaala nɩhɩyasɩ abee Gyuuma bee-nɩhɩyasɩ hʋ basɩ wɩya hʋ ba aa baa ʋ yaa kyogi, ka ʋ bɩ laa wɩɩ buloŋ basɩ."
14,"But Jesus did not say anything, and the governor was greatly amazed. The Death Sentence (Mark",Amɛ Yesu bɩ suri ʋ nyʋwa. Ʋ bɩ laa wɩdɩgɩ mɛ basɩ. Ɛɛ rɛ wɩɩ hʋ kperi Pilato.
39,People who passed by said terrible things about Jesus. They shook their heads and,"Ba aa kpaasɩ ʋ mal daagarɩɩ hʋ tɩyaŋ gɛɛ, nala hʋ aa tɩŋ doŋ kɩ baŋ kɩ tʋʋsɩ ʋ aŋ kaŋ ba nyuni kɩ kyugisi"
24,"Pilate saw that there was nothing he could do and that the people were starting to riot. So he took some water and washed his hands in front of them and said, “I won't have anything to do with killing this man. You are the ones doing it!”","Pilato aa ko na anɩɩ kyagɩŋsɩ hʋ marɩ yʋga gɛɛ, ʋ naa anɩɩ ʋ bɩl bɩ kaŋ wɩyaalɩɩ buloŋ, ka nala hʋ sɩŋ dɩ ba laa taawɛɛ. Ɛɛ rɛ ʋ kpa nɩɩ a sɔmɔ ʋ nosi nɩgyamaa hʋ sɩya tɩyaŋ aŋ baa, “Ŋ noŋ tuwo baal no kpʋyɩ tɩyaŋ. Ʋ haakye we ma lee.”"
25,"Everyone answered, “We and our own families will take the blame for his death!”","Ɛɛ rɛ nɩgyamaa hʋ buloŋ baa, “Dɩ ámaa rɛ kyogo wɩɩ no tɩyaŋ, leŋ dɩ Wɩɩsɩ dɔgɩsɩ ma abee á biisi akuu á aa kpʋʋ ʋ wɩya.”"
29,"They made a crown out of thorn branches and placed it on his head, and they put a stick in his right hand. The soldiers knelt down and pretended to worship him. They made fun of him and shouted, “Hey, you king of the Jews!”","Aŋ kyɛ sɔsɩ a kaŋ sʋwa nyupugi anɩɩ kuwori nyupugi gɛɛ a kpa kyigi ʋ aŋ kpa daaŋ aa kɩɩ gɛɛ anɩɩ kuwori daatɩgɩɩ we ʋ noduu tɩyaŋ aŋ aa tuu gbinni ʋ sɩya a yaa ʋ sɩya a baa, “Gyuuma kuwori, Wɩɩsɩ sɩ tɩya ɩ mɩɩbol dolii!”"
43,"He trusted God, so let God save him, if he wants to. He even said he was God's Son.”","Ʋ yelli Wɩɩsɩ rɛ aŋ gba baa dɩ ʋ yaa Wɩɩsɩ Biye rɛ. Tɔɔ, ɛɛ kɛ dɩ Wɩɩsɩ sɩ laa ʋ, ʋ ko tuu laa ʋ lagɩlagɩ no dɩ á na.”"
31,"When the soldiers had finished making fun of Jesus, they took off the robe. They put his own clothes back on him and led him off to be nailed to a cross.","Ba aa yaa ʋ sɩya hʋ ko teŋ, ba wuri gafɩyaŋ dolii hʋ aŋ paa ʋ tɩɩ gannɩ a laalɩ ʋ aŋ kana ʋ lɩɩ ŋmanɩɩ dɩ ba mʋ kpaasɩ ʋ mal daagarɩɩ tɩyaŋ. Ba kpaasɩ Yesu mal daagarɩɩ tɩyaŋ Maakɩ"
34,"There they gave Jesus some wine mixed with a drug to ease the pain. But when Jesus tasted what it was, he refused to drink it.","Ba aa mʋʋ pele doŋ, ba kpa kɩhaanɩ badɔmɔŋ we sɩŋ tɩyaŋ a kpa tɩya Yesu dɩ ʋ nyʋwa. Ʋ aa kyumo mʋhʋ a na dɩ ʋ hayɛ gɛɛ, ʋ vɩya nyʋwayɩ."
35,The soldiers nailed Jesus to a cross and gambled to see who would get his clothes.,"Ɛɛ rɛ ba kpaasɩ ʋ mal daagarɩɩ hʋ nyuu aŋ yuwo gbaŋŋa a kaŋ ʋ gannɩ kpaa dɔmɔŋ,"
36,Then they sat down to guard him.,aŋ hɔŋ doŋ pɔ ʋ.
37,"Above his head they put a sign that told why he was nailed there. It read, “This is Jesus, the King of the Jews.”","Wɩya hʋ ba aa baa dɩ ʋ yaa kyogi, ba gyɩ sabɩ ba rɛ a mal daagarɩɩ hʋ tɩyaŋ a baa, “Yesu, Gyuuma kuwori hʋ rɛ nyɛ.”"
40,"shouted, “So you're the one who claimed you could tear down the temple and build it again in three days! If you are God's Son, save yourself and come down from the cross!”","a baa, “Ɩ rɛ yaa nal hʋ aa baa dɩ ɩ sɩ ŋmaa á Wɩɩkyʋwaldɩɩbal hʋ lo aŋ bɩl wuwo saa ʋ kyɛyɛ boto paga tɩyaŋ. Ɩ aa yaa Wɩɩsɩ Biye kɩŋkaŋ, tuu daagarɩɩ hʋ nyuu a laa ɩ tɩɩ ta.”"
45,At noon the sky turned dark and stayed that way until three o'clock.,"Wɩɩsɩ aa ko maga nyutʋtʋʋ, lee hʋ buloŋ bil gɛɛ timm a mʋ pele dɩdaana, ka lee bɩl na kyaanɩ."
46,"Then about that time Jesus shouted, “Eli, Eli, lema sabachthani?” which means, “My God, my God, why have you deserted me?”","Ɛɛ rɛ Yesu faasɩ yɩrɩ ʋ taal tɩyaŋ a baa, “Eloyi, Eloyi, lama sabakitani.” Ʋ memii rɛ yaa: “Ŋ Tɩɩna Wɩɩsɩ, bee rɛ tɩŋ ɩ vɩya ŋ ta nyɛ?”"
48,"One of them at once ran and grabbed a sponge. He soaked it in wine, then put it on a stick and held it up to Jesus.",Haŋ lagɩlagɩ hʋ nala hʋ kɩdɩgɩ fa aa sɩŋ doŋ fá mʋ kpa sɩbʋl gbara a kaŋ mʋ yuu sɩkyaakyaa a kpa tʋʋ kaakelii tɩyaŋ a kaŋ mʋ we ʋ nyʋwa tɩyaŋ dɩ ʋ nyʋwa.
51,"At once the curtain in the temple was torn in two from top to bottom. The earth shook, and rocks split apart.","Haŋ lagɩlagɩ hʋ dɩ patɩɩsa hʋ fa aa bori Wɩɩkyʋwaldɩɩbal hʋ tɩya sɩŋ ʋ nyuu tɩyaŋ aŋ kɩyɛsɩ balɩya ko tuu. Ɛɛ rɛ ka taŋha buloŋ gyigili, bʋwa warɩ warɩ,"
52,"Graves opened, and many of God's people were raised to life.","bilni suri suri, Wɩɩsɩ nala yʋga mɛ sii sʋʋ tɩyaŋ."
53,"They left their graves, and after Jesus had risen to life, they went into the holy city, where they were seen by many people.","Yesu aa sii sʋʋ hal tɩyaŋ, nala hʋ aa sii sʋʋ tɩyaŋ mʋ Gyerusalɛm nɛ, a leŋ nɩgyamaa na ba."
54,"The officer and the soldiers guarding Jesus felt the earthquake and saw everything else that happened. They were frightened and said, “This man really was God's Son!”","Laalyuwolo nɩhɩyawʋ abee laalyuwolo hʋ fa aa sɩŋ doŋ a kɩ pɔ Yesu aa naa taŋha aa gyigile gɛɛ abee wɩya hʋ buloŋ aa yaa, kambɩŋ kaŋ ba. Ɛɛ rɛ ba baa, “Wɩtɩɩ, baal no kɔnɩ yaa Wɩɩsɩ Biye rɛ.”"
55,"Many women had come with Jesus from Galilee to be of help to him, and they were there, looking on at a distance.",Ka haana yʋga mɛ fa sɩŋ libolii a kɩ deŋ. Haana no fa aa tɩŋ Yesu hal lɛ a lɩɩ Galili paalʋʋ a kɩ pɛ ʋ tɩyaŋ.
58,"went and asked for Jesus' body. Pilate gave orders for it to be given to Joseph,",Ɛɛ rɛ ʋ sii mʋ Pilato lee a sʋla ʋ dɩ ʋ leŋ dɩ ʋ kpa Yesu mʋ hogo. Ɛɛ rɛ Pilato laa nyʋwa anɩɩ ba mʋ kpa tɩya ʋ.
59,who took the body and wrapped it in a clean linen cloth.,"Ɛɛ rɛ Gyosɛfʋ mʋ kpa Yesu a we ʋ liŋe,"
60,Then Joseph put the body in his own tomb that had been cut into solid rock and had never been used. He rolled a big stone against the entrance to the tomb and went away.,a kpa ʋ hogo ʋ tɩɩ bʋʋfalɩɩ kɩdɩgɩ ʋ fa aa lurigo bʋyɩ tɩyaŋ a biliŋsi bʋbal a ko tɔ bʋwa hʋ nyʋwa aŋ mʋ.
61,All this time Mary Magdalene and the other Mary were sitting across from the tomb.,Ka Mɛɛrɩ Magidalina abee Mɛɛrɩ kɩdɩgɩ hʋ tɩɩna fa hɔŋ doŋ a kyaasɩ bʋwa hʋ lee. Laalyuwolo hɔŋ pɔ bil hʋ
62,"On the next day, which was a Sabbath, the chief priests and the Pharisees went together to Pilate.","Ʋ sɩya aa gballa, Kyɛwiyesii hʋ kyɛɛ, Gyuuma wɩɩkyʋwal sɩlaala nɩhɩyasɩ abee Farasiima sii mʋ Pilato lee a basɩ tɩya ʋ a baa,"
63,"They said, “Sir, we remember what this liar said while he was still alive. He claimed in three days he would come back from death.","“Nɩhɩyawʋ, á liise wɩɩ rɛ. Saŋa hʋ tɩyaŋ wɩnyɩyɛl no gyɩ aa we ʋ mɩɩbol tɩyaŋ, ʋ gyɩ basa anɩɩ dɩ ʋ rɛ sʋba, ʋ sɩ mɩɩgɩ sii sʋʋ tɩyaŋ kyɛyɛ boto kyɛɛ."
64,"So please order the tomb to be carefully guarded for three days. If you don't, his disciples may come and steal his body. They will tell the people he has been raised to life, and this last lie will be worse than the first one.”","Ɛɛ wɩya leŋ dɩ nala mʋ hɔŋ pɔ ʋ bil hʋ weliŋ dɩ kyɛyɛ boto hʋ pele, dɩ ʋ hatɩnna hʋ ta wuwo mʋ gaa lɩɩ ʋ aŋ basɩ tɩya nala anɩɩ Wɩɩsɩ kyisi ʋ sʋʋ tɩyaŋ nɛ. Ɛɛ hʋ ʋ hatɩnna hʋ aa mʋrɩ nala hʋ, nyɛ kɛ rɛ ba yaŋ sɩ marɩ mʋrɩ nala te gɛɛ.”"
65,"Pilate said to them, “All right, take some of your soldiers and guard the tomb as well as you know how.”",Ɛɛ rɛ Pilato basɩ tɩya ba dɩ ba kaŋ laalyuwolo mʋ dɩ ba hɔŋ pɔ bil hʋ nyʋwa weliŋ anɩɩ ɛɛ ba tɩɩ aa gyɩma.
66,So they sealed it tight and placed soldiers there to guard it.,Ɛɛ rɛ ba mʋ magɩlɩ bʋyɩ hʋ aa tɔ bʋwa hʋ nyʋwa aŋ leŋ laalyuwolo sɩŋ pɔ doŋ buloŋ.
16,"Jesus' eleven disciples went to a mountain in Galilee, where Jesus had told them to meet him.","Ɛɛ rɛ Yesu hatɩnna fi abee kɩdɩgɩ hʋ sii mʋ Galili paalʋʋ a gyɩŋ dogimo hʋ nyuu, lee hʋ Yesu fa aa daga ba."
20,"and teach them to do everything I have told you. I will be with you always, even until the end of the world.",Ma daga ba dɩ ba kɩ tɩŋ wɩya hʋ buloŋ ŋ aa daga ma. Aŋka ma gyɩma anɩɩ ŋ kɔnɩ we ma lee rɛ saŋa buloŋ a kaŋ kɩ mʋ dʋnɩya tenii.”
10,"Then Jesus said, “Don't be afraid! Tell my followers to go to Galilee. They will see me there.” Report of the Guard","Ɛɛ rɛ Yesu basɩ tɩya ba a baa, “Ma ta leŋ dɩ kambɩŋ kaŋ ma. Ma mʋ basɩ tɩya ŋ hatɩnna hʋ dɩ ba mʋ Galili, ba sɩ na ŋ doŋ.” Laalyuwolo hʋ duwoso"
2,"Suddenly a strong earthquake struck, and the Lord's angel came down from heaven. He rolled away the stone and sat on it.","Ba aa mʋʋ pele doŋ, mʋhʋ sʋwaa dɩ lee pirigi gyigili. Doŋ nɛ malɩka lɩɩ wɩɩsɩnyuu ko tuu a biliŋsi bʋyɩ hʋ ta aŋ hɔŋ bʋyɩ hʋ nyuu tɩyaŋ."
3,"The angel looked as bright as lightning, and his clothes were white as snow.","Ʋ sɩya gyɩ kɩɩ gɛɛ rɛ anɩɩ duwoŋ aa lɩgɩsa, aŋka ʋ gannɩ mɛ pʋrɩsɩ gɛɛ kpil kpil."
4,"The guards shook from fear and fell down, as though they were dead.",Ɛɛ rɛ kambɩŋ kaŋ laalyuwolo hʋ gyɩ aa hɔŋ pɔ bʋwa hʋ. Ba kyele gɛɛ a mʋ kpaŋa anɩɩ ba aa sʋba.
5,"The angel said to the women, “Don't be afraid! I know you are looking for Jesus, who was nailed to a cross.","Ɛɛ rɛ malɩka hʋ basɩ tɩya haana hʋ a baa, “Ma ta leŋ dɩ kambɩŋ kaŋ ma. Ŋ gyɩma anɩɩ Yesu rɛ ma kɩ kyɛ, nal hʋ ba aa kaŋ kpaasɩ mal daagarɩɩ hʋ tɩyaŋ."
7,"Now hurry! Tell his disciples he has been raised to life and is on his way to Galilee. Go there, and you will see him. This is what I came to tell you.”",Aŋ mʋ lagɩ lagɩ a basɩ tɩya ʋ hatɩnna hʋ anɩɩ Wɩɩsɩ kyisi ʋ sʋʋ tɩyaŋ nɛ. Ʋ laa sɩya kɩ mʋ Galili rɛ. Doŋ nɛ ma sɩ na ʋ. Wɩɩ hʋ ŋ aa kana dɩ ŋ basɩ tɩya ma rɛ nyɛ.”
9,"Suddenly Jesus met them and greeted them. They went near him, held on to his feet, and worshiped him.","Doŋ nɛ Yesu pirigi kyeŋ ba a basɩ tɩya ba a baa, “Fɩyɛlʋʋ we ma lee.” Ba mʋ kaŋ ʋ naasɩ tɩyaŋ a kyʋwalɩ ʋ abee gyɩrɩma."
11,"While the women were on their way, some soldiers who had been guarding the tomb went into the city. They told the chief priests everything that had happened.","Haana hʋ aa mɩɩgɩ kɩ mʋ hʋ tɩyaŋ nɛ, laalyuwolo hʋ fa aa sɩŋ pɔ bʋwa hʋ, badɔmɔŋ mɩɩgɩ mʋ bee hʋ a basɩ wɩya hʋ buloŋ aa yaa a tɩya Gyuuma wɩɩkyʋwal sɩlaala nɩhɩyasɩ hʋ."
13,"They said to the soldiers, “Tell everyone that Jesus' disciples came during the night and stole his body while you were asleep.",“Ma basɩ tɩya nala anɩɩ ma pɩŋ doo rɛ tebine aŋka Yesu hatɩnna ko gaa lɩɩ ʋ.
15,The soldiers took the money and did what they were told. The people of Judea still tell each other this story. What Jesus' Followers Must Do (Mark,Nyɛ rɛ laalyuwolo hʋ laa molbii hʋ aŋ basɩ gɛɛ hʋ ba aa baa dɩ ba basɩ. Wɩɩ no ba aa basa rɛ Gyuuma kɛ ha kaŋ gɔllɩ kɩ basɩ lee buloŋ abee gyɩnaŋ. Sɩfɩyaŋ wɩɩ hʋ Yesu aa kpaa tɩya ʋ hatɩnna. Maakɩ
18,Jesus came to them and said: I have been given all authority in heaven and on earth!,"Doŋ nɛ Yesu ko kpaga ba a basɩ tɩya ba baa, “Wɩɩsɩ kpaa wɩɩsɩbee abee dʋnɩya no buloŋ dee tɩya ŋ nɛ."
19,"Go to the people of all nations and make them my disciples. Baptize them in the name of the Father, the Son, and the Holy Spirit,","Ɛɛwɩya ma mʋ dʋnɩya logiŋ kɛ buloŋ a leŋ dɩ nala buloŋ bɩrɩmɩ ŋ hatɩnna ka dɩ ma fo ba wɩɩkyʋwalnɩɩ, Kuwo abee Biye abee Wiyesi Welii hʋ feŋ tɩyaŋ."
17,"They saw him and worshiped him, but some of them doubted.","Ba aa na ʋ ba kyʋwalɩ ʋ abee gyɩrɩma, amɛ ba badɔmɔŋ kɛ ha fa aa yaa ʋ sige rɛ."
18,Right then the two brothers dropped their nets and went with him.,Ba sii kpa ba gyoŋ hʋ ta aŋ kpa tɩŋa ʋ hal.
19,"Jesus walked on and soon saw James and John, the sons of Zebedee. They were in a boat, mending their nets.","Ʋ bɩl kpa mʋ sɩya mʋhʋ dɩ baala balɩya mɛ rɛ gɛɛ. Ba fene rɛ yaa Gyemsi abee Gyɔɔŋ, a yaa Zebedi balɩya. Ʋ aa mʋʋ dɩ ba hɔŋ ba nɩɩduworiboro tɩyaŋ a kɩ tɔ ba gyoŋsi bolo."
28,News about Jesus quickly spread all over Galilee. Jesus Heals Many People (Matthew,A lɩɩ gɛɛ tɩyaŋ nɛ ʋ feŋ taalɩ Galili paalʋʋ buloŋ. Yesu tɩɩba nala yʋga Matiwu
2,"It began just as God had said in the book written by Isaiah the prophet, “I am sending my messenger to get the way ready for you.","Wɩɩsɩ tɩŋdaal Azaaya gyɩ saba nal hʋ aa sɩ laa Yesu Krisita sɩya ko wɩya rɛ, a baa dɩ Wɩɩsɩ baa, “Deŋ na, ŋ sɩ tɩŋ ŋ tɩŋdaal dɩ ʋ laa ɩ sɩya a mʋ a marɩ ŋmanɩɩ bin-ɩ.”"
6,John wore clothes made of camel's hair. He had a leather strap around his waist and ate grasshoppers and wild honey.,"Nyɔgɩmaa pʋna gannɩ rɛ Gyɔɔŋ fa kɩ laalɩ, aŋ aa kpa tɛpɩɩŋbii vʋwa ʋ tɩŋa. Nyɩŋgɩrɩgɩsɩ abee tʋʋ rɛ fa yaa ʋ kɩdiiliye."
7,"John also told the people, “Someone more powerful is going to come. And I am not good enough even to stoop down and untie his sandals.","Ʋ gyɩ basɩ Wɩɩsɩ wɩya kɩ tɩya nala rɛ a baa, “Nal kɩdɩgɩ sɩ tɩŋa ŋ hal ko. Ʋ rɛ sɩ te ŋ. Ŋ paalɩ bɩ maga dɩ ŋ kpaga ʋ a kaŋ ʋ naatɔbɔ ŋmasɩ mɛ puri."
21,Jesus and his disciples went to the town of Capernaum. Then on the next Sabbath he went into the synagogue and started teaching.,"Ɛɛ rɛ ba kpa kɩ mʋ, a ko pele Kapɛɛnam. Kyɛwiyesii hʋ kyɛɛ Yesu sii mʋ gyʋʋ Gyuuma wɩɩkyʋwaldɩya a kɩ daga nala."
9,"About that time Jesus came from Nazareth in Galilee, and John baptized him in the Jordan River.","Haŋ saŋa hʋ tɩyaŋ nɛ Yesu gyɩ sii lɩɩ Nazarɛti aa we Galili paalʋʋ tɩyaŋ, a ko lee hʋ Gyɔɔŋ fa aa wee, a ko tuu Gyɔɔdaŋ fuwo hʋ Gyɔɔŋ fo ʋ wɩɩkyʋwalnɩɩ."
10,"As soon as Jesus came out of the water, he saw the sky open and the Holy Spirit coming down to him like a dove.","Ʋ aa mɩɩgɩ lɩɩ nɩɩ hʋ tɩyaŋ ko dɩ ʋ lɩɩ, a wil dɩ ʋ deŋ, dɩ ʋ naa wɩɩsɩnyuu pirigi lɔgɔ suri. Doŋ tɩyaŋ nɛ Wɩɩsɩ Wiyesi Welii hʋ aa kɩɩ gɛɛ anɩɩ kokomo ko tuu saga ʋ tɩyaŋ."
40,"A man with leprosy came to Jesus and knelt down. He begged, “You have the power to make me well, if only you wanted to.”","Ɛɛ rɛ gbege kɩdɩgɩ mɛ sii ko Yesu lee a tuu gbinni a sʋla ʋ a baa, “Dɩ ɩ rɛ aa kyɛ, ɩ sɩ wuwo leŋ dɩ ŋ deye.”"
15,"He said, “The time has come! God's kingdom will soon be here. Turn back to God and believe the good news!” Jesus Chooses Four Fishermen (Matthew","a baa, “Saŋa hʋ pele rɛ. Wɩɩsɩ koro hʋ pele rɛ. Ma bɩrɩmɩ lɩɩ ma wɩbɔmɔ tɩyaŋ aŋ laa Wɩɩsɩ wɩweliye hʋ di.”"
20,At once Jesus asked them to come with him. They left their father in the boat with the hired workers and went with him. A Man with an Evil Spirit (Luke,"Ʋ aa ko na ba, ʋ yɩrɩ ba, ba leŋ ba kuwo hʋ abee nala hʋ buloŋ fa aa tʋma kɩ tɩya ba aŋ lɩɩ nɩɩduworiboro hʋ tɩyaŋ, a mʋ kɩ tɩŋa ʋ hal. Yesu kile gyɩŋbɔŋ baal kɩdɩgɩ tɩyaŋ Luka"
31,"Jesus went to her. He took hold of her hand and helped her up. The fever left her, and she served them a meal.","Ɛɛ rɛ ʋ ko gyʋʋ a kaŋ haaŋ hʋ noŋ tɩyaŋ a kaŋ tarɩ ʋ sii sɩŋ. Ʋ teŋnɩma hʋ pirigi nyʋgɩsɩ, ka ʋ sii yaa kɩdiiliye tɩya ba."
37,"And when they found him, they said, “Everyone is looking for you!”","Ba aa ko na ʋ, ba basɩ tɩya ʋ a baa, “Nala buloŋ nɛ ko kɩ kyɛ ɩ.”"
23,"Suddenly a man with an evil spirit in him entered the synagogue and yelled,","Ɛɛ rɛ dɩ baal kɩdɩgɩ gyɩŋbɔŋ aa kana rɛ gɛɛ, a ko gyʋʋ wɩɩkyʋwaldɩya hʋ a kɩ kyɩɩrɩ a baa,"
24,"“Jesus from Nazareth, what do you want with us? Have you come to destroy us? I know who you are! You are God's Holy One.”","“Yesu aa lɩɩ Nazarɛti, bee rɛ ɩ kɩ kyɛ ɩ yaa ma? Ɩ ko dɩ ɩ kpʋ ma rɛ? Ŋ gyɩma ɩ rɛ. Ɩ rɛ yaa Wɩɩsɩ Tɩpʋlʋŋ Tɩɩna hʋ.”"
25,"Jesus told the evil spirit, “Be quiet and come out of the man!”","Yesu aa nɩɩ wɩya no baal hʋ aa basa, ʋ nɔsɩ gyɩŋbɔŋ hʋ a baa, “Leŋ kyagɩŋsɩ aŋ ko lɩɩ baal hʋ tɩyaŋ.”"
26,The spirit shook him. Then it gave a loud shout and left.,Gyɩŋbɔŋ hʋ kaŋ baal hʋ kɩ kyele aŋ kyɩɩrɩ yʋga aŋ lɩɩ baal hʋ tɩyaŋ.
27,"Everyone was completely surprised and kept saying to each other, “What is this? It must be some new kind of powerful teaching! Even the evil spirits obey him.”","Nala hʋ buloŋ mɩɩgɩ hirigi a kɩ pɩyɛsɩ dɔmɔŋ a baa, “Bee wɩɩ rɛ nyɛ? Wɩfalɩɩ rɛ ʋ kɩ daga. Ʋ paalɩ kaŋ gyɩŋbɔmɔ dee rɛ, a basɩ wɩya tɩya ba, ba kɩ tɩŋa ʋ nyʋwa.”"
38,"Jesus replied, “We must go to the nearby towns, so that I can tell the good news to those people. This is why I have come.”","Ɛɛ rɛ Yesu basɩ tɩya ba a baa, “Ma leŋ dɩ á mʋ tɔnɩ hʋ mɛ aa kpaga daha, dɩ ŋ basɩ Wɩɩsɩ wɩya doŋma mɛ, beewɩya ɛɛ wɩya rɛ ŋ ko.”"
41,"Jesus felt sorry for the man. So he put his hand on him and said, “I want to! Now you are well.”","Ʋ aa basɩ gɛɛ, sikii kaŋ Yesu. Ʋ lɩɩ ʋ noŋ a dige ʋ aŋ baa, “Ŋ aa kyɛ rɛ, deye!”"
29,"As soon as Jesus left the synagogue with James and John, they went home with Simon and Andrew.","Ɛɛ rɛ Yesu sii lɩɩ wɩɩkyʋwaldɩya hʋ tɩyaŋ haŋ lagɩ lagɩ hʋ, ʋ bee Gyemsi abee Gyɔɔŋ, a kpa mʋ Siimɔŋ abee Aŋduru dɩya."
30,"When they got there, Jesus was told that Simon's mother-in-law was sick in bed with fever.","Ba aa mʋwa dɩ Siimɔŋ hɩɩlhaaŋ pɩna kɩ wɩɩlɩ, ʋ teŋ buloŋ nɩma. Yesu aa mʋʋ ko, ba basɩ tɩya ʋ."
32,"That evening after sunset, all who were sick or had demons in them were brought to Jesus.","Ʋ sɩdʋsɩya saŋa, ba kaŋ nala hʋ buloŋ aa wɩɩlɩ abee gyɩŋsɩ aa kaŋ nala hʋ buloŋ a ko Yesu lee."
33,"In fact, the whole town gathered around the door of the house.",Bee hʋ tɩmma buloŋ giri a ko laŋŋɩ Siimɔŋ dɩya dimbee nyʋwa tɩyaŋ.
34,"Jesus healed all kinds of terrible diseases and forced out a lot of demons. But the demons knew who he was, and he did not let them speak.","Yesu gyɩ tɩɩbɩ nala hʋ yʋga aa wɩɩlɩ, a kile gyɩŋbɔmɔ mɛ yʋga ta nala tɩyaŋ. Gyɩŋsɩ hʋ gyɩ gyɩŋ nal hʋ Yesu aa yaa rɛ. Ɛɛ rɛ tɩŋ ʋ gyɩ bɩ leŋ ba basɩ wɩɩ buloŋ. Yesu basɩ Wɩɩsɩ wɩya Galili paalʋʋ tɩyaŋ Luka"
35,"Very early the next morning before daylight, Jesus got up and went to a place where he could be alone and pray.","Ʋ sɩgballɩnyʋwa, Yesu sii lɩɩ dɩya hʋ tɩyaŋ a mʋ lee hʋ nala aa tuwo dɩ ʋ kyʋwalɩ Wɩɩsɩ."
36,Simon and the others started looking for him.,Ɛɛ rɛ ka Siimɔŋ bee ʋ kyaŋsɩ hʋ mɛ sii ko a kɩ kyɛ ʋ.
39,"Then Jesus went to their synagogues everywhere in Galilee, where he preached and forced out demons. Jesus Heals a Man (Matthew","Ʋ yaŋ sii a mʋ gbɛ Galili paalʋʋ buloŋ, a gyʋʋ Gyuuma wɩɩkyʋwaldɩɩsɩ a kɩ basɩ Wɩɩsɩ wɩya aŋ pɛ kile gyɩŋsɩ mɛ nala tɩyaŋ a ta. Yesu tɩɩbɩ gbege Matiwu"
42,"At once the man's leprosy disappeared, and he was well.","Ɛɛ rɛ gbegisi hʋ pirigi leŋ baal hʋ, ʋ deye."
43,"After Jesus strictly warned the man, he sent him on his way.","Ɛɛ rɛ Yesu basɩ tɩya ʋ abee sɩfɩyaŋ a baa,"
44,"He said, “Don't tell anyone about this. Just go and show the priest that you are well. Then take a gift to the temple as Moses commanded, and everyone will know that you have been healed.”","“Kɩ mʋ aŋ ta basɩ wɩɩ no tɩya nal buloŋ. Amɛ kaŋ ɩ tɩɩ mʋ daga wɩɩkywal sɩlaala nɩhɩyawʋ hʋ, dɩ ʋ lɩɩ wɩɩsʋlɩɩ tɩya Wɩɩsɩ, a pɩɩsɩ ɩ bisiŋ ta anɩɩ Moosi fa aa daga ma gɛɛ. Dɩ ɩ rɛ yaa gɛɛ, nal buloŋ sɩ na anɩɩ ɩ bɩl bɩ kaŋ bisiŋ.”"
45,"The man talked about it so much and told so many people, that Jesus could no longer go openly into a town. He had to stay away from the towns, but people still came to him from everywhere.","Aŋka baal hʋ vɩya aŋ kaŋ wɩɩ hʋ lɩɩ basɩ a taalɩ lee buloŋ. Ɛɛ rɛ tɩŋ Yesu bɩl bɩ wuwo dɩ ʋ gyʋʋ tɔɔ buloŋ tɩyaŋ. Amɛ ʋ aa hɔŋ beye samanɩ tɩyaŋ nɛ, ka nala lɩɩ lee kɛ buloŋ a kɩ ko ʋ lee."
2,Then so many of them came to the house that there wasn't even standing room left in front of the door. Jesus was still teaching,"Ɛɛ rɛ nala yʋga giri ko su lee hʋ buloŋ, a tɔ dimbeenyʋwa hʋ, ka ʋ basɩ Wɩɩsɩ wɩya kɩ tɩya ba."
3,"when four people came up, carrying a man on a mat because he could not walk.",Ɛɛ rɛ dɩ nala badɔmɔŋ mɛ rɛ gɛɛ. Ba banaa kpa gbarɩgɩ kɩdɩgɩ aa pɩŋ ʋ wasa tɩyaŋ a kaŋ ko.
4,"But because of the crowd, they could not get him to Jesus. So they made a hole in the roof above him and let the man down in front of everyone.","Nala aa tɔɔ lee hʋ buloŋ gɛɛ, ba bɩ gyɩŋ lee hʋ ba aa sɩ tɩŋa a gyʋʋ. Ɛɛ rɛ ba gyɩŋ dɩya hʋ nyuu, a luri lee, a kpa gbarɩgɩ hʋ abee ʋ wasa buloŋ a tɩŋ doŋ ta, ʋ tuu pɩŋ Yesu sɩya tɩyaŋ."
7,“Why would he say such a thing? He must think he is God! Only God can forgive sins.”,"“Bee rɛ tɩŋ baal no kɩ basɩ gɛɛ? Bee rɛ tɩŋ ʋ kɩ tʋʋsɩ Wɩɩsɩ nyɛ? Aŋnɛ rɛ sɩ wuwo kpa nal wɩbɔmɔ kyɛ ʋ, dɩ Wɩɩsɩ dʋŋ daa?”"
10,"I will show you that the Son of Man has the right to forgive sins here on earth.” So Jesus said to the man,","Ŋ sɩ daga ma anɩɩ mɩyaŋ, Nihuwobiŋ biye, kaŋ dee rɛ dʋnɩya tɩyaŋ dɩ ŋ kpa nala wɩbɔmɔ kyɛ ba.”"
11,“Get up! Pick up your mat and go on home.”,"Ɛɛ rɛ ʋ basɩ tɩya gbarɩgɩ hʋ a baa, “Sii kpa ɩ wasa a kɩ mʋ dɩya.”"
13,"Once again, Jesus went to the shore of Lake Galilee. A large crowd gathered around him, and he taught them.","Ɛɛ rɛ Yesu sii doŋ a mɩɩgɩ tuu fuwo hʋ nyʋwa. Nɩgyamaa ko gol-ʋ, ʋ kɩ daga ba."
27,"Jesus finished by saying, “People were not made for the good of the Sabbath. The Sabbath was made for the good of people.","Ɛɛ rɛ Yesu bɩl basɩ tɩya ba a baa, “Wɩɩsɩ lɩɩ Kyɛwiyesii hʋ kyɛɛ nihuwobisi wɩya rɛ, amɛ Kyɛwiyesii hʋ kyɛɛ wɩya daa ʋ marɩ nihuwobiŋ."
15,"Later, Jesus and his disciples were having dinner at Levi's house. Many tax collectors and other sinners had become followers of Jesus, and they were also guests at the dinner.","Nyɛ rɛ Yesu mʋ gyʋʋ Levi dɩya, ʋ bee ʋ hatɩnna buloŋ, a hɔŋ kɩ di kɩna. Lampolaala badɔmɔŋ abee wɩbɔŋyaala mɛ ko, ba buloŋ laŋŋɩ kɩ di kɩna hʋ. Lampolaala abee wɩbɔŋyaala fa yʋga rɛ weliŋ a kɩ tɩŋa Yesu hal."
16,"Some of the teachers of the Law of Moses were Pharisees, and they saw Jesus eating with sinners and tax collectors. So they asked his disciples, “Why does he eat with tax collectors and sinners?”","Wɩɩsɩ Teŋ dɩdagɩla badɔmɔŋ fa we doŋ a yaa Farasiima. Ɛɛ rɛ ba naa ba, a ko pɩyɛsɩ Yesu hatɩnna hʋ a baa, “Bee rɛ tɩŋ Yesu bee wɩbɔŋyaala abee lampolaala buloŋ laŋŋɩ hɔŋ kɩ di kɩna?”"
18,"The followers of John the Baptist and the Pharisees often went without eating. Some people came and asked Jesus, “Why do the followers of John and those of the Pharisees often go without eating, while your disciples never do?”","Saŋa kɩdɩgɩ, Gyɔɔŋ Wɩɩsɩnɩɩfool hʋ hatɩnna abee Farasiima gyɩ aa vʋwa nyʋwa rɛ. Ɛɛ rɛ nala badɔmɔŋ sii ko pɩyɛsɩ Yesu a baa, “Bee rɛ tɩŋ Gyɔɔŋ hatɩnna abee Farasiima kɩ vʋwa nyʋwa, aŋka ɩ hatɩnna kɛ bee vʋwa nyʋwa?”"
20,But the time will come when he will be taken from them. Then they will go without eating.,Amɛ saŋa kɩdɩgɩ rɛ sɩ ko pele dɩ ba kaŋ baal hʋ mʋ lee kɩdɩgɩ. Ɛɛ tɩyaŋ nɛ ʋ kyaŋsɩ hʋ yaŋ sɩ vʋwa nyʋwa.”
21,No one patches old clothes by sewing on a piece of new cloth. The new piece would shrink and tear a bigger hole.,"Ɛɛ rɛ ʋ bɩl basɩ tɩya ba a baa, “Nal buloŋ bɩ sɩ kpa taŋfalɩɩ a ala tɔ gabɩnɩɩ bol? Dɩ ɩ rɛ yaa gɛɛ, taŋfalɩɩ hʋ sɩ kʋʋrɩ, dɩ gabɩnɩɩ hʋ marɩ kɩyasɩ pɛ."
22,"No one pours new wine into old wineskins. The wine would swell and burst the old skins. Then the wine would be lost, and the skins would be ruined. New wine must be put into new wineskins. A Question about the Sabbath (Matthew","Dɩ ɩ rɛ kaŋ pulbɩnɩɩ, ɩ sɩ yaa sɩhuwo a we dɩ ʋ wii? Aayɩ, dɩ ɩ rɛ yaa gɛɛ, pulbɩnɩɩ hʋ sɩ pɔsɔ dɩ sɩŋ hʋ buloŋ ta. Ba aa kpa sɩhuwo we pulfalɩɩ tɩyaŋ nɛ.” Ba basɩ Kyɛwiyesii hʋ Kyɛɛ wɩya Matiwu"
23,One Sabbath Jesus and his disciples were walking through some wheat fields. His disciples were picking grains of wheat as they went along.,"Kyɛwiyesii hʋ kyɛɛ kɩdɩgɩ, Yesu bee ʋ hatɩnna hʋ sii a mʋ tɩŋ nyoŋso baga kɩdɩgɩ tɩyaŋ a kɩ mʋ. Ʋ hatɩnna hʋ bori nyoŋso hʋ a piisi kɩ kyaŋ."
24,"Some Pharisees asked Jesus, “Why are your disciples picking grain on the Sabbath? They are not supposed to do that!”","Ɛɛ rɛ Farasiima badɔmɔŋ pɩyɛsɩ Yesu a baa, “Ɩ bɩ naa? Kyɛwiyesii hʋ kyɛɛ sɩna daa ɩ hatɩnna hʋ kɩ kyogi gɛɛ?”"
25,"Jesus answered, “Haven't you read what David did when he and his followers were hungry and in need?","Ɛɛ rɛ Yesu mɩɩgɩ pɩyɛsɩ ba a baa, “Ma ha bɩ maakyiye karɩmɩ wɩɩ hʋ Deviti gyɩ aa yaa? Losi gyɩ kaŋ ʋ bee ʋ hatɩnna rɛ,"
28,So the Son of Man is Lord over the Sabbath.”,"Mɩyaŋ, Nihuwobiŋ biye rɛ yaa Kyɛwiyesii hʋ kyɛɛ tɩɩna.”"
9,He even had to tell his disciples to get a boat ready to keep him from being crushed by the crowds.,"Gyamaa hʋ gyɩ aa ko yʋga gɛɛ, ʋ basɩ tɩya ʋ hatɩnna hʋ dɩ ba mʋ kpa nɩɩduworiboro ko sɩgɩ nɩɩ hʋ nyʋwa dɩ ʋ gyʋʋ, dɩ nala hʋ ta ko yige ʋ lo."
3,Jesus told the man to stand up where everyone could see him.,Ɛɛ rɛ Yesu basɩ tɩya nosʋʋ hʋ tɩɩna dɩ ʋ sii ko lɩɩ sɩŋ ba sɩya tɩyaŋ. Ʋ sii lɩɩ.
5,"Jesus was angry as he looked around at the people. Yet he felt sorry for them because they were so stubborn. Then he told the man, “Stretch out your hand.” He did, and his bad hand was healed.","Ɛɛ rɛ Yesu na baaŋ ba nyuu tɩyaŋ. Ʋ tɩya buloŋ gyɩ kyogo rɛ akuu ba dɩgɩna aa bee nɩɩ wɩya nyuniŋ. Ɛɛ rɛ ʋ basɩ tɩya nosʋʋ hʋ tɩɩna a baa, “Kaŋ ɩ noŋ tannɩ.” Ʋ kaŋ tannɩ, ʋ bɩrɩmɩ noduwo."
7,"Jesus led his disciples down to the shore of the lake. Large crowds followed him from Galilee, Judea,",Ɛɛ rɛ Yesu bee ʋ hatɩnna hʋ gyɩ sii tuu fuwobal hʋ nyʋwa. Nɩgyamaa aa lɩɩ Galili paalʋʋ sii giri tɩŋ ba hal.
16,"Simon was one of the twelve, and Jesus named him Peter.","Nala hʋ fi abee balɩya ʋ gyɩ aa lɩya, ba fene rɛ nyɛ: Siimɔŋ, Yesu fa kana ʋ kɩ yɩrɩ Piita."
13,"Jesus decided to ask some of his disciples to go up on a mountain with him, and they went.","Ɛɛ rɛ Yesu sii lɩɩ doŋ, a mʋ gyɩŋ dogimo kɩdɩgɩ, a yɩrɩ nala hʋ buloŋ ʋ aa kyɛ, ba mʋ laŋŋɩ ʋ lee."
17,"There were also James and John, the two sons of Zebedee. Jesus called them Boanerges, which means “Thunderbolts.”","Zebedi biisi hʋ balɩya, Gyemsi abee ʋ naabiibaal Gyɔɔŋ. Yesu fa kaŋ ba mɛ kɩ yɩrɩ Buwanagyisi. Feŋ no yaa namaga feŋ nɛ. Ʋ memii rɛ yaa gaduwo-kyagɩŋsɩyaala anɩɩ duwoŋ nɔsɩɩ."
18,"Andrew, Philip, Bartholomew, Matthew, Thomas, James son of Alphaeus, and Thaddaeus were also apostles. The others were Simon, known as the Eager One,","Ba nɩkaalɩya hʋ mɛ rɛ nyɛ: Aŋduru abee Fɩlɩpɩ abee Batolomi abee Matiwu abee Tɔmaasɩ abee Gyemsi, Alfiyasɩ biibaal hʋ, abee Tadiyo abee Siimɔŋ, nal hʋ aa kyɩl ʋ nala wɩya kɩŋkaŋ,"
22,"Some teachers of the Law of Moses came from Jerusalem and said, “This man is under the power of Beelzebul, the ruler of demons! He is even forcing out demons with the help of Beelzebul.”","Wɩɩsɩ Teŋ dɩdagɩla badɔmɔŋ mɛ gyɩ we doŋ. Ba gyɩ lɩɩ Gyerusalɛm nɛ a ko, a mɛ baa dɩ gyɩŋbɔmɔ buloŋ kuwori ba aa yɩrɩ “Bɛlizebul” lɛ kana ʋ. Dɩ ʋ rɛ tɩya ʋ dee hʋ ʋ kɩ kile gyɩŋsɩ nala tɩyaŋ gɛɛ."
32,"The crowd sitting around Jesus told him, “Your mother and your brothers and sisters are outside and want to see you.”","dɩ nɩgyamaa hɔŋ gol-ʋ. Ɛɛ rɛ ba laa basɩ tɩya ʋ a baa, “Ɩ naa abee ɩ naabalɩya rɛ sɩŋ gyaŋhal tɩyaŋ a kɩ kyɛ ɩ.”"
23,Jesus told the people to gather around him. Then he spoke to them in riddles and said: How can Satan force himself out?,"Ɛɛ rɛ Yesu yɩrɩ ba, a maga namaga no tɩya ba a baa, “Ɛɛ rɛ Sɩtaanɩ sɩ yaa a kile ʋ tɩɩtɩɩ noŋ nala?"
20,"Jesus went back home, and once again such a large crowd gathered that there was no chance even to eat.","Yesu aa ko lɩɩ nala no mʋ teŋ, ʋ mɩɩgɩ mʋ dɩya. Ɛɛ rɛ nala bɩl ko gol ʋ bee ʋ hatɩnna hʋ, ba paalɩ bɩ naa sɩnɩɩ dɩ ba di kɩdiiliye mɛ gba."
24,A nation whose people fight each other won't last very long.,"Dɩ bee nala rɛ we doŋ aŋ bɩ kaŋ nyʋʋdɩgɩ, ba bee hʋ sɩ sɩŋ?"
26,"So if Satan fights against himself, that will be the end of him.","Dɩ Sɩtaanɩ bee ʋ noŋ nala mɛ yaŋ ko bɩ kaŋ nyʋʋdɩgɩ, ba bee mɛ bɩ sɩ sɩŋ. Ʋ sɩ tele teŋ."
27,"How can anyone break into the house of a strong man and steal his things, unless he first ties up the strong man? Then he can take everything.","Nal tuwo ʋ aa sɩ wuwo gyʋʋ gaduwogi dɩya a gaa ʋ kɩna, see ʋ aa laa sɩya kaŋ gaduwogi hʋ vʋwa biŋ, aŋ na wuwo gyʋʋ paa ʋ kɩna.”"
28,"I promise you that any of the sinful things you say or do can be forgiven, no matter how terrible those things are.","Ɛɛ rɛ Yesu bɩl basɩ tɩya nala hʋ a baa, “Wɩtɩɩ rɛ ŋ basɩ kɩ tɩya ma, dɩ nal lɛ yaa wɩbɔmɔ mɔɔgɛɛ buloŋ, aŋ pɛ tʋʋsɩ Wɩɩsɩ mɛ gba, ka Wɩɩsɩ ha sɩ wuwo kpa ba buloŋ kyɛ ʋ."
29,"But if you speak against the Holy Spirit, you can never be forgiven. That sin will be held against you forever.","Amɛ dɩ nal lɛ tʋʋsɩ Wɩɩsɩ Wiyesi Welii hʋ, Wɩɩsɩ bɩ sɩ maakyiye kpa kyɛ ʋ buloŋ. Sʋʋkpʋŋ wɩbɔŋ aa bɩ kaŋ marɩ layɩ rɛ ʋ tɩɩna yaa gɛɛ.”"
30,Jesus said this because the people were saying that he had an evil spirit in him. Jesus' Mother and Brothers (Matthew,"Nala hʋ badɔmɔŋ aa basɩ baa dɩ gyɩŋbɔŋ nɛ kaŋ ʋ hʋ, ɛɛ rɛ tɩŋ ʋ basɩ nyɛ. Yesu nɩɩna abee ʋ naabalɩya ko ʋ lee Matiwu"
31,Jesus' mother and brothers came and stood outside. Then they sent someone with a message for him to come out to them.,Mʋhʋ ko pɛ dɩ Yesu nɩɩna abee ʋ naabalɩya ko a sɩŋ gyaŋhal tɩyaŋ aŋ tɩŋ nal dɩ ʋ gyʋʋ yɩrɩ ʋ. Tɩŋdaal hʋ aa gyʋʋ
33,"Jesus asked, “Who is my mother and who are my brothers?”","Ɛɛ rɛ Yesu mɩɩgɩ pɩyɛsɩ ba a baa, “Aŋnɛ rɛ yaa ŋ naa abee ŋ naabalɩya?”"
34,"Then he looked at the people sitting around him and said, “Here are my mother and my brothers.","Aŋ mɩɩgɩ deŋ nala hʋ aa hɔŋ gol-ʋ, aŋ basɩ tɩya ba a baa, “Ma na, ŋ naa abee ŋ naabalɩya rɛ nyɛ."
35,Anyone who obeys God is my brother or sister or mother.”,"Nal hʋ buloŋ aa yaa wɩya hʋ Wɩɩsɩ aa kyo, ʋ rɛ yaa ŋ naabiibaal, abee ŋ naatoluu, abee ŋ naa.”"
1,"The next time Jesus taught beside Lake Galilee, a big crowd gathered. It was so large that he had to sit in a boat out on the lake, while the people stood on the shore.","Ɛɛ rɛ Yesu bɩl mɩɩgɩ mʋ hɔŋ Galili fuwobal hʋ nyʋwa a kɩ daga nala. Nɩgyamaa sii giri ko kyige ʋ. Ʋ aa ko na gyamaa hʋ yʋga gɛɛ, ʋ sii mʋ gyʋʋ nɩɩduworiboro, a hɔŋ nɩɩ hʋ tɩyaŋ, ka nala hʋ sɩŋ fuwo hʋ nyʋwa."
4,"While the farmer was scattering the seed, some of it fell along the road and was eaten by birds.","Ʋ aa gyaasɩ kɩna hʋ tɩyaŋ nɛ, biye hʋ badɔmɔŋ tele nɩɩbʋʋsɩ hʋ tɩyaŋ. Digibiisi ko tuu tʋwasɩ di."
2,"He used stories to teach them many things, and this is part of what he taught:","Doŋ tɩyaŋ nɛ ʋ kpa namagɩsɩ a daga ba wɩya yʋga. Ʋ basɩ tɩya ba a baa,"
3,Now listen! A farmer went out to scatter seed in a field.,“Ma gyegili nɩɩ daha! Baal kɩdɩgɩ rɛ gyɩ sii a kaŋ ʋ kɩdoho mʋ dɩ ʋ gyaasɩ.
5,"Other seeds fell on thin, rocky ground and quickly started growing because the soil wasn't very deep.","Badɔmɔŋ mɛ tele bʋnyɩŋ tɩyaŋ. Bʋnyɩŋ hʋ fa bɩ kaŋ taŋha yʋga. Ɛɛ wɩya, kɩna hʋ teŋ pesi nyʋ. Amɛ ba naaliliye bɩ wuwo gyʋʋ taŋha."
6,"But when the sun came up, the plants were scorched and dried up, because they did not have deep roots.","Ɛɛ rɛ wɩɩsɩ nʋŋ kpʋ ba, beewɩya ba naaliliye bɩ gyʋʋ taŋha."
7,Some other seeds fell where thornbushes grew up and choked out the plants. So they did not produce any grain.,"Biye hʋ badɔmɔŋ mɛ tele sɔsɩ tɩyaŋ a nyʋ. Amɛ sɔsɩ hʋ sii gɩrɩgɩ ba, ba nʋŋ pʋgɩmɩ kɩna hʋ, ba bɩ wuwo we biye."
30,"Finally, Jesus said: What is God's kingdom like? What story can I use to explain it?","Ɛɛ rɛ Yesu bɩl pɩyɛsɩ ba a baa, “Bekiŋ nɛ á sɩ kpa Wɩɩsɩ koro hʋ magɩsɩ? Namaga bee rɛ á sɩ kpa daga ʋ memii?"
10,"When Jesus was alone with the twelve apostles and some others, they asked him about these stories.","Saŋa hʋ gyamaa hʋ buloŋ aa mʋwa, aŋka Yesu bee ʋ kpambɩsɩ fi abee balɩya hʋ, abee ʋ hatɩnna badɔmɔŋ dʋŋ, ba pɩyɛsɩ ʋ namagɩsɩ hʋ memii."
12,"The reason is, “These people will look and look, but never see. They will listen and listen, but never understand. If they did, they would turn to God and be forgiven.” Jesus Explains the Story about the Farmer (Matthew","dɩ gɛɛ leŋ, ‘ba aa gyegili, gyegili aŋ bɩ wuwo kɩ gyɩŋ ba memii, a bɩl deŋ deŋ mɛ aŋ bɩ wuwo kɩ na kɩŋ buloŋ. Dɩ ba aa rɛ fa gyɩŋ ba memii, ba fa sɩ bɩrɩmɩ tɩŋ Wɩɩsɩ, dɩ ʋ kpa ba wɩbɔmɔ kyɛ ba.”’ Yesu daga kɩdohil namaga hʋ memii Matiwu"
15,The seeds that fell along the road are the people who hear the message. But Satan soon comes and snatches it away from them.,"Nala badɔmɔŋ kɩɩ gɛɛ rɛ anɩɩ kɩdoho hʋ aa tele nɩɩbʋʋsɩ hʋ tɩyaŋ. Nala no aa nɩɩ Wɩɩsɩ wɩweliye hʋ rɛ, ka haŋ lagɩlagɩbiye hʋ, Sɩtaanɩ teŋ ko kaŋ wɩɩ hʋ a lɩɩ ba tɩsɩ tɩyaŋ."
14,What the farmer is spreading is really the message about the kingdom.,Wɩɩsɩ wɩweliye hʋ rɛ kɩdohil hʋ kaŋ lɩɩ dɩ ʋ basɩ tɩya nala.
21,Jesus also said: You don't light a lamp and put it under a clay pot or under a bed. Don't you put a lamp on a lampstand?,"Ɛɛ rɛ Yesu bɩl pɩyɛsɩ ba a baa, “Dɩ ɩ rɛ aa kyɛ pʋlʋŋ a kyol fɩŋtɩna ko gyʋʋ dɩya, ɩ sɩ kpa gbaha a kyige tɔ? Koo, ɩ sɩ kpa sɩgɩ ɩ godo memii? Koo, ɩ aa kpa ɩ saga kɩŋ nyuu tɩyaŋ nɛ dɩ ʋ kyaanɩ?"
26,Again Jesus said: God's kingdom is like what happens when a farmer scatters seed in a field.,"Yesu bɩl basɩ tɩya ba a baa, “Wɩɩsɩ koro hʋ kɩɩ gɛɛ rɛ anɩɩ nal aa siye a mʋ gyaasɩ kɩdoho ʋ baga tɩyaŋ."
28,It is the ground that makes the seeds sprout and grow into plants that produce grain.,"Ba nyʋwa rɛ ba tɩɩ, a waa, a we biye, a hɩla ba tɩɩ."
29,"Then when harvest season comes and the grain is ripe, the farmer cuts it with a sickle. A Mustard Seed (Matthew","Ba aa ko hɩla ko teŋ, ʋ leŋ ba mʋ kʋma.” Yesu maga kɩdoho kɩdɩgɩ ba a yɩrɩ Masɩtadɩ namaga Matiwu"
31,It is like what happens when a mustard seed is planted in the ground. It is the smallest seed in all the world.,Ʋ kɩɩ gɛɛ rɛ anɩɩ kɩdoho bii kɩdɩgɩ ba aa yɩrɩ masɩtadɩ. Masɩtadɩ bii rɛ muro te tɩya buloŋ bii.
32,"But once it is planted, it grows larger than any garden plant. It even puts out branches that are big enough for birds to nest in its shade. The Reason for Teaching with Stories (Matthew",Amɛ dɩ ʋ ko nyʋ ʋ aa waa tɩɩbal lɛ a te kɩdohii kɛ buloŋ. Ʋ aa lɩɩ naasɩ yʋga rɛ digibiisi aa ko saga ʋ tɩyaŋ a sʋwa ba gyannɩ doŋ.”
34,"He did not tell them anything without using stories. But when he was alone with his disciples, he explained everything to them. A Storm (Matthew","Ʋ aa bɩ laa nyʋwa basɩ wɩɩ buloŋ polli, see dɩ ʋ kaŋ maga namaga. Amɛ dɩ ʋ bee ʋ hatɩnna hʋ dʋŋ nɛ ko hɔŋ, ʋ aa daga namagɩsɩ hʋ memiye rɛ a tɩya ba. Yesu leŋ nɩɩ tɩyaŋ puwoduwo sige Matiwu"
35,"That evening, Jesus said to his disciples, “Let's cross to the east side.”","Haŋ kyɛɛ hʋ tɩɩtɩɩ dɩdaana, ʋ basɩ tɩya ʋ hatɩnna hʋ a baa, “Ma leŋ dɩ a kyol fuwo hʋ kyolo.”"
33,"Jesus used many other stories when he spoke to the people, and he taught them as much as they could understand.",Yesu maga namagɩsɩ no iriŋ nɛ yʋga a kɩ daga nala Wɩɩsɩ wɩya. Ʋ aa kɩ daga ba a maga gɛɛ hʋ ba aa sɩ wuwo kpa a we ba nyuni tɩyaŋ nɛ.
36,"So they left the crowd, and his disciples started across the lake with him in the boat. Some other boats followed along.","Ba ta haŋ nɩgyamaa hʋ buloŋ ba mʋ, aŋ ko gyʋʋ nɩɩduworiboro hʋ tɩyaŋ ʋ fa aa hɔnɔ hʋ a kpa kɩ mʋ. Nɩɩduworiborisi badɔmɔŋ mɛ fa we doŋ nɛ a kɩ mʋ."
37,"Suddenly a storm struck the lake. Waves started splashing into the boat, and it was about to sink.","Ɛɛ rɛ dɩ dopuwo kɩdɩgɩ piili kɩ yaa, a ko ŋmaa nɩɩ kɩ we nɩɩduworiboro hʋ tɩyaŋ, ʋ kɩ kyɛ dɩ ʋ su."
38,"Jesus was in the back of the boat with his head on a pillow, and he was asleep. His disciples woke him and said, “Teacher, don't you care that we're about to drown?”","Amɛ Yesu fa pɩŋ doo rɛ nɩɩduworiboro hʋ hal tɩyaŋ, a yelli nyuyellii. Ʋ hatɩnna hʋ ko kyisi ʋ a basɩ tɩya ʋ a baa, “Á Tɩɩna, ɩ sɩya tuwo koo? Ɩ bɩ gyɩma dɩ á aa kyɛ á sʋba rɛ?”"
39,"Jesus got up and ordered the wind and the waves to be quiet. The wind stopped, and everything was calm.","Ɛɛ rɛ ʋ sii doo hʋ tɩyaŋ a nɔsɩ puwo hʋ dɩ ʋ ta kɩ yaa, aŋ basɩ tɩya fuwo hʋ mɛ dɩ ʋ fɩyɛlɩ pɩŋ. Puwo hʋ sige, ka lee hʋ buloŋ yaa siyee."
40,"Jesus asked his disciples, “Why were you afraid? Don't you have any faith?”","Ɛɛ rɛ Yesu pɩyɛsɩ ʋ hatɩnna hʋ a baa, “Bee rɛ tɩŋ kambɩŋ kaŋ ma? Ma ha bɩ laa ŋ di?”"
41,"Now they were more afraid than ever and said to each other, “Who is this? Even the wind and the waves obey him!”","Ɛɛ rɛ kambɩŋ marɩ kaŋ ba weliŋ, ba kɩ pɩyɛsɩ dɔmɔŋ a baa, “Nɩgɛɛ doho paalɩ yaa baal no? Puwoni abee fuwoni buloŋ kɩ tɩŋa ʋ nyʋwa.”"
28,"She had said to herself, “If I can just touch his clothes, I will be healed.”","“Dɩ ŋ yaŋ wuwo dige ʋ gal mɛ, ŋ sɩ deye.” Ɛɛ rɛ ʋ pɩyɛgɩ nala hʋ a mʋ sɩŋ Yesu hal a kaŋ noŋ a dige ʋ gal."
34,"Jesus said to the woman, “You are now well because of your faith. May God give you peace! You are healed, and you will no longer be in pain.”","Ɛɛ rɛ Yesu mɩɩgɩ basɩ tɩya ʋ a baa, “Ŋ toluu, ɩ laadii rɛ leŋ ɩ deye. Kɩ mʋ abee laaŋfɩya. Wɩɩl hʋ bɩl bɩ sɩ kana ɩ.”"
26,"She had gone to many doctors, and they had not done anything except cause her a lot of pain. She had paid them all the money she had. But instead of getting better, she only got worse.","Ʋ gyɩ gɔllɩ yaa luliye kɩŋkaŋ, a na tʋwara weliŋ, a paalɩ kyogi ʋ molbiye buloŋ ta waasʋ, ka wɩɩl hʋ gba marɩ gyʋʋ ʋ tɩyaŋ."
39,"Then Jesus went inside and said to them, “Why are you crying and carrying on like this? The child isn't dead. She is just asleep.”","Ʋ mʋ gyʋʋ a pɩyɛsɩ ba a baa, “Bee rɛ tɩŋ ma kɩ yaa kyagɩŋsɩ no buloŋ? Biye hʋ bɩ sʋba. Ʋ ta kɩ pɩŋ doo rɛ.”"
1,Jesus and his disciples crossed Lake Galilee and came to shore near the town of Gerasa.,Ɛɛ rɛ Yesu bee ʋ hatɩnna hʋ sii kyol Galili fuwobal hʋ kyolo a mʋ pele Gɛrasa tɩmma paalʋʋ a lɩɩ nɩɩduworiboro hʋ tɩyaŋ.
3,"from the graveyard where he had been living. No one was able to tie the man up anymore, not even with a chain.",Ʋ gyɩ lɩɩ bilni tɩyaŋ nɛ a kɩ ko dɩ ʋ kyem-ʋ. Bilni hʋ nyuni tɩyaŋ nɛ ʋ gyɩ aa gɔllɩ we.
4,"He had often been put in chains and leg irons, but he broke the chains and smashed the leg irons. No one could control him.","Ba gyɩ aa kaŋ kyɔrʋmɔ vʋwa ʋ rɛ, a mʋ lɔlɔ, beewɩya ba aa ko vʋwa ʋ buloŋ, ʋ aa kaŋ tɔrɩ rɛ. Ba aa kana ʋ we kpɩyasɩ mɛ, ʋ ŋmaa kpɩyasɩ hʋ bori. Nal buloŋ tuwo aa sɩ wuwo kana ʋ."
5,"Night and day he was in the graveyard or on the hills, yelling and cutting himself with stones.","Wɩɩhaa abee tebine buloŋ, ʋ gyɩ aa we bilni abee dogiŋsi nyuu tɩyaŋ nɛ a kɩ gbɛ, a kɩ kyɩɩrɩ aŋ paa bʋwa kɩ paasɩ ʋ tɩɩ."
6,"When the man saw Jesus in the distance, he ran up to him and knelt down.","Ʋ aa naa Yesu dɩ ʋ we libolii, ʋ fá mʋ kyem-ʋ, a tuu gbinni ʋ sɩya tɩyaŋ."
10,He then begged Jesus not to send them away.,Ɛɛ rɛ ʋ sʋla Yesu kɩŋkaŋ dɩ ʋ ta leŋ dɩ gyɩŋsɩ hʋ lɩɩ doŋ paalʋʋ tɩyaŋ.
11,Over on the hillside a large herd of pigs was feeding.,"Dɩ porikulaal mɛ sɩŋ doŋ, a kɩ di kɩna dogimo hʋ nyuu."
12,"So the evil spirits begged Jesus, “Send us into those pigs! Let us go into them.”",Gyɩŋsɩ hʋ sʋla Yesu dɩ ʋ leŋ dɩ ba mʋ gyʋʋ porikusi hʋ tɩyaŋ.
14,The men taking care of the pigs ran to the town and the farms to spread the news. Then the people came out to see what had happened.,Ɛɛ rɛ porikudaala hʋ fá mʋ heeli tɩya bagɩdaala abee tɔɔ hʋ nala buloŋ. Ba buloŋ sii ko lɩɩ Yesu lee.
15,"When they came to Jesus, they saw the man who had once been full of demons. He was sitting there with his clothes on and in his right mind, and they were terrified.","Ba aa ko dɩ baal hʋ gyɩŋsɩ fa aa kana hʋ, dɩ ʋ hɔnɔ a laalɩ gal a kaŋ laaŋfɩya. Ba aa naa gɛɛ, kambɩŋ gyʋʋ ba."
16,Everyone who had seen what had happened told about the man and the pigs.,"Nala hʋ fa aa we doŋ a naa wɩɩ hʋ aa yaa baal hʋ abee porikusi hʋ, ba basɩ wɩɩ hʋ tɩya nala hʋ buloŋ."
17,Then the people started begging Jesus to leave their part of the country.,"Ba aa nɩɩ gɛɛ rɛ, ba ko sʋla Yesu dɩ ʋ lɩɩ ba paalʋʋ tɩyaŋ."
19,"But Jesus would not let him. Instead, he said, “Go home to your family and tell them how much the Lord has done for you and how good he has been to you.”","Yesu kaŋ vɩya, aŋ basɩ tɩya ʋ dɩ ʋ mɩɩgɩ mʋ dɩya a basɩ tɩya ʋ dɩya nala wɩɩ hʋ buloŋ á Tɩɩna Wɩɩsɩ aa yaa ʋ tɩyaŋ, abee ʋ aa fáá ʋ sikii maga gɛɛ."
20,The man went away into the region near the ten cities known as Decapolis and began telling everyone how much Jesus had done for him. Everyone who heard what had happened was amazed. A Dying Girl and a Sick Woman (Matthew,"Baal hʋ mɩɩgɩ mʋ tɔnɩ fi hʋ aa we doŋ paalʋʋ tɩyaŋ, a basɩ wɩɩ hʋ buloŋ Yesu a yaa tɩya ʋ. Nala nɩɩ, ʋ yaa ba wɩkperii. Gyerusi toluu abee haaŋ hʋ aa dige Yesu gal Matiwu"
40,"But the people laughed at him. After Jesus had sent them all out of the house, he took the girl's father and mother and his three disciples and went to where she was.","Ba buloŋ mɩɩgɩ sɩŋ kɩ mʋma ʋ. Ɛɛ rɛ ʋ kile ba ta ba lɩɩ, aŋka ʋ kaŋ biye hʋ kuwo, abee ʋ naa, abee ʋ hatɩnna hʋ boto, ba gyʋʋ dɩya hʋ tɩyaŋ biye hʋ aa pɩna."
21,"Once again Jesus got into the boat and crossed Lake Galilee. Then as he stood on the shore, a large crowd gathered around him.",Ɛɛ rɛ Yesu mɩɩgɩ mʋ gyʋʋ nɩɩduworiboro hʋ a kyol fuwo hʋ kyolo a mʋ hɔŋ fuwo hʋ nyʋwa. Nala giri ko kyige ʋ.
22,"The person in charge of the synagogue was also there. His name was Jairus, and when he saw Jesus, he went over to him. He knelt at Jesus' feet","Ɛɛ rɛ dɩ baal kɩdɩgɩ we doŋ, ba kɩ yɩrɩ Gyerusi. Ʋ fa yaa Gyuuma wɩɩkyʋwaldɩya nɩhɩyawʋ rɛ. Ʋ aa naa Yesu, ʋ tuu tele ʋ naasɩ tɩyaŋ,"
23,"and started begging him for help. He said, “My little daughter is about to die! Please come and touch her, so she will get well and live.”","a sʋla ʋ a baa, “Ŋ toluu rɛ aa wɩɩlɩ, a pɩŋ kɩ kyɛ dɩ ʋ sʋba. Ŋ aa sʋla ɩ dɩ ɩ ko kpa ɩ nosi dɔbɔ ʋ tɩyaŋ, dɩ ʋ deye.”"
24,Jesus went with Jairus. Many people followed along and kept crowding around.,Yesu sii tɩŋa ʋ hal ba kɩ mʋ. Nɩgyamaa mɛ sii kɩ tɩŋa ʋ hal a gol-ʋ kyige.
27,"The woman had heard about Jesus, so she came up behind him in the crowd and barely touched his clothes.","Ʋ gyɩ nɩɩ Yesu wɩya rɛ, a mɛ ko kɩ tɩŋ nala hʋ tɩyaŋ, aŋ kɩ bɩɩnɩ ʋ tɩya tɩyaŋ a baa,"
29,"As soon as she touched them, her bleeding stopped, and she knew she was healed.","Ʋ aa dige ʋ gal hʋ tɩyaŋ nɛ, ʋ wɩɩl hʋ pirigi teŋ. Ɛɛ rɛ ʋ tɩɩ gyɩma anɩɩ ʋ wɩɩl hʋ tene rɛ."
30,"At that moment Jesus felt power go out from him. He turned to the crowd and asked, “Who touched my clothes?”","Ka Yesu mɛ gyɩma ʋ tɩya tɩyaŋ anɩɩ dee kɩdɩgɩ lɩɩ ʋ tɩyaŋ nɛ. Ʋ bɩrɩmɩ nala hʋ lee a pɩyɛsɩ ba a baa, “Aŋnɛ rɛ dige ŋ gal gɛɛ?”"
31,"His disciples said to him, “Look at all these people crowding around you! How can you ask who touched you?”","Ɛɛ rɛ ʋ hatɩnna baa, “Ɩ bɩ naa nala aa yʋga gɛɛ a gol-ɩ kyige? Ka ɩ bɩl kɩ pɩyɛsɩ dɩ aŋnɛ rɛ dige ɩ gal?”"
32,But Jesus turned to see who had touched him.,Aŋka Yesu ha vɩya aŋ kɩ deŋ dɩ ʋ na nal hʋ a dige ʋ.
33,The woman knew what had happened to her. So she came trembling with fear and knelt down in front of Jesus. Then she told him the whole story.,"Amɛ haaŋ hʋ gyɩ aa gyɩŋ wɩɩ hʋ aa yaa ʋ tɩyaŋ wɩya, ʋ ko a kɩ kyele, a tuu tele Yesu naasɩ tɩyaŋ aŋ basɩ wɩɩ hʋ buloŋ tɩya ʋ."
35,"While Jesus was still speaking, some people came from Jairus' home and said, “Your daughter has died! Why bother the teacher anymore?”","Yesu ha aa basɩ wɩya haaŋ hʋ lee gɛɛ, dɩ tɩŋdaala lɩɩ Gyerusi dɩya, a ko basɩ tɩya Gyerusi a baa, “Ɩ toluu hʋ sʋba rɛ, ta bɩl kɩ dɔŋ Tɩɩna hʋ.”"
36,"Jesus heard what they said, and he said to Jairus, “Don't worry. Just have faith!”","Yesu aa nɩɩ ba aa basɩ gɛɛ, ka ʋ basɩ tɩya Gyerusi a baa, “Ta leŋ dɩ ɩ bembii kɩ sii, laa ŋ di.”"
37,"Jesus did not let anyone go with him except Peter and the two brothers, James and John.","Ɛɛ rɛ Yesu sii, a bɩ leŋ nal buloŋ tɩŋa ʋ hal see Piita, abee Gyemsi, abee ʋ naabiye Gyɔɔŋ."
38,They went home with Jairus and saw the people crying and making a lot of noise.,"Ɛɛ rɛ ba ko pele Gyerusi dɩya. Ba aa ko dɩ ba kaŋ kyagɩŋsɩ a kɩ ŋmaa nyʋʋsɩ bagɩbagɩ, a kɩ wii lee buloŋ."
42,"He took the twelve-year-old girl by the hand and said, “Talitha, koum!” which means, “Little girl, get up!” The girl got right up and started walking around. Everyone was greatly surprised.","Biye hʋ nyagɩ sii a kɩ vala, nala hʋ buloŋ nyʋʋsɩ fɩyɛlɩ. Biye hʋ fa yaa bɩsɩ fi abee balɩya rɛ."
43,"But Jesus ordered them not to tell anyone what had happened. Then he said, “Give her something to eat.”","Ɛɛ rɛ Yesu basɩ tɩya ba abee sɩfɩyasɩ, dɩ ba ta leŋ dɩ nal buloŋ nɩɩ wɩɩ no, aŋ basɩ tɩya ba dɩ ba kyɛ kɩdiiliye tɩya biye hʋ dɩ ʋ di."
53,Jesus and his disciples crossed the lake and brought the boat to shore near the town of Gennesaret.,"Ɛɛ rɛ ba kyol fuwo hʋ kyolo, a ko pele tɔɔ kɩdɩgɩ ba aa yɩrɩ Gyɛnɛsarɛtɩ, a lɩɩ nɩɩduworiboro hʋ tɩyaŋ aŋ kaŋ vʋwa nɩɩ hʋ nyʋwa."
4,"But Jesus said, “Prophets are honored by everyone, except the people of their hometown and their relatives and their own family.”","Ɛɛ rɛ Yesu basɩ tɩya ba a baa, “Wɩɩsɩ tɩŋdaal kɛ buloŋ, ʋ aa kaŋ yohuŋ nɛ lee buloŋ tɩyaŋ, amɛ ʋ bee nala abee ʋ dɩya nala tɩɩ kɛ sɩɩ aa bee su ʋ.”"
16,"But when Herod heard about Jesus, he said, “This must be John! I had his head cut off, and now he has come back to life.”","Kuwori Hɛrɔtɩ aa nɩɩ ʋ wɩya, ʋ baa, “Gyɔɔŋ nɛ gɛɛ. Ʋ rɛ yaa nal hʋ ŋ gyɩ aa leŋ ba keri ʋ nyuu hʋ. Ʋ rɛ sii sʋʋ tɩyaŋ gɛɛ.” Wɩɩ hʋ aa tɩŋ Hɛrɔtɩ gyɩ leŋ ba keri Gyɔɔŋ nyuu rɛ nyɛ:"
2,"The next Sabbath he taught in the synagogue. Many of the people who heard him were amazed and asked, “How can he do all this? Where did he get such wisdom and the power to work these miracles?","Kyɛwiyesii hʋ kyɛɛ, ʋ sii mʋ gyʋʋ Gyuuma wɩɩkyʋwaldɩya a kɩ daga nala. Ba aa nɩɩ ʋ wɩbasɩɩ hʋ, ba gyeniŋ buloŋ hirige rɛ, a baa “Ɛɛ rɛ ʋ yaa a gyɩŋ wɩya no? Aŋnɛ rɛ tɩya ʋ wɩgyʋŋ no?"
3,"Isn't he the carpenter, the son of Mary? Aren't James, Joseph, Judas, and Simon his brothers? Don't his sisters still live here in our town?” The people were upset because of what he was doing.",Ɛɛ rɛ ʋ yaa a wuwo kɩ yaa wɩmagɩla no? Á gyɩma ʋ rɛ! Kapiŋta hʋ daa gɛɛ? Mɛɛrɩ biibaal daa gɛɛ. Gyemsi abee Gyoose abee Gyuda abee Siimɔŋ daa yaa ʋ naabalɩya? Ʋ naatoliye we daha.” Ɛɛ rɛ ba sii bee su ʋ.
8,"He told them, “You may take along a walking stick. But don't carry food or a traveling bag or any money.","Ɛɛ rɛ ʋ basɩ tɩya ba a baa, “A lɩɩ ma daatɩgɩya hal, ma ta bɩl kpaa kɩŋ buloŋ pɛ a vala ŋmanɩɩ hʋ. Ma ta kaŋ kɩdiiliye mʋ, a ta kpaa diiku mɛ kolo, a ta kpaa molbii mɛ."
20,"because Herod was afraid of John and protected him. He knew that John was a good and holy man. Even though Herod was confused by what John said, he was glad to listen to him. And he often did.","Hɛrɔtɩ gyɩ aa tɩya Gyɔɔŋ gyɩrɩma rɛ, beewɩya ʋ naa dɩ ʋ yaa tɩpʋlʋŋ tɩɩna rɛ a kɩ yaa wɩya hʋ aa kpaa ŋmanɩɩ. Gyɔɔŋ wɩbasɩɩ buloŋ gyɩ aa kperi Hɛrɔtɩ rɛ, ka abee gɛɛ buloŋ, ʋ ha kyo dɩ ʋ gyegili nɩɩ wɩya hʋ ʋ aa basɩ rɛ."
23,"I swear that I will give you as much as half of my kingdom, if you want it.”","Ʋ paalɩ ŋmɩyɛsɩ rɛ a baa, “Ɩ aa kyɛ kɩŋ hʋ buloŋ ŋ sɩ tɩya ɩ. Dɩ ɩ rɛ aa kyɛ ŋ taŋha logiŋ kɩdɩgɩ, haalɩ a pele faŋ mɛ, ŋ sɩ kpa tɩya ɩ.”"
24,"The girl left and asked her mother, “What do you think I should ask for?” Her mother answered, “The head of John the Baptist!”","Haŋtolibiye hʋ sii lɩɩ, a mʋ pɩyɛsɩ ʋ naa a baa, “Ŋ basɩ baa bekiŋ nɛ ŋ kɩ kyɛ?” Ɛɛ rɛ Hɛrodiya baa, “Basɩ tɩya ʋ dɩ Gyɔɔŋ Wɩɩsɩnɩɩfool hʋ nyuu rɛ ɩ kɩ kyɛ.”"
25,"The girl hurried back and told Herod, “Here and now on a serving plate I want the head of John the Baptist!”","Haŋtolibiye hʋ mɩɩgɩ lagɩlagɩ a mʋ kuwori hʋ lee a basɩ tɩya ʋ a baa, “Ŋ aa kyɛ dɩ ɩ keri Gyɔɔŋ Wɩɩsɩnɩɩfool hʋ nyuu rɛ, a we parɩtɩ tɩyaŋ, a kaŋ ko tɩya ŋ.”"
26,Herod was very sorry for what he had said. But he did not want to break the promise he had made in front of his guests.,"Kuwori hʋ aa nɩɩ wɩɩ no, ʋ tɩya buloŋ kyogi. Amɛ ʋ aa ŋmɩyɛsa nala hʋ buloŋ sɩɩ tɩyaŋ gɛɛ, ʋ bɩl bɩ sɩ wuwo lugisi ʋ nyʋwa."
27,At once he ordered a guard to cut off John's head there in prison.,"Ɛɛ rɛ ʋ yɩrɩ laalyuwol kɩdɩgɩ, a tɩma ʋ dɩ ʋ mʋ keri Gyɔɔŋ nyuu kaŋ ko."
28,The guard put the head on a serving plate and took it to the girl. Then she gave it to her mother.,"Laalyuwol hʋ sii a mʋ lee hʋ ba aa kaŋ Gyɔɔŋ mʋ tɔ hʋ, a keri ʋ nyuu a we parɩtɩ tɩyaŋ, a kaŋ ko tɩya haŋtolibiye hʋ. Ʋ laa a kaŋ mʋ tɩya ʋ naa."
29,"When John's followers learned that he had been killed, they took his body and put it in a tomb. Jesus Feeds Five Thousand (Matthew","Gyɔɔŋ hatɩnna hʋ aa nɩɩ wɩɩ no, ba sii ko a laa ʋ teŋbii a kaŋ mʋ hogo. Yesu tɩya nala tusi bʋnɔŋ kɩdiiliye ba di vɔgɔ Matiwu"
31,"But so many people were coming and going that Jesus and the apostles did not even have a chance to eat. Then Jesus said, “Let's go to a place where we can be alone and get some rest.”","Nala hʋ badɔmɔŋ gyɩ aa yaŋ kɩ lɩɩ rɛ ka badɔmɔŋ mɛ ko kɩ gyʋʋ. Yesu abee ʋ hatɩnna paalɩ bɩ naa sɩnɩɩ dɩ ba di kɩna mɛ gba. Ɛɛ rɛ ʋ basɩ tɩya ba a baa, “Ma leŋ dɩ á mʋ lee hʋ nala aa tuwo dɩ ma wiyesi mʋhʋ.”"
32,They left in a boat for a place where they could be alone.,Ɛɛ rɛ ba sii a gyʋʋ nɩɩduworiboro a kɩ mʋ lee hʋ nala aa tuwo.
35,"That evening the disciples came to Jesus and said, “This place is like a desert, and it's already late.","Ʋ dɩdaana aa ko pele, ʋ hatɩnna hʋ ko basɩ tɩya ʋ a baa, “Lee no yaa ɔhɔ rɛ, ka wɩɩsɩ fɩyɛlɩ nyɛ."
37,"Jesus replied, “You give them something to eat.” But they asked him, “Don't you know it would take almost a year's wages to buy all of these people something to eat?”","Yesu mɩɩgɩ basɩ tɩya a baa, “Ma mʋ kyɛ kɩdiiliye tɩya ba dɩ ba di.” Ba pɩyɛsɩ ʋ a baa, “Gbo! Dɩ ámaa sɩ kpa molbii yɔbɔ kɩdiiliye tɩya nala no dɩ ba wuwo di vɔgɔ, ʋ sɩ te nɩdɩgɩ bɩŋpiliŋ tuno.”"
38,"Then Jesus said, “How much bread do you have? Go and see!” They found out and answered, “We have five small loaves of bread and two fish.”","Nyɛ rɛ Yesu pɩyɛsɩ ba a baa, “Paanʋʋ baŋmɛ rɛ we doŋ? Ma mʋ na.” Ba mʋ, aŋ mɩɩgɩ ko basɩ tɩya ʋ abaa, “Kɩna bɔnɔŋ nɛ abee fuwonamɩɩsɩ balɩya.”"
39,Jesus told his disciples to tell the people to sit down on the green grass.,Ɛɛ rɛ Yesu basɩ tɩya ʋ hatɩnna hʋ dɩ ba leŋ nala hʋ buloŋ tuu hɔŋ kyige gulo gulo ɔfɩyɛl hʋ nyuu tɩyaŋ.
50,"All of them saw him and were terrified. But at this same time he said, “Don't worry! I am Jesus. Don't be afraid.”","Ɛɛ rɛ ʋ piliŋsi basɩ tɩya ba a baa, “Ma kaŋ ma tɩɩ. Mɩyaŋ nɛ. Ma ta leŋ dɩ kambɩŋ kaŋ ma.”"
41,"Jesus took the five loaves and the two fish. He looked up toward heaven and blessed the food. Then he broke the bread and handed it to his disciples to give to the people. He also divided the two fish, so everyone could have some.","Ɛɛ rɛ ʋ kpa paanʋʋ hʋ bɔnɔŋ abee fuwonamɩɩsɩ hʋ balɩya, a wil deŋ wɩɩsɩnyuu, aŋ kyʋwalɩ Wɩɩsɩ aŋgyʋwasʋ, aŋ kaŋ paanʋʋ hʋ lɔgɔ a tɩya ʋ hatɩnna hʋ dɩ ba laa mʋ kpaa nala hʋ. Ʋ bɩl kaŋ fuwonamɩɩsɩ hʋ balɩya mɛ a kpaa ba."
42,"After everyone had eaten all they wanted,",Ba buloŋ di a vɔgɔ.
43,Jesus' disciples picked up twelve large baskets of leftover bread and fish.,"Ka ba mʋ paa paanʋʋ hʋ abee fuwonamɩɩsɩ hʋ kɩkaalɩya, a su simbiisi fi abee balɩya."
45,"At once, Jesus made his disciples get into the boat and start back across to Bethsaida. But he stayed until he had sent the crowds away.","Ɛɛ rɛ ʋ leŋ ʋ hatɩnna hʋ mʋ gyʋʋ nɩɩduworiboro, a laa ʋ sɩya duwori kyol fuwo hʋ kyolo, a kɩ mʋ Bɛsaada. Ka ʋ ta nɩgyamaa hʋ buloŋ ba mʋ."
46,Then he told them goodbye and went up on the side of a mountain to pray.,"Ʋ aa taa nala hʋ ba mʋ teŋ, ʋ sii mʋ gyɩŋ dogimo kɩdɩgɩ nyuu dɩ ʋ kyʋwalɩ Wɩɩsɩ."
47,"Later in the evening he was still there by himself, and the boat was somewhere in the middle of the lake.","Ʋ dɩdaana ko kɩ pele dɩ nɩɩduworiboro hʋ we nɩɩ hʋ tʋtʋʋ bee tʋtʋʋ, aŋka Yesu dʋŋ ha we dogimo tɩyaŋ."
48,"He could see that the disciples were struggling hard, because they were rowing against the wind. Not long before morning, Jesus came toward them. He was walking on the water and was about to pass the boat.","Ɛɛ rɛ Yesu deŋ na dɩ puwo kaŋ ʋ hatɩnna hʋ kɩ lʋga, a pɔ dɩ nɩɩduworiboro hʋ ta mʋwa. Ʋ sɩgballɩnyʋwa, ʋ sii a vala nɩɩ hʋ nyuu a kɩ mʋ, a ko kpaga ba, a kɩ kyɛ dɩ ʋ parɩ ba baŋ."
49,"When the disciples saw Jesus walking on the water, they thought he was a ghost, and they started screaming.","Ba aa na ʋ dɩ ʋ aa vala nɩɩ hʋ nyuu, ba bɩɩna anɩɩ nɩdɩma rɛ. Kambɩŋ kaŋ ba, ba yaga kyiyesuu."
51,"He then got into the boat with them, and the wind died down. The disciples were completely confused.","Ka ʋ yaŋ mʋ gyʋʋ nɩɩduworiboro hʋ. Ʋ aa gyʋʋ ko teŋ, puwo hʋ sige. Ʋ yaa ʋ hatɩnna hʋ wɩkperii."
52,"Their minds were closed, and they could not understand the true meaning of the loaves of bread. Jesus Heals Sick People in Gennesaret (Matthew","Ba gyɩ naa dɩ Yesu kaŋ paanʋʋ gama bɔnɔŋ a kpaa nala tusi bʋnɔŋ nɛ, ka ba ha gyɩ bɩ gyɩŋ wɩɩ hʋ memii, beewɩya ba ha bɩ gyɩŋ nal hʋ Yesu aa yaa. Yesu tɩɩbɩ wɩɩla tɩmma Gyɛnɛsarɛtɩ tɩyaŋ Matiwu"
54,"As soon as they got out of the boat, the people recognized Jesus.","Ba aa lɩɩ ko teŋ, dɩ nala gyɩma anɩɩ Yesu rɛ."
55,So they ran all over that part of the country to bring their sick people to him on mats. They brought them each time they heard where he was.,"Ba fá mʋ gbɛ ba paalʋʋ buloŋ, a paa wɩɩlɩ tɩmma abee ba wasɩnɩ, a kaŋ mʋ lee kɛ buloŋ ba aa nɩya dɩ Yesu we."
56,"In every village or farm or marketplace where Jesus went, the people brought their sick to him. They begged him to let them just touch his clothes, and everyone who did was healed.","Lee kɛ buloŋ Yesu a mʋwa, tɔbala koo tɔbiisi koo bagɩsɩ, nala aa paa ba wɩɩla tɩmma rɛ a kaŋ lɩɩ biŋ lɩgyalɩya tɩyaŋ, a sʋla ʋ dɩ ʋ leŋ dɩ ba dige ʋ gal nyʋwa mɛ gba. Ba nala hʋ buloŋ gyɩ aa wuwo dige ʋ, ba gyɩ naa laaŋfɩya rɛ."
1,Some Pharisees and several teachers of the Law of Moses from Jerusalem came and gathered around Jesus.,"Ɛɛ rɛ kyɛɛ kɩdɩgɩ, Farasiima abee Wɩɩsɩ Teŋ dɩdagɩla badɔmɔŋ sii lɩɩ Gyerusalɛm ko, ba buloŋ sii ko Yesu lee."
9,You are good at rejecting God's commands so that you can follow your own teachings!,"Yesu bɩl baa, “Ma kaŋ wɩgyʋŋ kɩdɩgɩ rɛ aa wuwo vɩya Wɩɩsɩ ŋmanɩɩ aŋ kɩ tɩŋ ma naabaala ŋmaŋsɩ. Ma aa yaa gɛɛ, ma tol sʋma rɛ?"
2,They noticed that some of his disciples ate without first washing their hands.,Ba aa ko ba naa dɩ Yesu hatɩnna hʋ badɔmɔŋ bɩ sɔŋ nɩɩ aŋ kɩ di kɩna. Nyɛ yaa bisiŋ nɛ ba lesiri tɩyaŋ.
3,The Pharisees and many others obey the teachings of their ancestors. They always wash their hands in the proper way before eating.,Farasiima abee Gyuuma buloŋ bɩ sɩ laa nyʋwa di kɩŋ buloŋ dɩ ba bɩ sɔŋ nɩɩ anɩɩ ba naabaala lesiri aa daga gɛɛ.
4,"None of them will eat anything they buy in the market until it is washed. They also follow a lot of other teachings, such as washing cups, pitchers, and bowls.","Dɩ ba aa rɛ ko lɩɩ yɔbɔ ko mɛ, ba aa sɔŋ nɩɩ rɛ aŋ na di kɩna. Ba sɩŋsɩ yʋga. Ba kaŋ ŋmanɩɩ kɩdɩgɩ mɛ rɛ ba aa kɩ vaalɩ ba nɩɩnyʋwagbaŋbiisi abee ba kɩdigbaŋsɩ abee ba hɔgɩ viini buloŋ."
5,"The Pharisees and teachers asked Jesus, “Why don't your disciples obey what our ancestors taught us to do? Why do they eat without washing their hands?”","Ɛɛ rɛ ba ko pɩyɛsɩ Yesu a baa, “Bee rɛ tɩŋ ɩ hatɩnna hʋ kɩ kyogi a naabaala sɩŋsɩ nyɛ? Bee rɛ tɩŋ ba aa bɩ sɔŋ nɩɩ aŋ kɩ di kɩna?”"
6,"Jesus replied: You are nothing but show-offs! The prophet Isaiah was right when he wrote that God had said, “All of you praise me with your words, but you never really think about me.","Ɛɛ rɛ ʋ mɩɩgɩ basɩ tɩya ba a baa, “Minaafigi tɩmma! Ma wɩya hʋ buloŋ Wɩɩsɩ tɩŋdaal Azaaya gyɩ aa basa faafaa buloŋ, ba yaa wɩtɩɩ rɛ. Ba saba Wɩɩsɩ teŋ tɩyaŋ anɩɩ ʋ baa dɩ Wɩɩsɩ baa, ‘Nyʋwa dʋŋ nɛ nala no kaŋ kɩ tɩya ŋ gyɩrɩma, amɛ ŋ wɩya tuwo ba tɩsɩ tɩyaŋ."
7,"It is useless for you to worship me, when you teach rules made up by humans.”","Ba aa kɩ kyʋwalɩ ŋ waasʋ rɛ, a kɩ daga nihuwobisi ŋmaŋsɩ aŋ baa dɩ Wɩɩsɩ rɛ basa.’"
8,You disobey God's commands in order to obey what humans have taught.,Nihuwobisi ŋmaŋsɩ rɛ ma kɩ tɩŋa aŋ vɩya Wɩɩsɩ nyʋwa tɩŋɩɩ”
11,But you let people get by without helping their parents when they should. You let them say that what they own has been offered to God.,"Amɛ ma kɛ basɩ anɩɩ dɩ nal lɛ kaŋ kɩŋ, a maga dɩ ʋ kpa kyiyeli ʋ kuwo koo ʋ naa, ka dɩ tɩɩna basɩ tɩya ba abaa, “Kɩŋ hʋ ŋ fa aa sɩ kpa kyiyeli ma hʋ, ʋ yaa ‘Kɔribaŋ’ nɛ.” Ʋ bɩl bɩ maga dɩ ʋ kpa tɩya ba."
13,And you ignore God's commands in order to follow your own teaching. You do a lot of other things just as bad. What Really Makes People Unclean (Matthew,"Nyɛ rɛ ma yaa a vɩya Wɩɩsɩ nyʋwa tɩŋɩɩ aŋ kɩ tɩŋ ma naabaala ŋmaŋsɩ, a bɩl sii kpa daga ma biisi mɛ. Wɩtesi no yʋga rɛ ma kɩ yaa.” Kɩna hʋ aa kaŋ bisiŋ Matiwu"
20,Then Jesus said: What comes from your heart is what makes you unclean.,"Ɛɛ rɛ ʋ bɩl baa, “Wɩya hʋ aa lɩɩ nal tɩya tɩyaŋ nɛ aa leŋ nal kaŋ bisiŋ."
14,"Jesus called the crowd together again and said, “Pay attention and try to understand what I mean.","Ɛɛ rɛ Yesu bɩl yɩrɩ nala hʋ ba ko laŋŋɩ. Ba aa ko, ʋ basɩ tɩya ba a baa, “Ma buloŋ gyegili nɩɩ weliŋ."
17,"After Jesus and his disciples had left the crowd and gone into the house, they asked him what these sayings meant.","Ʋ aa basɩ gɛɛ teŋ, ʋ leŋ nala hʋ aŋ mʋ gyʋʋ dɩya. Ɛɛ rɛ ʋ hatɩnna hʋ ko pɩyɛsɩ ʋ namaga hʋ memii."
18,"He answered, “Don't you know what I am talking about by now? You surely know that the food you put into your mouth cannot make you unclean.","Nyɛ rɛ ʋ pɩyɛsɩ ba a baa, “Ma ha bɩ kaŋ wɩgyʋŋ? Ma bɩ gyɩma anɩɩ dɩ nal lɛ di kɩŋ, ʋ bɩ sɩ wuwo leŋ dɩ ʋ kaŋ bisiŋ?"
19,"It doesn't go into your heart, but into your stomach, and then out of your body.” By saying this, Jesus meant that all foods were fit to eat.","Dɩ ɩ rɛ dii kɩŋ, ʋ bee gyʋʋ ɩ tɩya. Ɩ fuu rɛ ʋ aa tuu, ɩ nyɛ ta.” Yesu aa basɩ nyɛ, ʋ daga anɩɩ kɩdiiliye sɩŋsɩ bɩl tuwo rɛ gɛɛ."
22,"unfaithfulness in marriage, greed, meanness, deceit, indecency, envy, insults, pride, and foolishness.","Ɩ tɩya kɩ hɔllɩ nala. Ɩ kɩ kyogi nala fene, a kɩ daga ɩ tɩɩ, a kɩ yaa bambugi wɩya."
23,"All of these come from your heart, and they are what make you unfit to worship God. A Woman's Faith (Matthew","Wɩbɔmɔ no buloŋ yaa bisiŋ wɩya rɛ, ka nihuwobiŋ tɩya tɩyaŋ nɛ ba buloŋ aa lɩɩ.” Siiriya paalʋʋ haaŋ laa Yesu wɩya di Matiwu"
24,"Jesus left and went to the region near the town of Tyre, where he stayed in someone's home. He did not want people to know he was there, but they found out anyway.","Ɛɛ rɛ Yesu sii lɩɩ doŋ, a mʋ Taaya paalʋʋ, a mʋ gyʋʋ faŋa dɩya kɩdɩgɩ tɩyaŋ, a bee kyɛ dɩ nal buloŋ gyɩma ʋ wɩya, ka ba vɩya aŋ gyɩma."
25,A woman whose daughter had an evil spirit in her heard where Jesus was. And at once she came and knelt down at his feet.,"Haaŋ kɩdɩgɩ rɛ gyɩ we doŋ a lɩɩ Fɔniisɩya aa we Siiriya paalʋʋ tɩyaŋ, a yaa Giriki tɩɩna. Gyɩŋbɔŋ gyɩ kaŋ ʋ toluu."
26,The woman was Greek and had been born in the part of Syria known as Phoenicia. She begged Jesus to force the demon out of her daughter.,"Ɛɛ rɛ ʋ nɩɩ Yesu wɩya, a sii ko tuu tele ʋ naasɩ tɩyaŋ, a sʋla ʋ dɩ ʋ kile gyɩŋbɔŋ hʋ ta ʋ biye hʋ tɩyaŋ."
29,"Jesus answered, “That's true! You may go now. The demon has left your daughter.”","Ɛɛ rɛ Yesu basɩ tɩya haaŋ hʋ a baa, “Ɩ aa basɩ wɩɩ no wɩya, gyɩŋbɔŋ hʋ lɩya rɛ ɩ toluu hʋ tɩyaŋ. Kɩ mʋ dɩya.”"
30,"When the woman got back home, she found her child lying on the bed. The demon had gone. Jesus Heals a Man Who Was Deaf and Could Hardly Talk","Nyɛ rɛ haaŋ hʋ kpa mʋ. Ʋ mʋwa dɩ ʋ biye hʋ pɩna, gyɩŋbɔŋ hʋ kɔnɩ lɩɩ ʋ tɩyaŋ. Yesu tɩɩbɩ ganɩɩ"
31,Jesus left the region around Tyre and went by way of Sidon toward Lake Galilee. He went through the land near the ten cities known as Decapolis.,"Ɛɛ rɛ Yesu mɩɩgɩ lɩɩ Taaya paalʋʋ tɩyaŋ a mʋ tɩŋ Siidɔŋ abee tɔnɩ fi badɔmɔŋ paalʋʋ, a mʋ pele Galili fuwobal hʋ nyʋwa."
32,Some people brought to him a man who was deaf and could hardly talk. They begged Jesus just to touch him.,"Ɛɛ rɛ dɩ ganɩɩ kɩdɩgɩ we doŋ. Ba kana ʋ ko, a sʋla Yesu dɩ ʋ kpa ʋ nosi dɔbɔ ʋ tɩyaŋ."
33,"After Jesus had taken him aside from the crowd, he stuck his fingers in the man's ears. Then he spit and put it on the man's tongue.",Yesu kana ʋ kaŋ lɩɩ nala hʋ tɩyaŋ. Ba dʋŋ balɩya hɔŋ. Ɛɛ rɛ ʋ kpa ʋ noniye a tʋʋ baal hʋ dɩgɩna tɩyaŋ aŋ tʋ naŋtʋwɔl dige ʋ naŋdeliŋ.
34,"Jesus looked up toward heaven, and with a groan he said, “Effatha!” which means “Open up!”","Aŋ wil deŋ wɩɩsɩnyuu aŋ wiyesi yʋga fʋ̃ʋ̃, aŋ basɩ tɩya baal hʋ baa, “Ɛfata.” Ɛfata memii rɛ yaa kaŋ suri."
35,"At once the man could hear, and he had no more trouble talking clearly.","Ɛɛ rɛ baal hʋ dɩgɩna suri. Ʋ naŋdeliŋ mɛ bɩrɩmɩ, ʋ kɩ basɩ wɩya weliŋ."
36,"Jesus told the people not to say anything about what he had done. But the more he told them, the more they talked about it.","Ɛɛ rɛ Yesu basɩ tɩya nala hʋ abee sɩfɩyasɩ dɩ ba ta basɩ wɩɩ no tɩya nal buloŋ. Abee gɛɛ buloŋ, ka ba ha vɩya aŋ kpa wɩɩ hʋ wuwoli lee buloŋ."
37,"They were completely amazed and said, “Everything he does is good! He even heals people who cannot hear or talk.”","Nala hʋ buloŋ a nɩɩ wɩɩ no, ba hirigi kɩŋkaŋ a baa, “Wɩɩ kɛ buloŋ nɛ ʋ wuwo kɩ yaa weliŋ. Ʋ paalɩ leŋ wonni kɩ nɩɩ wɩya rɛ, a leŋ ganɩya mɛ wuwo kɩ basɩ wɩya.”"
32,Then Jesus explained clearly what he meant. Peter took Jesus aside and told him to stop talking like that.,"Ʋ kyaasɩ basɩ wɩɩ no rɛ tɩya ba. Ɛɛ rɛ Piita kana ʋ gɩɩgɩ lɩɩ, a nɔsɩ ʋ, aŋ basɩ tɩya ʋ anɩɩ ʋ ta basɩ gɛɛ, dɩ ʋ bɩ basɩ weliŋ."
2,"“I feel sorry for these people. They have been with me for three days, and they don't have anything to eat.","“Ŋ aa naa nala hʋ sikii kana ŋ nɛ. Ba aa we ŋ lee ʋ kyɛyɛ boto rɛ nyɛ, dɩ ba bɩ dii kɩŋ buloŋ."
3,"Some of them live a long way from here. If I send them away hungry, they might faint on their way home.”","Dɩ ba aa rɛ bɩ dii kɩŋ buloŋ, ka dɩ ŋ baa dɩ ba mɩɩgɩ, ba sɩ mʋ yiyegi ŋmanɩɩ tɩyaŋ, beewɩya ba badɔmɔŋ lɩɩ liboliye rɛ.”"
6,"After Jesus told the crowd to sit down, he took the seven loaves and gave thanks. He then broke the loaves and handed them to his disciples, who passed them out to the crowd.","Ɛɛ rɛ ʋ leŋ nala hʋ tuu hɔŋ taŋha, ka ʋ mʋ paa paanʋʋ hʋ bapɛ, a kyʋwalɩ Wɩɩsɩ aŋgyʋwasʋ, aŋ kaŋ lɔgɔ lɔgɔ a tɩya ʋ hatɩnna hʋ dɩ ba laa kpaa nala hʋ. Ba laa kpaa ba."
7,"They also had a few little fish, and after Jesus had blessed these, he told the disciples to pass them around.","Dɩ ba kaŋ fuwonamɩɩsɩ mɛ baŋmana. Ʋ kpa ba mɛ a kyʋwalɩ Wɩɩsɩ, aŋ leŋ ʋ hatɩnna hʋ laa kpaa nala hʋ buloŋ."
10,he got into the boat with the disciples and crossed to the territory near Dalmanutha. A Sign from Heaven (Matthew,"Ɛɛ rɛ ʋ ta ba, aŋ kaŋ ʋ hatɩnna hʋ ba mʋ gyʋʋ nɩɩduworiboro hʋ a mʋ Dalmanuta paalʋʋ. Farasiima baa dɩ Yesu yaa wɩmagɩl Matiwu"
11,The Pharisees came out and started an argument with Jesus. They wanted to test him by asking for a sign from heaven.,"Ɛɛ rɛ Farasiima badɔmɔŋ sii ko Yesu lee, a kɩ pɩyɛsɩ ʋ wɩya. Ba gyɩ aa kyɛ dɩ ba magɩsɩ ʋ na wɩya, ba baa dɩ ʋ yaa wɩmagɩl dɩ ba na a gyɩma anɩɩ ʋ dee hʋ lɩɩ Wɩɩsɩ lee rɛ."
14,"The disciples had forgotten to bring any bread, and they had only one loaf with them in the boat.","Yesu bee ʋ hatɩnna hʋ aa duwori kyol fuwo hʋ kyolo tɩyaŋ nɛ, ʋ hatɩnna hʋ liisi anɩɩ ba yeŋŋi ba kɩdiiliye ta rɛ, aŋ kpa paanʋʋ dɩgɩ dʋŋ we nɩɩduworiboro hʋ tɩyaŋ."
17,"Jesus knew what they were thinking and asked, “Why are you talking about not having any bread? Don't you understand? Are your minds still closed?","Yesu wuwo gyɩŋ wɩɩ hʋ ba aa vʋʋlɩ, a pɩyɛsɩ ba a baa, “Bee rɛ tɩŋ ma hɔŋ kɩ vʋʋlɩ baa ma bɩ kaŋ paanʋʋ? Ma sɩya ha bɩ suro? Bee rɛ tɩŋ ma nyuni sʋba gɛɛ?"
23,"Jesus took him by the hand and led him out of the village, where he spit into the man's eyes. He placed his hands on the blind man and asked him if he could see anything.","Yesu kaŋ nyʋlʋŋ hʋ noŋ tɩyaŋ a kana ʋ lɩɩ tɔɔ hʋ tɩyaŋ a tʋ naŋtʋwɔl we ʋ sɩya tɩyaŋ, aŋ kpa ʋ noŋ dige bal hʋ sɩya aŋ pɩyɛsɩ ʋ dɩ ʋ aa na lee rɛ?"
24,"The man looked up and said, “I see people, but they look like trees walking around.”","Baal hʋ deŋ lee aŋ baa, “Ŋ aa na nala rɛ, amɛ ba kɩɩ gɛɛ rɛ anɩɩ tɩɩsɩ rɛ aa gɔllɩ.”"
25,"Once again Jesus placed his hands on the man's eyes, and this time the man stared. His eyes were healed, and he saw everything clearly.","Ɛɛ rɛ Yesu bɩl kpa ʋ nosi dige bal hʋ sɩya. Baal hʋ marɩ kyirigi sɩya weliŋ. Ʋ sɩya bɩl kɩ na, ʋ na kɩŋ kɩŋ buloŋ weliŋ."
26,"Jesus said to him, “You may return home now, but don't go into the village.” Who Is Jesus? (Matthew","Ɛɛ rɛ Yesu basɩ tɩya ʋ dɩ ʋ ta bɩl gyʋʋ tɔɔ hʋ tɩyaŋ, dɩ ʋ kɩ mʋ ʋ bee. Piita baa dɩ Yesu rɛ yaa Krisita hʋ Matiwu"
29,"Then Jesus asked, “But who do you say I am?” “You are the Messiah!” Peter replied.","Ɛɛ rɛ Yesu bɩl pɩyɛsɩ ʋ hatɩnna hʋ mɛ a baa, “Ka ma mɛ, ma baa ŋ yaa aŋnɛ rɛ?” Piita baa “Ɩ rɛ yaa Krisita hʋ, laataal hʋ Wɩɩsɩ a lɩya.”"
30,Jesus warned the disciples not to tell anyone about him. Jesus Speaks about His Suffering and Death (Matthew,"Piita a basɩ gɛɛ rɛ, Yesu basɩ tɩya ba abee sɩfɩyasɩ dɩ ba pɔ dɩ ba ta ko basɩ wɩɩ no tɩya nal buloŋ. Yesu basa ɛɛ hʋ ʋ aa sɩ na tʋwara aŋ sʋba Matiwu"
31,"Jesus began telling his disciples what would happen to him. He said, “The nation's leaders, the chief priests, and the teachers of the Law of Moses will make the Son of Man suffer terribly. He will be rejected and killed, but three days later he will rise to life.”","Ɛɛ rɛ Yesu piili kɩ daga ʋ hatɩnna hʋ a baa, “Mɩyaŋ Nihuwobiŋ biye, ŋ sɩ na tʋwara kɩŋkaŋ. Bee nɩhɩyasɩ abee wɩɩkyʋwal sɩlaala nɩhɩyasɩ, abee Wɩɩsɩ Teŋ dɩdagɩla, ba buloŋ sɩ vɩya ŋ aŋ leŋ dɩ ba kpʋ ŋ. Dɩ ba aa rɛ ko kpʋ ŋ, ŋ sɩ yaa kyɛyɛ boto aŋ mɩɩgɩ sii sʋʋ tɩyaŋ.”"
33,"But when Jesus turned and saw the disciples, he corrected Peter. He said to him, “Satan, get away from me! You are thinking like everyone else and not like God.”","Ɛɛ rɛ Yesu bɩrɩmɩ kyaasɩ ʋ hatɩnna hʋ lee aŋ nɔsɩ Piita a baa, “Sɩtaanɩ, fasɩ lɩɩ ŋ sɩya tɩyaŋ. Wɩya hʋ ɩ aa basa, nihuwobiŋ tɩbɩɩna rɛ, Wɩɩsɩ tɩbɩɩna daa.”"
34,"Jesus then told the crowd and the disciples to come closer, and he said: If any of you want to be my followers, you must forget about yourself. You must take up your cross and follow me.","Nyɛ rɛ Yesu yɩrɩ ʋ hatɩnna hʋ abee nala hʋ buloŋ ba ko, ʋ basɩ tɩya ba a baa, “Dɩ nal buloŋ nɛ aa kyɛ dɩ ʋ tɩŋa ŋ, see dɩ ʋ vɩya ʋ tɩɩ ŋmanɩɩ aŋ kpa ʋ daagarɩɩ baasɩ, a tɩŋa ŋ."
35,"If you want to save your life, you will destroy it. But if you give up your life for me and for the good news, you will save it.","Nal hʋ buloŋ aa kyɛ dɩ ʋ laa ʋ mɩɩbol, ʋ bɩ sɩ na ʋ. Amɛ nal hʋ aa vɩya ʋ mɩɩbol ta ŋ wɩya, abee Wɩɩsɩ wɩweliye hʋ wɩya, ʋ sɩ kɔnɩ laa ʋ mɩɩbol."
36,"What will you gain, if you own the whole world but destroy yourself?","Dɩ ɩ rɛ tɩŋ dʋnɩya no buloŋ aŋ bɩ sɩ na mɩɩbol hʋ aa bɩ kaŋ tenii, bekiŋ tɔnɔ rɛ ɩ sɩ na?"
37,What could you give to get back your soul?,"Dʋnɩya no tɩyaŋ, bekiŋ nɛ ɩ sɩ wuwo kpa lenni ɩ mɩɩbol?"
38,"Don't be ashamed of me and my message among these unfaithful and sinful people! If you are, the Son of Man will be ashamed of you when he comes in the glory of his Father with the holy angels.","Ma lagɩlagɩ no wɩbɔŋyaala aa vɩya ŋ wɩya hʋ, na ŋ bee ŋ wɩbasɩya buloŋ aa yaa ma hɩɩsɩ rɛ. Amɛ kyɛɛ kɩdɩgɩ, mɩyaŋ Nihuwobiŋ biye, ŋ bee malɩkasɩ buloŋ sɩ ko abee ŋ Kuwo gaŋdarɩ. Haŋ saŋa hʋ tɩyaŋ, ŋ wɩya aa yaa nal hʋ buloŋ hɩɩsɩ, ʋ tɩɩna wɩya mɛ sɩ yaa ŋ hɩɩsɩ.”"
13,"I can assure you that Elijah has already come. And people treated him just as they wanted to, as the Scriptures say they would. Jesus Heals a Boy (Matthew","Lagɩlagɩ no, ŋ sɩ basɩ tɩya ma anɩɩ Ilaagya paalɩ ko rɛ. Ba kana ʋ yaa ʋ gɛɛ hʋ ba aa kyɛ anɩɩ ba aa saba gɛɛ Wɩɩsɩ Teŋ tɩyaŋ.” Yesu tɩɩbɩ biye gyɩŋbɔŋ aa kana Matiwu"
28,"After Jesus and the disciples had gone back home and were alone, they asked him, “Why couldn't we force out that demon?”","Ɛɛ rɛ Yesu bee ʋ hatɩnna hʋ mʋ gyʋʋ dɩya. Ba lʋwɔlɩ pɩyɛsɩ ʋ a baa, “Bee rɛ tɩŋ á kɛ bɩ wuwo kil gyɩŋbɔŋ hʋ?”"
36,"Then Jesus asked a child to stand near him. He put his arm around the child and said,","Ɛɛ rɛ ka ʋ kaŋ biibiye a ko sɩgɩ ba tʋtʋʋ, a guwori ʋ aŋ basɩ tɩya ba a baa,"
3,And his clothes became much whiter than any bleach on earth could make them.,"Ʋ gannɩ buloŋ pʋrɩsɩ gɛɛ pogipogi, a kɩ tʋla gɛɛ nyʋlɩɩnyʋlɩɩ. Gasasɩl buloŋ tuwo dʋnɩya no tɩyaŋ ʋ aa sɩ wuwo sasɩ gannɩ dɩ ba pʋrɩsɩ kɩɩ gɛɛ."
4,Then Elijah and Moses appeared and were talking with Jesus.,"Ka Ilaagya abee Moosi ko lɩɩ ba sɩya tɩyaŋ, ba bee Yesu sɩŋ kɩ basɩ wɩya."
7,"The shadow of a cloud passed over and covered them. From the cloud a voice said, “This is my Son, and I love him. Listen to what he says!”","Ɛɛ rɛ taalbal kɩdɩgɩ ko tɔ ba, ka taal kɩdɩgɩ lɩɩ taalbal hʋ tɩyaŋ a baa, “Ŋ biikyoolii rɛ nyɛ. Ma gyegile kɩ nɩɩ ʋ wɩbasɩɩ.”"
8,"At once the disciples looked around, but they saw only Jesus.","Ba aa nɩɩ taal hʋ a mɩɩgɩ galdaasɩ, ba gyɩ bɩl bɩ naa nal buloŋ, see Yesu dʋŋ."
10,So they kept it to themselves. But they wondered what he meant by the words “raised from death.”,"Ɛɛ rɛ ba laa wɩɩ hʋ we ba nyuni tɩyaŋ, aŋ kɩ pɩyɛsɩ dɔmɔŋ, “Ʋ aa sɩ sii sʋʋ tɩyaŋ, ʋ memii rɛ yaa bee?”"
11,"The disciples asked Jesus, “Don't the teachers of the Law of Moses say that Elijah must come before the Messiah does?”","Ɛɛ rɛ ba pɩyɛsɩ Yesu a baa, “Bee rɛ tɩŋ Wɩɩsɩ Teŋ dɩdagɩla hʋ basɩ anɩɩ Ilaagya rɛ sɩ laa sɩya ko, ka dɩ Krisita hʋ na ko?”"
14,"When Jesus and his three disciples came back down, they saw a large crowd around the other disciples. The teachers of the Law of Moses were arguing with them.","Ba aa ko pele ʋ hatɩnna hʋ nɩkaalɩya hʋ lee, dɩ nɩgyamaa laŋŋa doŋ. Ba bee Wɩɩsɩ Teŋ dɩdagɩla sɩŋ kaŋ wɩya kɩ kpa dɔmɔŋ."
20,"They brought the boy, and as soon as the demon saw Jesus, it made the boy shake all over. He fell down and began rolling on the ground and foaming at the mouth.","Ɛɛ rɛ ba kaŋ biye hʋ ko ʋ lee. Gyɩŋbɔŋ hʋ aa naa Yesu, ʋ kaŋ biye hʋ kyele, ʋ tuu tele taŋha a kɩ biliŋsi, naŋtʋwɔ-fʋŋfʋga tɔ ʋ nyʋwa."
37,"“When you welcome even a child because of me, you welcome me. And when you welcome me, you welcome the one who sent me.” For or against Jesus (Luke","“Dɩ nal lɛ kuu ŋ wɩya a kaŋ biibiye no dɔŋtɩɩna weliŋ, mɩyaŋ nɛ ʋ kaŋ weliŋ gɛɛ. Nal hʋ mɛ buloŋ aa kana ŋ weliŋ, ŋ dʋŋ daa ʋ kaŋ weliŋ. Nal hʋ aa tɩma ŋ mɛ rɛ ʋ kaŋ weliŋ gɛɛ.” Baal kɩdɩgɩ kile gyɩŋbɔmɔ ta Yesu feŋ tɩyaŋ Luka"
15,"The crowd was really surprised to see Jesus, and everyone hurried over to greet him.","Nala hʋ aa naa Yesu dɩ ʋ aa ko, ba hirigi a sii fá mʋ kyem-ʋ, a kyʋwalɩ ʋ."
19,"Jesus said, “You people don't have any faith! How much longer must I be with you? Why do I have to put up with you? Bring the boy to me.”","Ɛɛ rɛ Yesu basɩ tɩya ba a baa, “Ma lagɩlagɩ no nala, ma bɩ laa Wɩɩsɩ di. Kyɛyɛ baŋmɛ rɛ ma tɩɩ kɩ kyɛ dɩ ŋ yaa ma lee ka ma na laa ŋ di? Ma kaŋ biye hʋ ko ŋ na.”"
21,"Jesus asked the boy's father, “How long has he been like this?” The man answered, “Ever since he was a child.","Ɛɛ rɛ Yesu pɩyɛsɩ ʋ kuwo hʋ, “Kyɛbee rɛ ʋ piili ʋ?” Ʋ baa “Ʋ biibiri tɩyaŋ buloŋ nɛ ʋ piili ʋ."
24,"At once the boy's father shouted, “I do have faith! Please help me to have even more.”","Ɛɛ rɛ biye hʋ kuwo sii sɩŋ a heeli basɩ a baa, “Ŋ laa ɩ di rɛ, amɛ ʋ bɩ maga. Pɛ ŋ tɩyaŋ dɩ ŋ laa ɩ di yʋga.”"
25,"When Jesus saw that a crowd was gathering fast, he spoke sternly to the evil spirit that had kept the boy from speaking or hearing. He said, “I order you to come out of the boy! Don't ever bother him again.”","Ba aa sɩŋ kɩ basɩ wɩya hʋ gɛɛ, nala yʋga fá ko kɩ laŋŋɩ. Yesu aa ko na nɩgyamaa hʋ, ʋ basɩ tɩya gyɩŋbɔŋ hʋ abee sɩfɩyasɩ a baa, “Gyɩŋganɩɩ, mɩyaŋ nɛ baa dɩ ɩ lɩɩ biye hʋ tɩyaŋ. Kɩ pɔ dɩ ɩ ta bɩl maakyiye kana ʋ.”"
26,"The spirit screamed and made the boy shake all over. Then it went out of him. The boy looked dead, and almost everyone said he was.","Gyɩŋbɔŋ hʋ kyɩɩrɩ aŋ kaŋ biye hʋ kyɩgɩsɩ aŋ ko lɩɩ, ka biye hʋ pɩŋ gɛɛ anɩɩ ʋ aa sʋba. Nala hʋ gyeniŋ buloŋ baa dɩ biye hʋ sʋba rɛ."
27,But Jesus took hold of his hand and helped him stand up.,Amɛ Yesu mʋ kaŋ ʋ noŋ tɩyaŋ ʋ sii sɩŋ.
29,"Jesus answered, “Only prayer can force out this kind of demon.” Jesus Again Speaks about His Death (Matthew","Ʋ basɩ tɩya ba a baa, “Nal buloŋ bɩ sɩ wuwo kile gyɩŋbɔŋ no iriŋ, see ʋ aa sʋla Wɩɩsɩ weliŋ.” Yesu bɩl basɩ ʋ sʋʋ wɩya Matiwu"
30,"Jesus left with his disciples and started through Galilee. He did not want anyone to know about it,","Ɛɛ rɛ ba sii lɩɩ doŋ, a tuu tɩŋ Galili paalʋʋ mʋ. Yesu fa bee kyɛ dɩ nal buloŋ gyɩŋ lee hʋ ʋ aa we."
31,because he was teaching the disciples that the Son of Man would be handed over to people who would kill him. But three days later he would rise to life.,"Beewɩya ʋ gyɩ aa daga ʋ hatɩnna hʋ rɛ. Ʋ gyɩ basɩ tɩya ba rɛ a baa, “Ba sɩ kaŋ mɩyaŋ Nihuwobiŋ Biye, a we nala nosi tɩyaŋ dɩ ba kpʋ ŋ. Amɛ ŋ sɩ sii sʋʋ tɩyaŋ ʋ kyɛyɛ boto kyɛɛ, a kaŋ mɩɩbol.”"
32,"The disciples did not understand what Jesus meant, and they were afraid to ask. Who Is the Greatest? (Matthew","Amɛ ba fa bɩ gyɩŋ wɩɩ hʋ ʋ aa basa memii, aŋ kɩ fá kambɩŋ ba aa sɩ pɩyɛsɩ ʋ. Yesu hatɩnna hʋ aa kyɛ dɩ ba gyɩŋ ba tɩyaŋ nɩbal Matiwu"
46,"If your foot causes you to sin, chop it off. You would be better off to go into life lame than to have two feet and be thrown into hell.","Dɩ ɩ naaŋ nɛ aa kyɛ dɩ ʋ kana ɩ we wɩbɔmɔ yayɩ tɩyaŋ, keri ta. Ɩ aa sɩ mʋ wɩɩsɩbee abee naakuu, ʋ rɛ kpɩya ba aa sɩ kpa ɩ yuwo we diŋ tɩyaŋ abee naapilime. ‘Lee hʋ kyaaŋkyʋwana aa sɩ di ɩ teŋbii deŋdeŋ a bɩ sɩ sʋba, ka diŋ hʋ mɛ bɩ sɩ dɩsɩ.’"
48,"The worms there never die, and the fire never stops burning.","‘Lee hʋ kyaaŋkyʋwana aa sɩ di ɩ teŋbii deŋdeŋ a bɩ sɩ sʋba, ka diŋ hʋ mɛ bɩ sɩ dɩsɩ.’"
33,"Jesus and his disciples went to his home in Capernaum. After they were inside the house, Jesus asked them, “What were you arguing about along the way?”","Ɛɛ rɛ ba sii ko Kapɛɛnam. Ba aa gyʋʋ dɩya, Yesu pɩyɛsɩ ʋ hatɩnna hʋ a baa, “Bekiŋ wɩɩ rɛ ma fa kaŋ kɩ kpa dɔmɔŋ ŋmanɩɩ hʋ tɩyaŋ gɛɛ?”"
34,"They had been arguing about which one of them was the greatest, and so they did not answer.","Ɛɛ rɛ ba tallɩ ba nyʋʋsɩ, beewɩya ba tɩyaŋ nɩhɩyawʋ wɩya rɛ ba fa kaŋ kɩ kpa dɔmɔŋ."
35,"After Jesus sat down and told the twelve disciples to gather around him, he said, “If you want the place of honor, you must become a slave and serve others!”","Ɛɛ rɛ Yesu hɔŋ aŋ yɩrɩ ʋ hatɩnna fi abee balɩya hʋ, a basɩ tɩya ba a baa, “Nal hʋ aa kyɛ dɩ ʋ yaa ma tɩyaŋ nɩbal, see dɩ ʋ kaŋ ʋ tɩɩ bɩrɩmɩ ma tɩyaŋ haŋbiye a tʋma tɩya ma buloŋ.”"
49,Everyone must be salted with fire.,Diŋ nɛ ba sɩ kpa pɩɩsɩ nal buloŋ bisiŋ ta.
50,"Salt is good. But if it no longer tastes like salt, how can it be made salty again? Have salt among you and live at peace with each other.","Yɩsɩ sʋma, amɛ dɩ ʋ sʋmɩŋ ko lɩɩ, ɩ bɩl bɩ sɩ wuwo yaa ʋ dɩ ʋ sʋma. Ma leŋ dɩ ma tɩsɩ sʋma anɩɩ yɩsɩ aa sʋma gɛɛ, aŋ leŋ dɩ ma buloŋ kaŋ nyʋʋdɩgɩ.”"
38,"John said, “Teacher, we saw a man using your name to force demons out of people. But he wasn't one of us, and we told him to stop.”","Ɛɛ rɛ Gyɔɔŋ basɩ tɩya Yesu a baa, “Á Tɩɩna, á naa baal kɩdɩgɩ rɛ dɩ ʋ kpaa ɩ feŋ a kɩ kile gyɩŋbɔmɔ nala tɩyaŋ. Ɛɛ rɛ á kile ʋ dɩ ʋ ta kɩ yaa gɛɛ, beewɩya ʋ bɩ yaa á kɩdɩgɩ.”"
39,Jesus said to his disciples: Don't stop him! No one who works miracles in my name will soon turn and say something bad about me.,"Amɛ Yesu basɩ tɩya ba a baa, “Dɩ ʋ rɛ aa yaa gɛɛ, ma ta kile ʋ. Dɩ nal lɛ yaa wɩmagɩl buloŋ ŋ feŋ tɩyaŋ, ʋ kyiye bɩl bɩ sɩ wuwo kyogi ŋ feŋ."
40,Anyone who isn't against us is for us.,"Nal hʋ buloŋ aa bɩ lɩɩ ŋ hal, ʋ yaa á kɩdɩgɩ rɛ."
41,"And anyone who gives you a cup of water in my name, just because you belong to me, will surely be rewarded. Temptations To Sin (Matthew","Wɩtɩɩ rɛ ŋ basɩ kɩ tɩya ma, nal hʋ buloŋ aa kpaa nɩɩnyʋwagbaŋbiye bee nɩɩ a tɩya ma akuu ma aa yaa ŋ hatɩnna wɩya, ʋ kaŋ ʋ tuno rɛ.” Wɩya hʋ aa sɩ kaŋ nal we wɩbɔmɔ yayɩ tɩyaŋ Matiwu"
42,It will be terrible for people who cause even one of my little followers to sin. Those people would be better off thrown into the ocean with a heavy stone tied around their necks.,"“Nal hʋ buloŋ aa naa haŋbiisi no aa tɩŋa ŋ tɩyaŋ kɩdɩgɩ, a mʋrɩ ʋ dɩ ʋ yaa wɩbɔŋ, ʋ maga dɩ ba kpa nɔŋ a vʋwa laalɩ ʋ bagɩna tɩyaŋ nɛ, a kpa ʋ yuwo we mpʋwɔnʋʋ tɩyaŋ. Dɩ ba aa rɛ yaa ʋ gɛɛ, ʋ rɛ sɩ kpɩya ʋ aa weye."
44,"So if your hand causes you to sin, cut it off! You would be better off to go into life paralyzed than to have two hands and be thrown into the fires of hell that never go out.","Dɩ ɩ noŋ nɛ aa kyɛ dɩ ʋ kana ɩ we wɩbɔmɔ yayɩ tɩyaŋ, keri ta. Ɩ aa sɩ mʋ wɩɩsɩbee abee nokuu, ʋ rɛ kpɩya ɩ aa kaŋ nopilime aŋ gyʋʋ diŋ, ‘Lee hʋ kyaaŋkyʋwana aa sɩ di ɩ teŋbii deŋdeŋ a bɩ sɩ sʋba, ka diŋ hʋ mɛ bɩ sɩ dɩsɩ.’"
47,"If your eye causes you to sin, get rid of it. You would be better off to go into God's kingdom with only one eye than to have two eyes and be thrown into hell.","Dɩ ɩ sii rɛ aa kyɛ dɩ ʋ kana ɩ we wɩbɔmɔ yayɩ tɩyaŋ, kɔrɩgɩ lɩɩ ta. Ɩ aa sɩ mʋ wɩɩsɩbee abee sɩtogo, ʋ rɛ kpɩya ba aa sɩ kpa ɩ yuwo we diŋ tɩyaŋ abee sɩya balɩya,"
1,"After Jesus left, he went to Judea and then on to the other side of the Jordan River. Once again large crowds came to him, and as usual, he taught them.","Ɛɛ rɛ Yesu sii lɩɩ doŋ, a mʋ Gyudɩya paalʋʋ abee Gyɔɔdaŋ fuwo hʋ kyolo. Nɩgyamaa bɩl ko laŋŋɩ ʋ lee. Ʋ bɩl kɩ daga ba anɩɩ ʋ aa kɩ daga gɛɛ."
2,Some Pharisees wanted to test Jesus. So they came up to him and asked if it was right for a man to divorce his wife.,"Ɛɛ rɛ Farasiima badɔmɔŋ mɛ sii ko ʋ lee, a kɩ kyɛ dɩ ba magɩsɩ ʋ, a pɩyɛsɩ ʋ a baa, “Ʋ yaa ŋmanɩɩ rɛ dɩ baal vɩya ʋ haaŋ?”"
3,"Jesus asked them, “What does the Law of Moses say about this?”","Yesu mɩɩgɩ pɩyɛsɩ ba a baa, “Ɛɛ rɛ Moosi daga ma dɩ ma kɩ tɩŋa?”"
4,"They answered, “Moses allows a man to write out divorce papers and send his wife away.”","Ba baa, “Moosi basa anɩɩ dɩ baal lɛ aa kyɛ dɩ ʋ vɩya ʋ haaŋ, dɩ ʋ laa sɩya sabɩ haaŋ-vɩyayɩ teŋ a tɩya haaŋ hʋ aŋ na vɩya ʋ.”"
5,"Jesus replied, “Moses gave you this law because you are so heartless.","Ɛɛ rɛ Yesu basɩ tɩya ba a baa, “Ma dagɩɩ hayɛ, ɛɛ rɛ tɩŋ Moosi gyɩ sabɩ gɛɛ tɩya ma."
6,But in the beginning God made a man and a woman.,"Amɛ Wɩɩsɩ aa piili dʋnɩya marɩɩ, baal abee haaŋ nɛ ʋ marɩ."
7,That's why a man leaves his father and mother and gets married.,"Ɛɛ wɩya baal aa sɩ leŋ ʋ kuwo abee ʋ naa rɛ, aŋ kpa haaŋ dɩ ʋ bee haaŋ hʋ yaa kɩdɩgɩ."
8,"He becomes like one person with his wife. Then they are no longer two people, but one.","Nala no balɩya sɩ kaŋ kyaldɩgɩ, ba bɩl bɩ yaa nala balɩya, ba bɩrɩmɩ nɩdɩgɩ rɛ."
9,And no one should separate a couple that God has joined together.”,"Wɩɩsɩ yaŋ aa kaŋ nala hʋ pɛ dɔmɔŋ, ʋ bɩ maga dɩ nihuwobiŋ kaŋ ba porigi.”"
10,"When Jesus and his disciples were back in the house, they asked him about what he had said.",Yesu bee ʋ hatɩnna hʋ mɩɩgɩ sii gyʋʋ dɩya. Ɛɛ rɛ ba bɩl pɩyɛsɩ ʋ wɩɩ no tɩɩ.
11,"He told them, “A man who divorces his wife and marries someone else is unfaithful to his wife.","Ʋ basɩ tɩya ba a baa, “Baal hʋ kɛ buloŋ aa vɩya ʋ haaŋ aŋ bɩl kpa hadɩma, ʋ tɩɩna gyʋʋ ʋ haaŋ hʋ haakye tɩyaŋ nɛ, aŋ pɛ yaa sɔŋsɔnnɩ mɛ."
13,Some people brought their children to Jesus so he could bless them by placing his hands on them. But his disciples told the people to stop bothering him.,"Nala badɔmɔŋ gyɩ kaŋ ba biibiisi ko Yesu lee rɛ, dɩ ʋ kpa ʋ nosi dɔbɔ ba tɩyaŋ dɩ Wɩɩsɩ pɛ ba. Ɛɛ rɛ ʋ hatɩnna hʋ nɔsɩ ba."
15,"I promise you that you cannot get into God's kingdom, unless you accept it the way a child does.”","Wɩtɩɩ rɛ ŋ basɩ kɩ tɩya ma, dɩ ɩ bɩ yelli Wɩɩsɩ anɩɩ haŋbiye aa yelli ʋ kuwo abee ʋ naa gɛɛ, ɩ bɩ sɩ na Wɩɩsɩ koro hʋ gyʋʋ.”"
14,"When Jesus saw this, he became angry and said, “Let the children come to me! Don't try to stop them. People who are like these little children belong to the kingdom of God.","Yesu aa naa gɛɛ, ʋ na baaŋ ʋ hatɩnna hʋ nyuu tɩyaŋ, aŋ basɩ tɩya ba a baa, “Ma leŋ dɩ haŋbiisi hʋ ko ŋ lee. Ma ta kil ba. Nala no iriŋ nɛ sɩ gyʋʋ Wɩɩsɩ koro hʋ tɩyaŋ."
21,"Jesus looked closely at the man. He liked him and said, “There's one thing you still need to do. Go sell everything you own. Give the money to the poor, and you will have riches in heaven. Then come with me.”","Ɛɛ rɛ Yesu lurimi ʋ sɩya tɩyaŋ abee kyori aŋ basɩ tɩya ʋ a baa, “Wɩdɩgɩ rɛ kaa ɩ ha aa bɩ yaa. Mʋ kpa ɩ kɩna hʋ buloŋ yallɩ, a kpa molbiye hʋ tɩya nyaaba aŋ ko kɩ tɩŋa ŋ. Dɩ ɩ rɛ yaa gɛɛ, ɩ sɩ kaŋ kɩna wɩɩsɩbee tɩyaŋ.”"
22,"When the man heard Jesus say this, he went away gloomy and sad because he was very rich.","Yesu aa basɩ gɛɛ, baal hʋ sɩya bil, beewɩya ʋ gyɩ kaŋ kɩna rɛ weliŋ. Ʋ tɩya buloŋ kyogi, ʋ sii mʋ."
23,"Jesus looked around and said to his disciples, “It's hard for rich people to get into God's kingdom!”","Ɛɛ rɛ Yesu deŋ nala hʋ aŋ mɩɩgɩ basɩ tɩya ʋ hatɩnna hʋ a baa, “Ʋ yaa wɩduwo rɛ abee kɩna tɩmma aa sɩ wuwo gyʋʋ Wɩɩsɩ koro hʋ.”"
24,"The disciples were shocked to hear this. So Jesus told them again, “It's terribly hard to get into God's kingdom!","Ʋ aa basɩ gɛɛ ʋ hatɩnna hʋ nyʋʋsɩ fɩyɛlɩ. Ʋ bɩl mɩɩgɩ basɩ tɩya ba a baa, “Ŋ kyaŋsɩ, Wɩɩsɩ koro hʋ gyʋʋyɩ yaa wɩduwo rɛ kɩŋkaŋ."
25,"In fact, it's easier for a camel to go through the eye of a needle than for a rich person to get into God's kingdom.”","Nyɔgɩmaa aa sɩ tɩŋ gahaŋ sɩɩ lɩɩ, ʋ rɛ yaa mɔl a te kɩna tɩɩna aa sɩ wuwo gyʋʋ Wɩɩsɩ koro hʋ.”"
26,"Jesus' disciples were even more amazed. They asked each other, “How can anyone ever be saved?”","Yesu aa basɩ gɛɛ, ʋ hatɩnna hʋ nyʋʋsɩ marɩ fɩyɛlɩ, ba kɩ pɩyɛsɩ dɔmɔŋ a baa, “Dɩ ba aa rɛ kɩɩ nyɛ, aŋnɛ rɛ yaŋ sɩ wuwo na Wɩɩsɩ laatayɩ?”"
27,"Jesus looked at them and said, “There are some things that people cannot do, but God can do anything.”","Yesu mɩɩgɩ deŋ ba aŋ baa, “Wɩɩ no kpere nihuwobiŋ nɛ, amɛ ʋ bɩ kpere Wɩɩsɩ kɛ. Beewɩya, wɩɩ buloŋ tuwo Wɩɩsɩ aa bɩ sɩ wuwo yaa.”"
32,"The disciples were confused as Jesus led them toward Jerusalem, and his other followers were afraid. Once again, Jesus took the twelve disciples aside and told them what was going to happen to him. He said:","Yesu aa basɩ gɛɛ dɩ ba we ŋmanɩɩ tɩyaŋ nɛ a kɩ mʋ Gyerusalɛm. Yesu laa ba sɩya. Ʋ hatɩnna hʋ nyʋʋsɩ gyɩ fɩyɛla rɛ abee ʋ wɩbasɩya hʋ, kambɩŋ gyɩ gba kaŋ nala hʋ badɔmɔŋ aa tɩŋ ba hal. Ɛɛ rɛ Yesu kaŋ ʋ hatɩnna hʋ dʋŋ a gɩɩgɩ lɩɩ, a basɩ tɩya ba wɩya hʋ buloŋ nala aa sɩ yaa ʋ. Ʋ baa,"
33,"We are now on our way to Jerusalem where the Son of Man will be handed over to the chief priests and the teachers of the Law of Moses. They will sentence him to death and hand him over to foreigners,","“Ma gyegili daha! Á aa mʋ Gyerusalɛm nɛ. Dɩ ámaa rɛ ko pele doŋ, ba sɩ kaŋ mɩyaŋ Nihuwobiŋ Biye, a kaŋ mʋ tɩya wɩɩkyʋwal sɩlaala nɩhɩyasɩ, abee Wɩɩsɩ Teŋ dɩdagɩla. Ba sɩ di ŋ sarɩya aŋ baa dɩ ʋ maga dɩ ba kpʋ ŋ nɛ, aŋ kana ŋ mʋ we nala hʋ aa bɩ yaa Gyuuma nosi tɩyaŋ dɩ ba kpʋ ŋ."
37,"and they answered, “When you come into your glory, please let one of us sit at your right side and the other at your left.”","Ba baa, “Ɩ aa sɩ di Wɩɩsɩ koro hʋ, a kaŋ feŋ, a hɔŋ ɩ kuwori kpasa hʋ nyuu, leŋ dɩ á yaa ɩ logiŋ hʋhɔnnɔ, dɩ kɩdɩgɩ hɔŋ ɩ noduu, dɩ kɩdɩgɩ mɛ hɔŋ ɩ nogɔbɔ.”"
38,"Jesus told them, “You don't really know what you're asking! Are you able to drink from the cup that I must soon drink from or be baptized as I must be baptized?”","Ɛɛ rɛ Yesu basɩ tɩya ba a baa, “Ma bɩ gyɩŋ kɩŋ hʋ ma aa kyɛ. Ma sɩ wuwo kaŋ bembii a na tʋwara hʋ ŋ aa sɩ na? Ma sɩ wuwo fo dɔgɩsɩɩ hʋ ŋ aa sɩ fo?”"
39,"“Yes, we are!” James and John answered. Then Jesus replied, “You certainly will drink from the cup from which I must drink. And you will be baptized just as I must!","Ba baa, “Waa, á sɩ wuwo.” Ɛɛ rɛ Yesu basɩ tɩya ba a baa, “Wɩtɩɩ rɛ ma basɩ. Tʋwara hʋ ŋ aa sɩ na, ʋ rɛ ma mɛ sɩ na. Dɔgɩsɩɩ hʋ ŋ aa sɩ fo, ʋ rɛ ma mɛ sɩ fo."
40,But it isn't for me to say who will sit at my right side and at my left. This is for God to decide.”,"Amɛ ŋ noduu abee ŋ nogɔbɔ hʋhɔnnɔ hʋ kɛ, ŋ daa sɩ lɩɩ ba. Wɩɩsɩ rɛ gyɩŋ nala hʋ ʋ aa mara doŋ biŋ pɔ.”"
41,"When the ten other disciples heard this, they were angry with James and John.","Yesu hatɩnna fi hʋ aa nɩya dɩ Gyemsi bee Gyɔɔŋ basɩ gɛɛ, ba kaŋ ba kɩ di dɔŋdɔŋ."
42,But Jesus called the disciples together and said: You know that those foreigners who call themselves kings like to order their people around. And their great leaders have full power over the people they rule.,"Ɛɛ rɛ Yesu yɩrɩ ba buloŋ ko laŋŋɩ a basɩ tɩya ba a baa, “Nala hʋ aa bɩ yaa Gyuuma, ka ma gyɩŋ ba kuworo aa kɩɩ gɛɛ rɛ. Ba aa hɔŋ ba nala nyuu tɩyaŋ nɛ, a kaŋ ba kɩ fɩla. Ka nala hʋ sɩlaala mɛ ha kaŋ ba dee wɩɩ buloŋ tɩyaŋ."
44,"And if you want to be first, you must be everyone's slave.","Ma nal hʋ aa kyɛ dɩ ʋ yaa ma tɩyaŋ kuwori, ʋ maga dɩ ʋ rɛ yaa ma tɩyaŋ yoŋ."
45,"The Son of Man did not come to be a slave master, but a slave who will give his life to rescue many people. Jesus Heals Blind Bartimaeus (Matthew","Mɩyaŋ Nihuwobiŋ Biye, ŋ bɩ ko dɩ ŋ kyɛ nala dɩ ba tʋma kɩ tɩya ŋ, ŋ ko dɩ ŋ tʋma tɩya ba rɛ aŋ sʋba, a kpa ŋ mɩɩbol tuŋ laa nɩgyamaa mɩɩbolo ta tɩya ba.” Yesu suro Batimeyo sɩya Matiwu"
46,"Jesus and his disciples went to Jericho. And as they were leaving, they were followed by a large crowd. A blind beggar by the name of Bartimaeus son of Timaeus was sitting beside the road.","Yesu bee ʋ hatɩnna hʋ gyɩ sii mʋ Gyɛriko rɛ. Saŋa hʋ ba aa sii lɩɩ bee hʋ tɩyaŋ a kɩ mʋ, nɩgyamaa sii paa tɩŋ ba hal. Ba buloŋ kpaa kɩ mʋ dɩ nyʋlʋŋ kɩdɩgɩ rɛ hɔŋ ŋmanɩɩ hʋ nyʋwa gɛɛ, a kɩ sʋla kɩna. Ʋ feŋ nɛ yaa Batimeyo, a yaa Timeyo biibaal."
47,"When he heard that it was Jesus from Nazareth, he shouted, “Jesus, Son of David, have pity on me!”","Ʋ aa nɩɩ dɩ Yesu aa lɩɩ Nazarɛti rɛ aa ko, ʋ huwori yɩrɩ ʋ a baa, “Yesu, Deviti nihii, fá ŋ sikii.”"
48,"Many people told the man to stop, but he shouted even louder, “Son of David, have pity on me!”","Nɩgyamaa nɔsɩ ʋ dɩ ʋ leŋ ʋ kyagɩŋsɩ hʋ. Ka ʋ vɩya aŋ marɩ yɩrɩ te gɛɛ a baa, “Yesu, Deviti nihii, fá ŋ sikii.”"
49,"Jesus stopped and said, “Call him over!” They called out to the blind man and said, “Don't be afraid! Come on! He is calling for you.”","Ɛɛ rɛ Yesu mɩɩgɩ sɩŋ, aŋ baa dɩ ba yɩrɩ ʋ dɩ ʋ ko. Ɛɛ rɛ ba yɩrɩ nyʋlʋŋ hʋ a basɩ tɩya ʋ a baa, “Kana ɩ tɩɩ aŋ sii ko. Ʋ aa yɩrɩ ɩ rɛ.”"
50,The man threw off his coat as he jumped up and ran to Jesus.,"Ʋ aa nɩɩ gɛɛ, ʋ wuri ʋ wagyɛ ta, a sii gyaa kyigisi, aŋ kpa ko pele Yesu."
51,"Jesus asked, “What do you want me to do for you?” The blind man answered, “Master, I want to see!”","Ɛɛ rɛ Yesu pɩyɛsɩ ʋ a baa, “Bekiŋ nɛ ɩ kɩ kyɛ dɩ ŋ yaa tɩya ɩ?” Ɛɛ rɛ ʋ basɩ tɩya ʋ a baa, “Ŋ nɩhɩyawʋ, leŋ dɩ ŋ sɩya suri dɩ ŋ bɩl kɩ na.”"
52,"Jesus told him, “You may go. Your eyes are healed because of your faith.” At once the man could see, and he went down the road with Jesus.","Ɛɛ rɛ Yesu basɩ tɩya ʋ a baa, “Ɩ laa ŋ di rɛ, ɛɛ rɛ leŋ ɩ deye. Kɩ mʋ.” Ɛɛ rɛ ʋ sɩya pirigi suri, ʋ kɩ tɩŋ Yesu hal ŋmanɩɩ hʋ tɩyaŋ."
11,"After Jesus had gone to Jerusalem, he went into the temple and looked around at everything. But since it was already late in the day, he went back to Bethany with the twelve disciples. Jesus Puts a Curse on a Fig Tree (Matthew","Ɛɛ rɛ Yesu mʋ Gyerusalɛm, a mʋ gyʋʋ Wɩɩkyʋwaldɩɩbal hʋ, a deŋ kɩna hʋ buloŋ a we doŋ. Ʋ aa ko deŋ teŋ dɩ lee bile. Ɛɛ rɛ ʋ bee ʋ hatɩnna fi abee balɩya hʋ mɩɩgɩ mʋ Bɛɛtani a pɩŋ doŋ. Yesu ŋmɩyɛsɩ we tɩya tɩyaŋ Matiwu"
19,"That evening, Jesus and the disciples went outside the city. A Lesson from the Fig Tree (Matthew","Ʋ dɩdaana gyɩ aa ko pele, Yesu bee ʋ hatɩnna hʋ mɩɩgɩ lɩɩ tɔɔ hʋ tɩyaŋ. Yesu daga tɩya hʋ sʋʋ memii Matiwu"
28,"They asked, “What right do you have to do these things? Who gave you this authority?”",“Bekiŋ dee rɛ ɩ kana a kɩ yaa wɩya no buloŋ? Aŋnɛ rɛ tɩya ɩ ŋmanɩɩ ɩ kɩ yaa ba?”
3,"If anyone asks why you are doing this, say, ‘The Lord needs it and will soon bring it back.’ ”","Dɩ mamaa rɛ ko kɩ puri, dɩ ba pɩyɛsɩ ma baa bee rɛ tɩŋ ma kɩ puri, ma baa, ‘Tɩɩna hʋ rɛ aa kyɛ. Ʋ rɛ baa á puri kaŋ ko. Á sɩ mɩɩgɩ kana ʋ ko lagɩ.”’"
4,"The disciples left and found the donkey tied near a door that faced the street. While they were untying it,",Ba aa tɩŋ ŋmanɩɩ hʋ kɩ baŋ dɩ ba vʋwa kokubiye sɩgɩ dɩya kɩdɩgɩ dimbee nyʋwa tɩyaŋ. Ba mʋ dɩ ba puri.
5,"some of the people standing there asked, “Why are you untying the donkey?”","Ba aa puri kokubiye hʋ tɩyaŋ nɛ, nala badɔmɔŋ aa sɩŋ doŋ pɩyɛsɩ ba a baa, “Bee rɛ tɩŋ ma kɩ puri kokubiye hʋ?”"
6,"They told them what Jesus had said, and the people let them take it.","Ɛɛ rɛ ba basɩ gɛɛ hʋ Yesu aa baa dɩ ba basɩ. Ba aa basɩ gɛɛ, ba leŋ ba puri mʋ."
7,"The disciples led the donkey to Jesus. They put some of their clothes on its back, and Jesus got on.","Ba kaŋ kokubiye hʋ ko tɩya Yesu, a wuri ba gannɩ a dɔbɔ kokubiye hʋ tɩyaŋ, Yesu gyɩŋ hɔŋ."
9,"In front of Jesus and behind him, people went along shouting, “Hooray! God bless the one who comes in the name of the Lord!","Nala hʋ badɔmɔŋ we ʋ sɩya, ba badɔmɔŋ mɛ kɩ tɩŋa ʋ hal. Ba buloŋ kɩ kyɩɩrɩ, a baa, “Ma dannɩ ʋ! Tabarikala! Wɩɩsɩ sɩ pɛ nal hʋ aa ko á Tɩɩna feŋ tɩyaŋ."
10,God bless the coming kingdom of our ancestor David. Hooray for God in heaven above!”,Á naabaa Deviti koro hʋ rɛ bɩl aa ko. Wɩɩsɩ sɩ leŋ dɩ ʋ ko. Ma leŋ dɩ á dannɩ Wɩɩsɩ.”
18,"The chief priests and the teachers of the Law of Moses heard what Jesus said, and they started looking for a way to kill him. They were afraid of him, because the crowds were completely amazed at his teaching.","Wɩɩkyʋwal sɩlaala nɩhɩyasɩ abee Wɩɩsɩ Teŋ dɩdagɩla hʋ aa ko nɩɩ wɩya hʋ ʋ aa yaa, ba piili kɩ kyɛ ŋmanɩɩ hʋ ba aa sɩ tɩŋa a lɩɩ ʋ mɩɩbol. Beewɩya ʋ wɩdagɩya hʋ gyɩ gyʋʋ gyamaa hʋ buloŋ dɩgɩŋ nɛ a yaa ba nyʋʋfɩyɛlɩ. Nyɛ rɛ tɩŋ kambɩŋ gyɩ kaŋ wɩɩkyʋwal sɩlaala nɩhɩyasɩ abee Wɩɩsɩ Teŋ dɩdagɩla hʋ, ba kɩ kyɛ ŋmanɩɩ dɩ ba lɩɩ ʋ mɩɩbol gɛɛ."
14,"So Jesus said to the tree, “Never again will anyone eat fruit from this tree!” The disciples heard him say this. Jesus in the Temple (Matthew","Ɛɛ rɛ Yesu basɩ tɩya tɩya hʋ a baa, “Á lɩɩ gyɩnaŋ a kaŋ kɩ mʋ, nal buloŋ bɩl bɩ sɩ na ɩ nɔŋ di.” Ʋ hatɩnna hʋ nɩɩ ʋ aa basɩ gɛɛ. Yesu kile nala hʋ aa yallɩ kɩna Wɩɩkyʋwaldɩɩbal hʋ tɩyaŋ Matiwu"
17,"Then he taught the people and said, “The Scriptures say, ‘My house should be called a place of worship for all nations.’ But you have made it a place where robbers hide!”","Ɛɛ rɛ Yesu piili kɩ daga ba, a baa, “Ma bɩ liisi wɩya hʋ ba aa saba Wɩɩsɩ teŋ hʋ tɩyaŋ? Ba saba dɩ Wɩɩsɩ baa ʋ dɩya sɩ yaa lee hʋ paalʋʋsɩ buloŋ nala aa sɩ kɩ kyʋwalɩ Wɩɩsɩ rɛ, aŋka ma kɛ mɩɩgɩ kaŋ doŋ bɩrɩmɩ gaala dɩya.”"
22,Jesus told his disciples: Have faith in God!,"Ɛɛ rɛ Yesu basɩ tɩya ba a baa, “Ma laa Wɩɩsɩ di."
15,"After Jesus and his disciples reached Jerusalem, he went into the temple and began chasing out everyone who was selling and buying. He turned over the tables of the moneychangers and the benches of those who were selling doves.","Ɛɛ rɛ ba mʋʋ pele Gyerusalɛm. Ba aa ko pele doŋ, Yesu mʋ gyʋʋ Wɩɩkyʋwaldɩɩbal hʋ, dɩ nala badɔmɔŋ we doŋ a kɩ yallɩ kɩna, ka badɔmɔŋ mɛ kɩ yɔbɔ kɩna. Yesu kile ba buloŋ ta, ba lɩɩ. Baala badɔmɔŋ mɛ gyɩ we doŋ a kɩ kyeŋgi molbiye. Yesu ŋmaa ba teebʋlsɩ mɛ lo. Baala badɔmɔŋ mɛ gyɩ aa yallɩ kokosi, ʋ ŋmaa ba kpasɩnɩ mɛ lo."
16,Jesus would not let anyone carry things through the temple.,Ʋ bɩ laa dɩ nal buloŋ kaŋ kɩyallɩya ko tɩŋ Wɩɩkyʋwaldɩya hʋ gyaŋwuwo tɩyaŋ baŋ.
24,"Everything you ask for in prayer will be yours, if you only have faith.","Ɛɛ wɩya kɩna hʋ kɛ buloŋ ma aa sʋla Wɩɩsɩ kɩ kyɛ, dɩ mamaa rɛ laa di anɩɩ ma sɩ na ba, ma aa na ba rɛ."
26,"Whenever you stand up to pray, you must forgive what others have done to you. Then your Father in heaven will forgive your sins. A Question about Jesus' Authority (Matthew","Amɛ dɩ ɩ rɛ bɩ kpaa wɩya kɩ kyɛ ɩ dɔŋtɩŋsɩ, ɩ kuwo Wɩɩsɩ aa we wɩɩsɩbee tɩyaŋ mɛ bɩ sɩ kpa ɩ wɩbɔmɔ kyɛ ɩ.” Ba pɩyɛsɩ Yesu ʋ dee wɩya Matiwu"
27,"Jesus and his disciples returned to Jerusalem. And as he was walking through the temple, the chief priests, the nation's leaders, and the teachers of the Law of Moses came over to him.","Nyɛ rɛ ba bɩl ko Gyerusalɛm a mʋ gyʋʋ Wɩɩkyʋwaldɩɩbal hʋ. Yesu aa vala Wɩɩkyʋwaldɩya hʋ gyaŋwuwo tɩyaŋ gɛɛ rɛ, wɩɩkyʋwal sɩlaala nɩhɩyasɩ abee Wɩɩsɩ Teŋ dɩdagɩla, abee Gyuuma nɩhɩyasɩ hʋ buloŋ sii ko ʋ lee a pɩyɛsɩ ʋ a baa,"
29,"Jesus answered, “I have just one question to ask you. If you answer it, I will tell you where I got the right to do these things.","Ɛɛ rɛ Yesu basɩ tɩya ba a baa, “Ŋ mɛ sɩ pɩyɛsɩ ma wɩdɩgɩ. Dɩ mamaa rɛ ko lɩɩ ʋ sɩɩ tɩya ŋ, ŋ mɛ sɩ daga ma dee hʋ ŋ aa kana memii.”"
30,Who gave John the right to baptize? Was it God in heaven or merely some human being?”,"Ɛɛ rɛ ʋ pɩyɛsɩ ba a baa, “Kɩbee rɛ gyɩ tɩya Gyɔɔŋ Wɩɩsɩnɩɩfool hʋ ŋmanɩɩ ʋ kɩ fo nala wɩɩkyʋwalnɩɩ? Wɩɩsɩ rɛ koo nihuwobiŋ nɛ? Ma daga ŋ.”"
31,"They thought it over and said to each other, “We can't say that God gave John this right. Jesus will ask us why we didn't believe John.","Ba piili kaŋ wɩɩ hʋ kɩ kpa dɔmɔŋ a baa, “Wɩbee rɛ á sɩ na tɩya ʋ? Dɩ ámaa rɛ baa Wɩɩsɩ lee rɛ ʋ lɩɩ, ʋ sɩ pɩyɛsɩ ma baa bee rɛ yaŋ tɩŋ á bɩ laa wɩya hʋ ʋ aa basɩ di?"
32,"On the other hand, these people think that John was a prophet. So we can't say it was merely some human who gave John the right to baptize.” They were afraid of the crowd","Á yaŋ sɩ wuwo baa ʋ lɩɩ nihuwobiŋ lee kɛ? Aayɩ.” Kambɩŋ gyɩ kaŋ ba rɛ nala hʋ aa we doŋ wɩya, beewɩya nala basa anɩɩ Gyɔɔŋ fa kɔnɩ yaa Wɩɩsɩ tɩŋdaal lɛ."
33,"and told Jesus, “We don't know.” Jesus replied, “Then I won't tell you who gave me the right to do what I do.”","Ɛɛ rɛ ba basɩ tɩya Yesu a baa, “Á bɩ gyɩma.” Yesu mɛ basɩ tɩya ba a baa, “Ɛɛ kɛ, ŋ mɛ bɩ sɩ daga ma nal hʋ aa tɩya ŋmanɩɩ ŋ kɩ yaa wɩya no.”"
33,"It is also true that we must love God with all our heart, mind, and strength, and that we must love others as much as we love ourselves. These commandments are more important than all the sacrifices and offerings that we could possibly make.”","Ɩ aa sɩ kaŋ ɩ bembii buloŋ, abee ɩ tɩbɩɩna buloŋ, abee ɩ wɩɩ wɩɩ buloŋ a kyo Wɩɩsɩ, a kyo ɩ dɔŋtɩɩna mɛ anɩɩ ɩ aa kyo ɩ tɩɩ gɛɛ, ʋ rɛ kpɩya ɩ aa sɩ kaŋ pʋsɩ kpʋ a fisi ba buloŋ tɩya Wɩɩsɩ, koo ɩ aa kpaa kɩna a lɩɩ wɩɩsʋlɩɩ tɩya Wɩɩsɩ.”"
9,"Jesus asked, “What do you think the owner of the vineyard will do? He will come and kill those renters and let someone else have his vineyard.","Ɛɛ rɛ Yesu pɩyɛsɩ ba a baa, “Ba aa maga nyɛ, ɛɛ rɛ baga hʋ tɩɩna sɩ yaa? Ʋ sɩ ko leŋ dɩ ba kpʋ haŋ tʋŋtʋnna hʋ buloŋ, aŋ ka dɩ ʋ kpa baga hʋ tɩya nɩdʋŋsɩ.”"
19,"Teacher, Moses wrote that if a married man dies and has no children, his brother should marry the widow. Their first son would then be thought of as the son of the dead brother.","“Á Tɩɩna, Moosi saba Wɩɩsɩ Teŋ tɩyaŋ anɩɩ dɩ baal lɛ kpaa haaŋ, dɩ ʋ bee haaŋ hʋ bɩ lʋl biye ka dɩ baal hʋ sʋba, dɩ ʋ maga dɩ ʋ naabiye kpa haaŋ hʋ rɛ, a lʋl biisi tɩya ʋ maana hʋ."
2,"When it was harvest time, he sent a servant to get his share of the grapes.","Tɩɩnɔnɔ hʋ tɔrɩɩ gyɩ aa ko pele, ʋ tɩŋ ʋ dɩya tʋŋtʋnna hʋ kɩdɩgɩ dɩ ʋ mʋ baga tʋŋtʋnna hʋ lee a laa ʋ tɩɩnɔnɔ tol ko. Ʋ sii kpa mʋ."
3,"The renters grabbed the servant, beat him up, and sent him away without a thing.","Baga tʋŋtʋnna hʋ sii kana ʋ a ŋmaa ʋ, aŋ leŋ ʋ kaŋ nohɩlɩya mɩɩgɩ mʋ baga hʋ tɩɩna lee."
5,"Then the man sent another servant, and they killed him. He kept sending servant after servant. They beat some of them and killed some.","Ʋ bɩl tɩŋ nitoo tɩɩna, ʋ mɛ bɩl mʋ. Ba paalɩ kpʋ ʋ kɛ. Nɩgyamaa hʋ buloŋ ʋ aa tɩma, gɛɛ tɩɩ rɛ ba yaa ba buloŋ. Ba ŋmaa badɔmɔŋ nɛ aŋ kpʋ badɔmɔŋ mɛ."
6,"The owner had a son he loved very much. Finally, he sent his son to the renters because he thought they would respect him.","Ba kateŋse tɩyaŋ, ʋ biibaal dʋŋ nɛ ko mʋ ka. Ɛɛ rɛ ʋ sii tɩma ʋ aŋ baa, “Dɩ ŋ biye tɩɩ kɛ rɛ mʋwa, ba sɩ tɩya ʋ gyɩrɩma.” Ʋ mɛ bɩl kpa mʋ."
8,"So they grabbed the owner's son, killed him, and threw his body out of the vineyard.","Ba kaŋ biye hʋ, a ŋmaa ʋ kpʋ, a kpa ʋ yuwo ta ɔhɔ tɩyaŋ.”"
11,"This is something the Lord has done, and it is amazing to us.’ ”",Á Tɩɩna Wɩɩsɩ tʋma rɛ gɛɛ. Ʋ yaa ma wɩkperii rɛ?”’
12,"The leaders knew that Jesus was really talking about them, and they wanted to arrest him. But because they were afraid of the crowd, they let him alone and left. Paying Taxes (Matthew","Yesu aa basɩ gɛɛ, Gyuuma nɩhɩyasɩ hʋ gyɩ kɩ kyɛ dɩ ba kana ʋ tɔ dɩyaŋ, beewɩya ba gyɩma anɩɩ ba aa rɛ ʋ maga namaga hʋ kɩ daga. Amɛ ba gyɩ aa fá nala hʋ aa we doŋ nɛ. Ɛɛ rɛ tɩŋ ba lem-ʋ aŋ mʋ. Ba pɩyɛsɩ Yesu lampoo tunii wɩya Matiwu"
15,"Jesus knew what they were up to, and he said, “Why are you trying to test me? Show me a coin!”","Amɛ Yesu gyɩ gyɩma anɩɩ ba paala rɛ a basɩ. Ɛɛ rɛ ʋ pɩyɛsɩ ba a baa, “Bee rɛ tɩŋ ma kɩ magɩsɩ ŋ nyɛ? Ma kaŋ molbinʋʋ hʋ kɩdɩgɩ ko dɩ ŋ na.”"
26,"You surely know about people being raised to life. You know that in the story about Moses and the burning bush, God said, “I am the God worshiped by Abraham, Isaac, and Jacob.”","Ɛɛ rɛ Yesu basɩ tɩya ba a baa, “Na ma aa pɩyɛsɩ ŋ nala aa sɩ sii sʋʋ tɩyaŋ wɩya rɛ. Ma bɩ karɩma wɩya hʋ Moosi aa saba Wɩɩsɩ teŋ tɩyaŋ, lee hʋ ʋ fa aa basa tɩɩpuso hʋ aa di diŋ hʋ wɩya? Wɩɩsɩ basɩ tɩya ʋ rɛ a baa dɩ ʋ rɛ yaa Wɩɩsɩ hʋ Abɩraham abee Azɩkɩ abee Gyeekɔbɩ gyɩ aa tɩŋa."
13,The Pharisees got together with Herod's followers. Then they sent some men to trick Jesus into saying something wrong.,"Ɛɛ hal tɩyaŋ nɛ ba mʋ tɩŋ Farasiima abee Hɛrɔtɩ hatɩnna badɔmɔŋ dɩ ba bɩl mʋ Yesu lee a magɩsɩ ʋ, a bara kana ʋ."
14,"They went to him and said, “Teacher, we know that you are honest. You treat everyone with the same respect, no matter who they are. And you teach the truth about what God wants people to do. Tell us, should we pay taxes to the Emperor or not?”","Ba kpa ko ʋ lee a basɩ tɩya ʋ a baa, “Á nɩhɩyawʋ, á gyɩma anɩɩ ɩ kaŋ wɩtɩɩ rɛ. Ɩ sɩya tuwo nal tɩyaŋ. Ɩ bee fá nɩbal buloŋ sɩɩ. Ɩ aa daga Wɩɩsɩ ŋmanɩɩ tɩɩ rɛ. Yaŋ daga tɩya ma, ʋ yaa ŋmanɩɩ rɛ dɩ á tuŋ lampoo kɩ tɩya Roma paalʋʋ kuworibal hʋ ba aa yɩrɩ Siiza? Ʋ maga dɩ á tuŋ kɩ tɩya ʋ rɛ koo á ta tuŋ kɩ tɩya ʋ?”"
16,"They brought him a silver coin, and he asked, “Whose picture and name are on it?” “The Emperor's,” they answered.","Ba kpa kɩdɩgɩ tɩya ʋ. Ɛɛ rɛ ʋ pɩyɛsɩ ba a baa, “Aŋnɛ nyuu bee ʋ feŋ nɛ ba kpaa biŋ molbii hʋ tɩyaŋ nyɛ?” Ɛɛ rɛ ba baa dɩ Roma paalʋʋ kuworibal hʋ nyuu abee ʋ feŋ nɛ."
17,"Then Jesus told them, “Give the Emperor what belongs to him and give God what belongs to God.” The men were amazed at Jesus. Life in the Future World (Matthew","Ʋ yaŋ basɩ tɩya ba baa, “Ɛɛ kɛ, kɩŋ hʋ aa yaa Roma paalʋʋ kuworibal hʋ kɩŋ, ma kpa tɩya ʋ, kɩŋ mɛ aa yaa Wɩɩsɩ kɩŋ, ma kpa tɩya Wɩɩsɩ.” Yesu aa basɩ nyɛ, ba yaa kyʋra. Doŋ nɛ ba lem-ʋ aŋ mʋ. Ba pɩyɛsɩ Yesu sʋʋnɩ mɩɩgɩ siiyi wɩya Matiwu"
40,But they cheat widows out of their homes and pray long prayers just to show off. They will be punished most of all. A Widow's Offering (Luke,"Ba aa fugo kyʋwalɩ Wɩɩsɩ kɩ pɩɩsɩ rɛ, aŋ kaŋ lohaana kɩna kɩ fasɩ. Saŋa hʋ tɩyaŋ Wɩɩsɩ aa sɩ di dʋnɩya sarɩya, ba aa rɛ sɩ na dɔgɩsɩɩ a te ba dɔŋtɩŋsɩ buloŋ.” Lohaaŋ hʋ aa kpaa ʋ molbiye buloŋ a sʋla Wɩɩsɩ Luka"
18,The Sadducees did not believe that people would rise to life after death. So some of them came to Jesus and said:,"Ɛɛ rɛ nala hʋ badɔmɔŋ ba aa yɩrɩ Sadusiima mɛ ko Yesu lee. Sadusiima fa bɩ laa di anɩɩ dɩ nal lɛ sʋba, ʋ sɩ bɩl sii sʋʋ tɩyaŋ. Ɛɛ rɛ ba pɩyɛsɩ Yesu a baa,"
24,Jesus answered: You are completely wrong! You don't know what the Scriptures teach. And you don't know anything about the power of God.,"Ɛɛ rɛ Yesu basɩ tɩya ba a baa, “Ma bɩ gyɩŋ Wɩɩsɩ teŋ, a bɩl bɩ gyɩŋ Wɩɩsɩ dee mɛ. Ɛɛ rɛ tɩŋ ma nyʋgɩsɩ nyɛ."
34,"When Jesus saw that the man had given a sensible answer, he told him, “You are not far from God's kingdom.” After this, no one dared ask Jesus any more questions. About David's Son (Matthew","Yesu aa naa dɩ baal hʋ lɩɩ wɩɩ hʋ sii abee wɩgyʋŋ gɛɛ, ʋ basɩ tɩya ʋ a baa, “Ɩ bee Wɩɩsɩ koro hʋ bɩ boliye.” Ʋ aa basɩ gɛɛ ko teŋ, nal buloŋ bɩl bɩ kaŋ nyʋwa ʋ aa sɩ pɩyɛsɩ ʋ wɩɩ buloŋ. Yesu daga nala Krisita hʋ wɩya Matiwu"
28,"One of the teachers of the Law of Moses came up while Jesus and the Sadducees were arguing. When he heard Jesus give a good answer, he asked him, “What is the most important commandment?”","Wɩɩsɩ Teŋ dɩdagɩl kɩdɩgɩ aa nɩɩ dɩ ba kaŋ wɩɩ hʋ kɩ ŋmaa nyʋʋtaaduwo gɛɛ, ʋ mɛ kpa ko ba lee. Ʋ aa naa dɩ Yesu lɩɩ wɩɩ hʋ sɩɩ weliŋ gɛɛ, ʋ pɩyɛsɩ ʋ a baa, “Wɩɩsɩ mɩrɩsɩ hʋ ʋ aa biŋ tɩya nala dɩ ba kɩ tɩŋa, ba tɩyaŋ kɩbee rɛ yaa wɩbal?”"
29,"Jesus answered, “The most important one says: ‘People of Israel, you have only one Lord and God.","Yesu basɩ tɩya ʋ a baa, “Ba basɩ tɩya Iziral nala rɛ a baa, ‘Iziral nala, ma gyegile nɩɩ ŋ taal. Á Tɩɩna Wɩɩsɩ dʋŋ nɛ we doŋ."
31,The second most important commandment says: ‘Love others as much as you love yourself.’ No other commandment is more important than these.”,"Wɩlɩya tɩɩna mɛ rɛ nyɛ, ‘Kyo ɩ dɔŋtɩɩna anɩɩ ɩ aa kyo ɩ tɩɩ gɛɛ.’ Wɩɩsɩ mɩrɩsɩ hʋ buloŋ lɩɩ wɩya no balɩya tɩyaŋ nɛ.”"
32,"The man replied, “Teacher, you are certainly right to say there is only one God.","Ɛɛ rɛ Wɩɩsɩ Teŋ dɩdagɩl hʋ basɩ tɩya ʋ a baa, “Á Tɩɩna, wɩtɩɩ rɛ ɩ basɩ. Wɩɩsɩ dʋŋ nɛ we doŋ, kɩŋ buloŋ bɩl tuwo, see Wɩɩsɩ dʋŋ."
41,Jesus was sitting in the temple near the offering box and watching people put in their gifts. He noticed that many rich people were giving a lot of money.,"Yesu gyɩ mʋʋ Wɩɩkyʋwaldɩɩbal hʋ rɛ, a mʋ hɔŋ kpaga lee hʋ nala aa kpa ba wɩɩsʋlɩɩ molbiye kɩ we, a kɩ deŋ gɛɛ hʋ ba aa we. Kɩna tɩmma hʋ ko kɩ we molbiye yʋga yʋga."
44,Everyone else gave what they didn't need. But she is very poor and gave everything she had. Now she doesn't have a cent to live on.,"nala hʋ buloŋ aa kpaa molbiye a sʋla Wɩɩsɩ, ba lɩya aŋ ka rɛ. Amɛ ʋ kɛ dɩya bee ʋ bee buloŋ nɛ ʋ kaŋ mʋ we gɛɛ.”"
35,"As Jesus was teaching in the temple, he said, “How can the teachers of the Law of Moses say the Messiah will come from the family of King David?","Ɛɛ rɛ Yesu bɩl kɩ daga nala Wɩɩkyʋwaldɩɩbal hʋ tɩyaŋ a pɩyɛsɩ ba a baa, “Bee rɛ tɩŋ Wɩɩsɩ Teŋ dɩdagɩla hʋ baa dɩ Krisita hʋ, laataal hʋ Wɩɩsɩ aa lɩya, sɩ yaa Deviti nihii?"
37,"If David called the Messiah his Lord, how can the Messiah be his son?” The large crowd enjoyed listening to Jesus teach. Jesus Condemns the Pharisees and the Teachers of the Law of Moses (Matthew","Deviti tɩɩ yɩrɩ nal no ʋ Tɩɩna rɛ. Ɛɛ rɛ ʋ yaŋ sɩ yaa a yaa ʋ nihii dʋŋ?” Nɩgyamaa rɛ gyɩ gyegile a nɩɩ Yesu wɩbasɩɩ hʋ, ba tenni fɩyɛlɩ. Yesu daga nala dɩ ba pɔ ba tɩɩma weliŋ abee Wɩɩsɩ Teŋ dɩdagɩla hʋ wɩya Matiwu"
38,"As Jesus was teaching, he said: Guard against the teachers of the Law of Moses! They love to walk around in long robes and be greeted in the market.","Yesu bɩl daga ba a baa, “Ma pɔ ma tɩɩ weliŋ abee Wɩɩsɩ Teŋ dɩdagɩla hʋ. Ba aa gɔllɩ we gyamaa tɩyaŋ nɛ abee ba gadoliye, a kɩ kyɛ dɩ nala kɩ tɩya ba gyɩrɩma aŋ kɩ kyʋwalɩ ba."
39,They like the front seats in the synagogues and the best seats at banquets.,"Ba aa kɩ kyɛ nɩbala lɩhɔnɩya rɛ wɩɩkyʋwaldɩɩsɩ tɩyaŋ. Dɩ ba aa rɛ yɩrɩ ba laŋŋʋʋ tɩyaŋ buloŋ, ba aa kyo dɩ ba hɔŋ nɩbala lɩhɔnɩɩ rɛ."
42,"Finally, a poor widow came up and put in two coins worth only a few pennies.","Ɛɛ rɛ lohanyaabʋ kɩdɩgɩ mɛ ko, a mʋ kpa aniiniima balɩya a we, kobo rɛ gɛɛ."
43,Jesus told his disciples to gather around him. Then he said: I tell you that this poor widow has put in more than all the others.,"Ɛɛ rɛ Yesu yɩrɩ ʋ hatɩnna hʋ a basɩ tɩya ba a baa, “Wɩtɩɩ rɛ ŋ basɩ kɩ tɩya ma, lohaaŋ no rɛ we molbii a te nal kɩdɩgɩ buloŋ daha, beewɩya"
1,"As Jesus was leaving the temple, one of his disciples said to him, “Teacher, look at these beautiful stones and wonderful buildings!”","Yesu aa lɩɩ Wɩɩkyʋwaldɩɩbal hʋ tɩyaŋ ko dɩ ʋ lɩɩ, ʋ hatɩnna hʋ kɩdɩgɩ basɩ tɩya ʋ a baa, “Ŋ Tɩɩna, na haŋ bʋbala hʋ ba aa kaŋ saa dɩya hʋ, ba weliye rɛ kɩŋkaŋ, lee hʋ buloŋ mɛ weliye.”"
2,"Jesus replied, “Do you see these huge buildings? They will certainly be torn down! Not one stone will be left in place.” Warning about Trouble (Matthew","Ɛɛ rɛ Yesu basɩ tɩya ʋ a baa, “Ɩ naa dɩya no aa yʋga gɛɛ rɛ. Amɛ ba sɩ ŋmaa ʋ buloŋ lo. Ba bɩ sɩ leŋ dɩ bʋdɩgɩ mɛ ka dɔbɔ ʋ dɔŋtɩɩna tɩyaŋ.” Tʋwara bee dɔgɩsɩɩ hʋ aa sɩ ko Matiwu"
6,Many will come and claim to be me. They will use my name and fool many people.,"Nɩgyamaa sɩ ko kpa ŋ feŋ anɩɩ ba aa rɛ yaa Krisita hʋ, a mʋrɩ nala yʋga."
3,"Later, as Jesus was sitting on the Mount of Olives across from the temple, Peter, James, John, and Andrew came to him in private.","Ɛɛ rɛ ba sii mʋ gyɩŋ Olivi dogimo hʋ nyuu, a hɔŋ kyaasɩ Wɩɩkyʋwaldɩɩbal hʋ. Doŋ nɛ Piita abee Gyemsi, abee Gyɔɔŋ, abee Aŋduru, lʋwɔlɩ ko pɩyɛsɩ Yesu a baa,"
14,"Someday you will see that “Horrible Thing” where it should not be. Everyone who reads this must try to understand! If you are living in Judea at that time, run to the mountains.","“Dɩ ma ko na kɩbɔŋlɔrɩ hʋ aa yaa sɩna dɩ ʋ sɩŋ lee hʋ aa bɩ maga dɩ ʋ we. Dɩ mamaa rɛ ko na gɛɛ, ma leŋ dɩ nala hʋ aa we Gyudɩya paalʋʋ tɩyaŋ fá mʋ gyɩŋ dogiŋsi nyuni a faŋa."
7,"When you hear about wars and threats of wars, don't be afraid. These things will have to happen first, but that isn't the end.","Ma sɩ nɩɩ bayuwo dɔmɔ ma paalʋʋ tɩyaŋ, a nɩɩ ʋ dɔmɔ liboliye tɩyaŋ mɛ. Amɛ dɩ mamaa rɛ ko nɩɩ ba gɛɛ, ma ta leŋ dɩ ʋ yaa ma beŋkyekpa. Wɩya no buloŋ sɩ yaa baŋ, amɛ dʋnɩya hʋ tenii ha daa gɛɛ."
19,"This will be the worst time of suffering since God created the world, and nothing this terrible will ever happen again.","Beewɩya Wɩɩsɩ aa mara dʋnɩya aa ko pele gyɩnaŋ, nal buloŋ ha bɩ naa tʋwara no dɔŋtɩɩna, nal mɛ bɩl bɩ sɩ na tʋwara gɛɛ a kaŋ kɩ mʋ maakyiye buloŋ."
4,"They asked, “When will these things happen? What will be the sign that they are about to take place?”",“Saŋa bee tɩyaŋ nɛ wɩya no buloŋ sɩ yaa? Bekiŋ wɩɩ rɛ á sɩ na a daga anɩɩ wɩya no aa kyɛ ba yaa rɛ?”
8,"Nations and kingdoms will go to war against each other. There will be earthquakes in many places, and people will starve to death. But this is just the beginning of troubles.",Paalʋʋ kɩdɩgɩ nala aa sɩ sii a mʋ yuwo paalʋʋ kɩdɩgɩ nala. Tɔɔ kɩdɩgɩ kuwori abee ʋ nala aa sɩ sii a mʋ yuwo kuwori kɩdɩgɩ mɛ abee ʋ nala. Taŋha sɩ gyigili leye yʋga tɩyaŋ. Losi mɛ sɩ gyʋʋ. Tʋwara no buloŋ kɩɩ gɛɛ nɩɩ haaŋ halʋllɩ-luwol aa piili kɩ wɩɩ.
9,"Be on your guard! You will be taken to courts and beaten with whips in their synagogues. And because of me, you will have to stand before rulers and kings to tell about your faith.","Amɛ ma kaŋ ma tɩɩ weliŋ. Ba sɩ kaŋ ma mʋ leye hʋ ma paalʋʋ nɩhɩyasɩ aa laŋŋɩ kɩ vʋʋlɩ wɩya, dɩ ba di ma sarɩya. Ba sɩ ŋmaa ma Gyuuma wɩɩkyʋwaldɩɩsɩ tɩyaŋ. Ma sɩ sɩŋ kuworo abee bee-nɩhɩyasɩ sɩya akuu ŋ wɩya, a di ŋ daŋsɩya."
10,"But before the end comes, the good news must be preached to all nations.","Amɛ see dɩ ba laa sɩya basɩ Wɩɩsɩ wɩweliye hʋ tɩya nala aa we dʋnɩya paalʋʋsɩ buloŋ tɩyaŋ, aŋka dɩ dʋnɩya no na teŋ."
11,"When you are arrested, don't worry about what you will say. You will be given the right words when the time comes. But you will not really be the ones speaking. Your words will come from the Holy Spirit.","Dɩ ba aa rɛ ko kaŋ ma mʋ dɩ ba di ma sarɩya, ma ta leŋ dɩ ma bembiye kɩ sii abee wɩya hʋ ma aa sɩ basɩ a laa ma tɩɩ. Ɛɛ saŋa, Wɩɩsɩ rɛ sɩ kpa wɩgyʋŋ we ma nyuni tɩyaŋ. Wɩɩ hʋ kɛ buloŋ aa ko ko ma nyuu, ma basɩ. Ma tɩɩ daa sɩ basɩ, Wiyesi Welii hʋ rɛ sɩ kpa we ma nyuni tɩyaŋ."
12,"Brothers and sisters will betray each other and have each other put to death. Parents will betray their own children, and children will turn against their parents and have them killed.",Nɩmmabalɩya sɩ kaŋ dɔmɔŋ mʋ tɩya dɩ ba kpʋ. Kuwoma mɛ sɩ yaa ba biisi gɛɛ tɩɩ. Biisi mɛ sɩ vɩya ba kuwoma abee ba nɩmma nyʋʋsɩ aŋ kaŋ ba mʋ tɩya dɩ ba kpʋ.
13,"Everyone will hate you because of me. But if you keep on being faithful right to the end, you will be saved. The Horrible Thing (Matthew","Nal buloŋ nɛ sɩ haasɩ ma, akuu ŋ wɩya. Amɛ, nal hʋ buloŋ aa sɩ kaŋ mala a mʋ teŋ, Wɩɩsɩ sɩ laa ʋ tɩɩna ta.” Yesu basɩ kɩbɔŋlɔrɩ hʋ aa yaa sɩna wɩya Matiwu"
15,"If you are on the roof of your house, don't go inside to get anything.","Dɩ nal buloŋ nɛ we salnyuu tɩyaŋ, aŋ nɩɩ wɩya no, ʋ ta bɩl lɔlɔ ʋ tɩɩ kɩ kyɛ dɩ ʋ tuu gyʋʋ dɩya paa ʋ kɩna."
20,"If the Lord doesn't make the time shorter, no one will be left alive. But because of his chosen and special ones, he will make the time shorter.","Dɩ Wɩɩsɩ fa bɩ keri kyɛyɛ hʋ ta, nɩdɩgɩ mɛ fa bɩ sɩ ka. Amɛ nala hʋ Wɩɩsɩ aa lɩya dɩ ba tɩŋa ʋ wɩya rɛ tɩŋ ʋ keri kyɛyɛ hʋ ta."
16,"If you are out in the field, don't go back for your coat.","Dɩ nal lɛ we baga tɩyaŋ aŋ nɩɩ wɩya no, dɩ ʋ ta mɩɩgɩ mʋ dɩya a kɩ kyɛ dɩ ʋ kpa ʋ gal."
17,It will be an awful time for women who are expecting babies or nursing young children.,Haluwokanna abee biifɩllɩ nɩmma sɩ na tʋwara yʋga.
18,Pray that it won't happen in winter.,Ma kɩ sʋla Wɩɩsɩ dɩ wɩɩ no ta yaa puwo saŋa.
23,But be on your guard! That's why I am telling you these things now. When the Son of Man Appears (Matthew,"Wɩya no buloŋ nɛ ŋ laa sɩya basɩ dɩ ŋ tɩya ma, ka dɩ saŋa hʋ na pele. Ma yaŋ gyɩŋ tɩya ma tɩɩ weliŋ.” Yesu basɩ ʋ dʋnɩya mɩɩgɩ koyi wɩya Matiwu"
29,"So when you see all these things happening, you will know that the time has almost come.","Ɛɛ tɩɩ rɛ dɩ mamaa rɛ ko na wɩya no buloŋ aa yaa, ma gyɩma anɩɩ mɩyaŋ Nihuwobiŋ Biye koyi kpaga rɛ."
31,"The sky and the earth will not last forever, but my words will. No One Knows the Day or Time (Matthew","Wɩɩsɩnyuu abee taŋha nyuu buloŋ sɩ teŋ, amɛ wɩya hʋ ŋ aa basa kɛ bɩ sɩ nyʋgɩsɩ maakyiye buloŋ.” Nal buloŋ bɩ gyɩŋ kyɛɛ hʋ wɩya no aa sɩ yaa Matiwu"
25,"The stars will fall, and the powers in the sky will be shaken.”",Kyɩŋwʋlɩya sɩ lɩɩ wɩɩsɩnyuu ko tuu kɩ tele. Ba sɩ kile wɩɩsɩnyuu kɩna hʋ buloŋ aa kaŋ dee dɩ ba lɩɩ ba liweeliye tɩyaŋ.
28,"Learn a lesson from a fig tree. When its branches sprout and start putting out leaves, you know summer is near.","“Ma kpa tɩɩsɩ a gʋnnɩ wɩgyʋŋ! Dɩ ma ko na tɩɩsɩ piile kɩ tɔsɔ, ma aa gyɩma anɩɩ yʋʋ kpaga rɛ."
26,Then the Son of Man will be seen coming in the clouds with great power and glory.,"Ɛɛ tɩyaŋ nɛ ma sɩ na mɩyaŋ Nihuwobiŋ Biye, dɩ ŋ tɩŋ taala tɩyaŋ ko kɩ tuu abee gaŋdarɩ abee dee."
27,He will send his angels to gather his chosen ones from all over the earth. A Lesson from a Fig Tree (Matthew,"Ɛɛ tɩyaŋ nɛ ŋ sɩ tɩŋ malɩkasɩ dɩ ba mʋ dʋnɩya logiŋ kɛ buloŋ a kaŋ nala hʋ buloŋ Wɩɩsɩ aa lɩya, a ko laŋŋɩ.” Ma kpa tɩɩsɩ a gʋnnɩ wɩgyʋŋ Matiwu"
32,"No one knows the day or the time. The angels in heaven don't know, and the Son himself doesn't know. Only the Father knows.","“Amɛ nal buloŋ bɩ gyɩŋ kyɛɛ hʋ wɩya no aa sɩ yaa. Malɩkasɩ aa we wɩɩsɩbee tɩyaŋ mɛ paalɩ bɩ gyɩma. Mɩyaŋ, Wɩɩsɩ Biye tɩɩ mɛ bɩ gyɩma, see ŋ Kuwo dʋŋ."
35,So be alert! You don't know when the master of the house will come back. It could be in the evening or at midnight or before dawn or in the morning.,"Ma yaŋ kɩ pɔ, beewɩya ma bɩ gyɩŋ kyɛɛ hʋ dɩya hʋ tɩɩna aa sɩ mɩɩgɩ ko, dɩ dɩdaana rɛɛ, dɩ tekere rɛɛ, dɩ sɩgballɩnyʋwa rɛɛ, koo dɩ kyɩkyʋwala rɛɛ, ma bɩ gyɩma."
33,So watch out and be ready! You don't know when the time will come.,"Ma gyɩŋ tɩya ma tɩɩ weliŋ, a yaa siri kɩ pɔ, beewɩya ma bɩ gyɩŋ kyɛɛ hʋ wɩya no aa sɩ yaa."
30,You can be sure that some of the people of this generation will still be alive when all this happens.,"Wɩtɩɩ rɛ ŋ basɩ kɩ tɩya ma, ma lagɩlagɩ no nala aa we ma mɩɩbol tɩyaŋ buloŋ bɩ sɩ sʋba teŋ, ka dɩ wɩya no yaa."
36,"But if he comes suddenly, don't let him find you asleep.",Ma gyɩŋ tɩya ma tɩɩ weliŋ aŋ kɩ pɔ dɩ ʋ ta ko pirigi ma tɩyaŋ dɩ ma aa pɩŋ doo.
34,"It is like what happens when a man goes away for a while and places his servants in charge of everything. He tells each of them what to do, and he orders the guard to keep alert.","Ʋ kɩɩ gɛɛ rɛ anɩɩ baal aa siye a kɩ kyɛ dɩ ʋ vala ŋmanɩɩ. Dɩ ʋ ko kɩ kyɛ ʋ lɩɩ dɩya tɩyaŋ, ʋ aa daga ʋ tʋŋtʋnna kɩdɩgɩ buloŋ ba tʋma rɛ, aŋ basɩ tɩya nal hʋ aa pɔ dimbee mɛ dɩ ʋ pɔ dɩya hʋ weliŋ, dɩ ʋ mʋ aŋ ko."
37,I tell everyone just what I have told you. Be alert!,"Wɩɩ hʋ ŋ aa basɩ kɩ tɩya ma, ʋ rɛ ŋ basɩ kɩ tɩya nal buloŋ, ma pɔ weliŋ.”"
2,"They were saying, “We must not do it during the festival, because the people will riot.” At Bethany (Matthew","Amɛ ba mɩɩgɩ vʋʋlɩ dɩ ba ta kana ʋ ba kyɛbal hʋ kyɛɛ, beewɩya dɩ ba aa rɛ yaa gɛɛ nala hʋ sɩ laa taawɛɛ. Haaŋ kɩdɩgɩ kpaa tʋranɩɩ tɩsɩ Yesu nyuu Matiwu"
45,"Judas walked right up to Jesus and said, “Teacher!” Then Judas kissed him,","Gyudasɩ aa pele lee hʋ Yesu aa we, ʋ degini ʋ lee mʋ aŋ baa, “Ŋ nɩhɩyawʋ,” aŋ guwori ʋ."
53,"Jesus was led off to the high priest. Then the chief priests, the nation's leaders, and the teachers of the Law of Moses all met together.","Ba gyɩ kaŋ Yesu mʋ wɩɩkyʋwal sɩlaala nɩhɩyawʋ hʋ dɩya rɛ. Ba aa ko doŋ dɩ wɩɩkyʋwal sɩlaala nɩhɩyasɩ, abee ba wɩɩkyʋwaldɩya nɩhɩyasɩ, abee Wɩɩsɩ Teŋ dɩdagɩla buloŋ laŋŋa."
4,"This made some of the guests angry, and they complained, “Why such a waste?","Ɛɛ rɛ nala hʋ badɔmɔŋ hɔŋ kɩ gʋrɩmɩ wɩya, aŋ kɩ pɩyɛsɩ dɔmɔŋ a baa, “Bee rɛ tɩŋ haaŋ no kaŋ tʋranɩɩ no kyogi ta nyɛ?"
9,"You may be sure that wherever the good news is told all over the world, people will remember what she has done. And they will tell others. Judas and the Chief Priests (Matthew","Wɩtɩɩ rɛ ŋ basɩ kɩ tɩya ma, dʋnɩya logiŋ kɛ buloŋ ba aa sɩ mʋ basɩ Wɩɩsɩ wɩweliye hʋ, ba sɩ lɩɩ wɩɩ no haaŋ no aa yaa a basɩ.” Gyudasɩ laa nyʋwa anɩɩ ʋ sɩ kpa Yesu yallɩ Matiwu"
16,The two disciples went into the city and found everything just as Jesus had told them. So they prepared the Passover meal.,"Ɛɛ rɛ ʋ hatɩnna hʋ sii lɩɩ a mʋ tɔɔ hʋ, a na wɩya hʋ buloŋ Yesu aa basɩ tɩya ba, dɩ ba yaa gɛɛ tɩɩ, ka ba yaa Dɩɩsɩ-parɩ-banɩɩ kyɛbal hʋ kɩdiiliye."
10,Judas Iscariot was one of the twelve disciples. He went to the chief priests and offered to help them arrest Jesus.,Ɛɛ rɛ Gyudasɩ Isɩkarɔtɩ aa yaa Yesu hatɩnna fi abee balɩya hʋ kɩdɩgɩ sii mʋ wɩɩkyʋwal sɩlaala nɩhɩyasɩ hʋ lee dɩ ʋ kpa Yesu yallɩ tɩya ba.
21,"The Son of Man will die, just as the Scriptures say. But it is going to be terrible for the one who betrays me. That man would be better off if he had never been born.” The Lord's Supper (Matthew","Mɩyaŋ Nihuwobiŋ Biye, ŋ sɩ sʋba anɩɩ ba aa saba ŋ wɩya gɛɛ. Amɛ nal hʋ aa kpaa mɩyaŋ Nihuwobiŋ Biye yallɩ, ʋ sɩ na tʋwara yʋga. Ba fa aa bɩ lʋla ʋ rɛ kpɩya.” Kɩdiiliye hʋ Yesu aa baa dɩ á di a kɩ liisi ʋ wɩya Matiwu"
23,"Jesus picked up a cup of wine and gave thanks to God. He gave it to his disciples, and they all drank some.","Ɛɛ rɛ ʋ bɩl kpa nɩɩnyʋwagbaŋbiye bee sɩŋ mɛ a kyʋwalɩ Wɩɩsɩ aŋgyʋwasʋ aŋ kpa tɩya ba, ba buloŋ nyʋwa nɩɩnyʋwagbaŋbiidɩgɩ hʋ tɩyaŋ."
30,"Jesus replied, “This very night before a rooster crows twice, you will say three times that you don't know me.”","Ɛɛ rɛ Yesu basɩ tɩya ʋ a baa, “Wɩtɩɩ rɛ, gyɩnaŋ tebine no, ɩ Piita, ɩ sɩ tʋwa naaŋsɩɩnyʋwa bʋto anɩɩ ɩ bɩ gyɩma ŋ, ka dɩ gyibal na wii naaŋsɩɩnyʋwa bʋlɩya.”"
31,"But Peter was so sure of himself that he said, “Even if I have to die with you, I will never say I don't know you!” All the others said the same thing. Jesus Prays (Matthew","Ɛɛ rɛ Piita basɩ abee sɩfɩyasɩ baa, “Dɩ ŋ beel-ɩ sɩ paalɩ sʋba mɛ, ŋ bɩ sɩ laa nyʋwa baa ŋ bɩ gyɩma ɩ.” Nɩkaalɩya hʋ buloŋ mɛ basɩ gɛɛ tɩɩ. Yesu kyʋwalɩ Wɩɩsɩ Gesamani tɩyaŋ Matiwu"
34,"told them, “I am so sad that I feel as if I am dying. Stay here and keep awake with me.”","Ʋ basɩ tɩya ʋ hatɩnna hʋ a baa, “Ŋ tɩya buloŋ nɛ kyogo, ŋ bembii kɩ kyɛ dɩ ʋ bori. Ma hɔŋ daha pɔ.”"
36,"Jesus walked on a little way. Then he knelt down on the ground and prayed, “Father, if it is possible, don't let this happen to me! Father, you can do anything. Don't make me suffer by drinking from this cup. But do what you want, and not what I want.”","A bɩl baa, “Ŋ Kuwo, ɩ wuwo kɩ yaa wɩɩ buloŋ nɛ. Lɩɩ tʋwara no aa sɩ ko ŋ tɩyaŋ. Amɛ, ŋ kyɛrɩ tɩyaŋ daa, ɩ kyɛrɩ tɩyaŋ nɛ.”"
38,"Stay awake and pray that you won't be tested. You want to do what is right, but you are weak.”","Ma kɩ kyʋwalɩ Wɩɩsɩ, a kɩ pɔ dɩ Sɩtaanɩ ta wuwo mʋrɩ ma. Ma tɩsɩ tɩyaŋ ma kyo dɩ ma aa yaa wɩweliye rɛ, amɛ ma bɩ kaŋ gɛɛ dee ma tɩɩ.”"
28,"But after I am raised to life, I will go ahead of you to Galilee.”","Amɛ Wɩɩsɩ sɩ kyisi ŋ sʋʋ tɩyaŋ. Dɩ mɩyaŋ nɛ ko sii, ŋ sɩ laa ma sɩya a mʋ Galili.”"
29,"Peter spoke up, “Even if all the others reject you, I never will!”","Ɛɛ rɛ Piita basɩ tɩya Yesu a baa, “Dɩ ba buloŋ sɩ fá vɩya ɩ ta mɛ, ŋ kɛ bɩ sɩ maakyiye mɩɩgɩ ɩ hal.”"
46,and the men grabbed Jesus and arrested him.,Ba buloŋ giri ko kana ʋ.
39,Jesus went back and prayed the same prayer.,"Ʋ bɩl mʋ a kyʋwalɩ Wɩɩsɩ, a bɩl basɩ gɛɛ tɩɩ."
32,"Jesus went with his disciples to a place called Gethsemane, and he told them, “Sit here while I pray.”","Ɛɛ rɛ ba mʋ gyʋʋ lee kɩdɩgɩ ba aa yɩrɩ Gesamani. Yesu basɩ tɩya ʋ hatɩnna hʋ a baa, “Ma hɔŋ daha ka dɩ ŋ mʋ kyʋwalɩ Wɩɩsɩ aŋ ko.”"
33,"Jesus took along Peter, James, and John. He was sad and troubled and","Ka ʋ kaŋ Piita abee Gyemsi abee Gyɔɔŋ a mʋ doŋ. Yesu tɩya gyɩ kyogo rɛ kɩŋkaŋ, haalɩ ʋ hakɩla buloŋ gyarɩ."
37,"When Jesus came back and found the disciples sleeping, he said to Simon Peter, “Are you asleep? Can't you stay awake for just one hour?","Ʋ kyʋwalɩ Wɩɩsɩ hʋ teŋ aŋ sii ko ʋ hatɩnna hʋ lee, dɩ ba pɩŋ doo. Ɛɛ rɛ ʋ pɩyɛsɩ Piita a baa, “Ɩ pɩna rɛ? Ɩ bɩ sɩ wuwo bara doo mʋhʋ anɩɩ hawadɩgɩ mɛ?"
40,"But when he returned to the disciples, he found them sleeping again. They simply could not keep their eyes open, and they did not know what to say.","Ʋ mɩɩgɩ kɩ ko dɩ ba bɩl pɩŋ doo, beewɩya doo gyɩ kaŋ ba rɛ weliŋ. Ba bɩ gyɩŋ ba aa sɩ basɩ wɩɩ hʋ buloŋ a tɩya ʋ."
41,"When Jesus returned to the disciples the third time, he said, “Are you still sleeping and resting? Enough of this! The time has come for the Son of Man to be handed over to sinners.","Ʋ mɩɩgɩ mʋ tootɩɩna aŋ ko pɩyɛsɩ ba a baa, “Ma ha pɩŋ kɩ wiyesi rɛ? Ʋ maga rɛ. Ma sii, saŋa hʋ pele rɛ. Ba sɩ kaŋ mɩyaŋ Nihuwobiŋ Biye a mʋ tɩya wɩbɔŋyaala."
42,Get up! Let's go. The one who will betray me is already here.” Jesus Is Arrested (Matthew,Ma sii dɩ á mʋ. Ma na! Nal hʋ aa sɩ kpa ŋ yallɩ rɛ aa ko.” Ba kaŋ Yesu Matiwu
47,Someone standing there pulled out a sword. He struck the servant of the high priest and cut off his ear.,"Nala hʋ aa sɩŋ doŋ ba kɩdɩgɩ lɩɩ ʋ takoobii, a ŋmaŋ nal kɩdɩgɩ dɩgɩŋ kyɔl. Nal hʋ dɩgɩŋ ba gyɩ aa ŋmaŋ kyɔl hʋ fa yaa wɩɩkyʋwal sɩlaala nɩhɩyawʋ dɩya yoŋ nɛ."
43,"Jesus was still speaking, when Judas the betrayer came up. He was one of the twelve disciples, and a mob of men armed with swords and clubs were with him. They had been sent by the chief priests, the nation's leaders, and the teachers of the Law of Moses.","Yesu aa basɩ gɛɛ ʋ nyʋwa ha bɩ tele taŋha dɩ Gyudasɩ rɛ mʋ kɩ ko gɛɛ. Ʋ fa yaa Yesu hatɩnna fi abee balɩya hʋ kɩdɩgɩ rɛ. Nɩgyamaa gyɩ giri kɩ tɩŋa ʋ hal. Badɔmɔŋ kolo takoobiye abee daŋgulo. Wɩɩkyʋwal sɩlaala nɩhɩyasɩ abee Wɩɩsɩ Teŋ dɩdagɩla abee ba bee-nɩhɩyasɩ rɛ gyɩ tɩŋ ba, ba ko."
44,"Judas had told them ahead of time, “Arrest the man I greet with a kiss. Tie him up tight and lead him away.”","Minaafigi tɩɩna hʋ gyɩ tɩya nala hʋ magɩl lɛ a baa, “Nal hʋ ŋ aa sɩ mʋ guwori, ʋ rɛ gɛɛ. Ma gurigi ʋ kɩ mʋ.”"
48,"Jesus said to the mob, “Why do you come with swords and clubs to arrest me like a criminal?","Ɛɛ rɛ Yesu pɩyɛsɩ ba a baa, “Ŋ yaa biibɔŋ nɛ, ma kol takoobiye abee daŋgulo a kɩ ko dɩ ma kana ŋ?"
49,"Day after day I was with you and taught in the temple, and you didn't arrest me. But what the Scriptures say must come true.”","Na kyɛɛ kɛ buloŋ nɛ ŋ beel-ma aa we Wɩɩkyʋwaldɩɩbal hʋ tɩyaŋ, ŋ kɩ daga ma Wɩɩsɩ wɩya, aŋka ma bɩ lʋga dɩ ma kana ŋ doŋ. Amɛ ŋ wɩya hʋ buloŋ ba aa saba Wɩɩsɩ teŋ tɩyaŋ, see ba buloŋ aa yaa.”"
50,All of Jesus' disciples ran off and left him.,Ɛɛ rɛ ʋ hatɩnna hʋ buloŋ vɩya ʋ ta aŋ fá.
51,"One of them was a young man who was wearing only a linen cloth. And when the men grabbed him,","Ka bapʋwasɩɩ kɩdɩgɩ mɛ aa baasɩ ʋ wagyɛ a kɩ tɩŋa Yesu hal, ba kɩ lʋga dɩ ba kana ʋ."
52,he left the cloth behind and ran away naked. Jesus Is Questioned by the Council (Matthew,Ɛɛ rɛ ʋ wuri ʋ wagyɛ hʋ ta aŋ kaŋ teŋbil a fá nyʋgɩsɩ. Ba kaŋ Yesu mʋ sarɩya lidiilii Matiwu
57,"Finally, some men stood up and lied about him. They said,","Ɛɛ rɛ nala badɔmɔŋ sii sɩŋ a nyɩya wɩya kɩ tɩya ʋ a baa,"
68,"Peter replied, “That isn't true! I don't know what you're talking about. I don't have any idea what you mean.” He went out to the gate, and a rooster crowed.","Piita tʋwa a baa, “Ŋ bɩ gyɩŋ wɩɩ hʋ ɩ aa basɩ tɩyaŋ,” aŋ sii lɩɩ sɩŋ paganyʋwa hʋ tɩyaŋ dɩ gyibalbuŋ wiye."
54,"Peter had followed at a distance, and when he reached the courtyard of the high priest's house, he sat down with the guards to warm himself beside a fire.","Ba aa kana ʋ kɩ mʋ gɛɛ, ka Piita lʋwɔlɩ kɩ tɩŋ ba hal a mʋ gyʋʋ wɩɩkyʋwal sɩlaala nɩhɩyawʋ hʋ gyaŋwuwo. Ʋ gyʋwa dɩ nala hʋ aa pɔ gyaŋwuwo hʋ hɔnɔ a kɩ wiyeni diŋ. Ʋ mɛ mʋ pɛ ba tɩyaŋ."
55,"The chief priests and the whole council tried to find someone to accuse Jesus of a crime, so they could put him to death. But they could not find anyone to accuse him.","Ɛɛ rɛ dɩ wɩɩkyʋwal sɩlaala nɩhɩyasɩ hʋ abee nɩkaalɩya hʋ buloŋ laŋŋa kɩ vʋʋlɩ wɩya, a kɩ kyɛ dɩ ba na wɩɩ hʋ Yesu aa yaa kyogi, a maga dɩ ba kpʋ ʋ. Aŋ kyɛ kyɛ wɩɩ lɔlɔ."
63,"At once the high priest ripped his robe apart and shouted, “Why do we need more witnesses?","Ʋ aa basɩ gɛɛ, baal hʋ kaŋ ʋ tɩɩ gannɩ kɩyɛsɩ aŋ baa, “Ʋ bɩ maga dɩ a bɩl kɩ kyɛ daŋsɩya tɩmma."
71,"This time Peter began to curse and swear, “I don't even know the man you're talking about!”","Ɛɛ rɛ Piita kaabɩ tɩya ʋ tɩɩ, aŋ ŋmɩyɛsɩ a baa, “Ŋ bɩ gyɩŋ baal no ma aa dagɩ.”"
58,“We heard him say he would tear down this temple that we built. He also claimed that in three days he would build another one without any help.”,"“Á nɩɩ dɩ baal no baa dɩ ʋ sɩ ŋmaa Wɩɩkyʋwaldɩɩbal hʋ nala aa saa a lo, aŋ bɩl wuwo saa kɩdɩgɩ kyɛyɛ boto bʋwaŋ ʋ dʋŋ bee ʋ dʋŋ.”"
59,But even then they did not agree on what they said.,Amɛ ba mɛ ha gyɩ basɩ wɩya kɩ bɩ dɔmɔŋ nɛ.
60,"The high priest stood up in the council and asked Jesus, “Why don't you say something in your own defense? Don't you hear the charges they are making against you?”","Ɛɛ rɛ wɩɩkyʋwal sɩlaala nɩhɩyawʋ hʋ sii lɩɩ sɩŋ nala hʋ tʋtʋʋ tɩyaŋ a pɩyɛsɩ Yesu a baa, “Ɩ bɩ nɩɩ nala no aa basɩ ɩ wɩya mɔɔ gɛɛ? Ɩ kɛ bɩ kaŋ wɩɩ ɩ aa sɩ basɩ?”"
61,"But Jesus kept quiet and did not say a word. The high priest asked him another question, “Are you the Messiah, the Son of the glorious God?”","Ɛɛ rɛ Yesu tallɩ ʋ nyʋwa a bɩ laa wɩɩ buloŋ basɩ. Ɛɛ rɛ baal hʋ bɩl pɩyɛsɩ ʋ a baa, “Ɩ rɛ yaa Krisita, laataal hʋ Wɩɩsɩ aa lɩya? Ɩ rɛ yaa Wɩɩsɩ Biye hʋ?”"
64,You heard him claim to be God! What is your decision?” They all agreed he should be put to death.,"Ma buloŋ nɩɩ ʋ aa tʋʋsɩ Wɩɩsɩ gɛɛ rɛ? Ɛɛ rɛ ma na?” Ɛɛ rɛ nala hʋ buloŋ baa dɩ ʋ kyogo rɛ, a maga dɩ ba kpʋ ʋ."
65,"Some of the people started spitting on Jesus. They blindfolded him, hit him with their fists, and said, “Tell us who hit you!” Then the guards took charge of Jesus and beat him. Peter Says He Doesn't Know Jesus (Matthew","Badɔmɔŋ sii, a tʋ naŋtʋwɔl we ʋ sɩya tɩyaŋ, aŋ vʋwa ʋ sɩya tɔ, aa ŋmaa ʋ, aŋ pɩyɛsɩ ʋ dɩ ʋ daga nal hʋ aa ŋmaa ʋ. Ɛɛ hal tɩyaŋ nɛ ba kana ʋ mʋ tɩya laalyuwolo hʋ, ba mɛ ŋmaa ʋ kyaŋkpaŋa tɩyaŋ. Piita tʋwa anɩɩ ʋ bɩ gyɩŋ Yesu Matiwu"
69,"The servant girl saw Peter again and said to the people standing there, “This man is one of them!”","Piita aa sɩŋ doŋ ɛɛ rɛ tʋŋtʋnnɩ toluu hʋ bɩl na ʋ a basɩ tɩya nala hʋ aa sɩŋ kpaga ʋ a baa, “Baal no mɛ yaa Yesu hatɩnna hʋ kɩdɩgɩ rɛ.”"
66,"While Peter was still in the courtyard, a servant girl of the high priest came up","Piita aa hɔŋ gyaŋwuwo hʋ tɩyaŋ gɛɛ rɛ, wɩɩkyʋwal sɩlaala nɩhɩyawʋ hʋ dɩya tʋŋtʋnnɩ-toluu kɩdɩgɩ ko lɩɩ"
67,"and saw Peter warming himself by the fire. She stared at him and said, “You were with Jesus from Nazareth!”","a na Piita dɩ ʋ hɔŋ kɩ wiyeni diŋ hʋ. Ʋ deŋ ʋ weliŋ aŋ basɩ tɩya ʋ a baa, “Ɩ mɛ fa aa tɩŋ Yesu aa lɩɩ Nazarɛti hal lɛ.”"
70,"“No, I'm not!” Peter replied. A little while later some of the people said to Peter, “You certainly are one of them. You're a Galilean!”","Piita bɩl tʋwa a baa dɩ ʋ daa. Mʋhʋ sʋwaa, dɩ nala hʋ aa sɩŋ doŋ mɛ basɩ tɩya ʋ a baa, “Wɩtɩɩ rɛ, ɩ mɛ yaa ba kɩdɩgɩ rɛ, ɩ lɩɩ Galili rɛ.”"
72,"At once the rooster crowed a second time. Then Peter remembered that Jesus had told him, “Before a rooster crows twice, you will say three times that you don't know me.” So Peter started crying.","Ʋ aa basɩ gɛɛ teŋ dɩ gyibal wiye ʋ lɩya tɩɩna. Piita liisi wɩɩ hʋ Yesu aa basɩ tɩya ʋ anɩɩ ʋ sɩ tʋwa ʋ naaŋsɩɩnyʋwa bʋto, ka dɩ gyibal na wii naaŋsɩɩnyʋwa bʋlɩya. Ɛɛ rɛ ʋ kaŋ ʋ nyuu gʋra a wii weliŋ."
1,"Early the next morning the chief priests, the nation's leaders, and the teachers of the Law of Moses met together with the whole Jewish council. They tied up Jesus and led him off to Pilate.","Ʋ sɩgballɩya kyɩkyʋwala pipi, wɩɩkyʋwal sɩlaala nɩhɩyasɩ hʋ, abee bee nɩhɩyasɩ, abee Wɩɩsɩ Teŋ dɩdagɩla, abee nala hʋ buloŋ aa laŋŋɩ kɩ vʋʋlɩ wɩya, ba buloŋ nɛ gyɩ ko laŋŋɩ a vʋʋlɩ gɛɛ hʋ ba aa sɩ yaa Yesu. Ɛɛ hal tɩyaŋ nɛ ba kana ʋ vʋwa, aŋ kana ʋ mʋ Pilato lee."
11,But the chief priests told the crowd to ask Pilate to free Barabbas.,"Ɛɛ rɛ wɩɩkyʋwal sɩlaala nɩhɩyasɩ hʋ mʋrɩ nala hʋ we anɩɩ ba leŋ ba lɩɩ Barabaasɩ ta, aŋ leŋ Yesu."
14,"Pilate asked, “But what crime has he done?” “Nail him to a cross!” they yelled even louder.","Ɛɛ rɛ Pilato pɩyɛsɩ ba a baa, “Bekiŋ wɩbɔŋ nɛ ʋ yaa?” Ɛɛ rɛ ba marɩ nɔsɩ yʋga a baa, “Kpaasɩ ʋ mal daagarɩɩ tɩyaŋ.”"
5,"But Jesus did not answer, and Pilate was amazed. The Death Sentence (Matthew",Amɛ Yesu bɩl bɩ suri ʋ nyʋwa. Wɩɩ hʋ kperi Pilato. Ba laa nyʋwa anɩɩ ba sɩ kpʋ Yesu Matiwu
18,"They made fun of Jesus and shouted, “Hey, you king of the Jews!”","Ka ba aa tuu gbinni ʋ sɩya, a yaa ʋ sɩya a baa, “Gyuuma kuwori, Wɩɩsɩ sɩ tɩya ɩ mɩɩbodolii!”"
4,"Then Pilate questioned him again, “Don't you have anything to say? Don't you hear what crimes they say you have done?”","Ɛɛ rɛ Pilato bɩl pɩyɛsɩ Yesu a baa, “Ɩ bɩ kaŋ wɩɩ buloŋ ɩ aa sɩ basɩ tɩya ba? Deŋ na wɩya mɔɔgɛɛ ba baa dɩ ɩ kyogo.”"
15,"Pilate wanted to please the crowd, so he set Barabbas free. Then he ordered his soldiers to beat Jesus with a whip and nail him to a cross. Soldiers Make Fun of Jesus (Matthew","Pilato gyɩ aa kyɛ dɩ ʋ yaa nala hʋ wɩkyɛɛlɩɩ wɩya, ʋ lɩɩ Barabaasɩ ta aŋ leŋ ba vɩɩrɩ Yesu aŋ baa dɩ ba kana ʋ mʋ kpaasɩ mal daagarɩɩ tɩyaŋ. Laalyuwolo yaa Yesu sɩya Matiwu"
26,"On it was a sign that told why he was nailed there. It read, “This is the King of the Jews.”","Ba aa baa Yesu yaa wɩya hʋ kyogi, ba aa rɛ ba gyɩ sabɩ mal daagarɩɩ hʋ tɩyaŋ a baa, “Gyuuma kuwori hʋ rɛ nyɛ.”"
13,"They yelled, “Nail him to a cross!”","Ɛɛ rɛ ba buloŋ nɔsɩ yʋga a baa, “Kpaasɩ ʋ mal daagarɩɩ tɩyaŋ.”"
39,"A Roman army officer was standing in front of Jesus. When the officer saw how Jesus died, he said, “This man really was the Son of God!”","Laalyuwolo nɩhɩyawʋ kɩdɩgɩ fa aa sɩŋ pɔ Yesu aa naa gɛɛ ʋ aa kyiyese abee gɛɛ ʋ aa sʋba, ʋ baa, “Wɩtɩɩ, baal no rɛ kɔnɩ yaa Wɩɩsɩ Biye hʋ.”"
16,The soldiers led Jesus inside the courtyard of the fortress and called together the rest of the troops.,"Ɛɛ rɛ laalyuwolo hʋ kana ʋ lɩɩ ba kuworibal hʋ gyaŋwuwo tɩyaŋ, a yɩrɩ ba laalyuwolo buloŋ ko laŋŋɩ."
7,And at that time there was a prisoner named Barabbas. He and some others had been arrested for murder during a riot.,"Nala badɔmɔŋ gyɩ kaa kasɩ rɛ a kpʋ nala, ba gyɩ kasɩ tɔ dɩyaŋ. Ba kɩdɩgɩ feŋ nɛ yaa Barabaasɩ."
8,"The crowd now came and asked Pilate to set a prisoner free, just as he usually did.",Ɛɛ rɛ nala hʋ yʋga sii giri mʋ Pilato lee a baa dɩ ʋ yaa gɛɛ hʋ ʋ aa yaa kɩ tɩya ba saŋa buloŋ.
12,"Then Pilate asked the crowd, “What do you want me to do with this man you say is the king of the Jews?”","Ɛɛ rɛ Pilato bɩl pɩyɛsɩ nala hʋ baa, “Aŋka baal hʋ ma aa yɩrɩ Gyuuma kuwori hʋ, bee rɛ ma baa ŋ yaa ʋ?”"
20,"When the soldiers had finished making fun of Jesus, they took off the purple robe. They put his own clothes back on him and led him off to be nailed to a cross.","Ba aa yaa ʋ sɩya hʋ ko teŋ, ba wuri gafɩyaŋ hʋ aŋ paa ʋ tɩɩ gannɩ laalɩ ʋ, a kana ʋ lɩɩ ŋmanɩɩ dɩ ba kana ʋ mʋ kpaasɩ daagarɩɩ hʋ tɩyaŋ. Ba kpaasɩ Yesu mal daagarɩɩ tɩyaŋ Matiwu"
21,"Simon from Cyrene happened to be coming in from a farm, and they forced him to carry Jesus' cross. Simon was the father of Alexander and Rufus. Jesus Is Nailed to a Cross (Matthew","Ba aa ko kɩ lɩɩ hʋ tɩyaŋ nɛ ba kyeŋ baal kɩdɩgɩ ba aa yɩrɩ Siimɔŋ, a lɩɩ Sariini. Ʋ rɛ fa yaa Alizaŋda abee Rufusi kuwo. Dɩ ʋ lɩɩ baga a kɩ ko bee. Ba kana ʋ, a fɩla ʋ, ʋ laa daagarɩɩ hʋ baasɩ."
31,"The chief priests and the teachers of the Law of Moses also made fun of Jesus. They said to each other, “He saved others, but he can't save himself.","Wɩɩkyʋwal sɩlaala nɩhɩyasɩ abee Wɩɩsɩ Teŋ dɩdagɩla hʋ mɛ kɩ huuri Yesu aŋ basɩ kɩ tɩya dɔmɔŋ a baa, “Ʋ wuwo laa nala kɩ ta rɛ, aŋ bɩ wuwo laa ʋ tɩɩ kɛ kɩ ta.”"
44,"Pilate was surprised to hear that Jesus was already dead, and he called in the army officer to find out if Jesus had been dead very long.","Pilato nyʋwa gyɩ fɩyɛla rɛ Yesu teŋ aa sʋba? Ɛɛ rɛ ʋ yɩrɩ laalyuwolo hʋ nɩhɩyawʋ a pɩyɛsɩ ʋ a baa, “Yesu teŋ sʋba rɛ?”"
43,"A man named Joseph from Arimathea was brave enough to ask Pilate for the body of Jesus. Joseph was a highly respected member of the Jewish council, and he was also waiting for God's kingdom to come.","Haŋ kyɛɛ hʋ ba aa yaa siri pɔ ba Kyɛwiyesii hʋ kyɛɛ dɩdaana, baal kɩdɩgɩ aa lɩɩ Arimatɩya ba kɩ yɩrɩ Gyosɛfʋ, sii mʋ Pilato lee abee bembiduwo a sʋla Yesu teŋbii. Ʋ fa yaa ba bee nɩhɩyasɩ hʋ aa laŋŋɩ kɩ vʋʋlɩ wɩya kɩdɩgɩ rɛ, nala kɩ tɩya ʋ gyɩrɩma. Ʋ mɛ fa aa gyegili Wɩɩsɩ koro hʋ koyi rɛ."
22,"The soldiers took Jesus to Golgotha, which means “Place of a Skull.”","Ba gyɩ kaŋ Yesu mʋ lee kɩdɩgɩ rɛ, ba kɩ yɩrɩ doŋ Golgota."
29,"People who passed by said terrible things about Jesus. They shook their heads and shouted, “Ha! So you're the one who claimed you could tear down the temple and build it again in three days.","Ba aa kpaasɩ ʋ mal daagarɩɩ hʋ tɩyaŋ gɛɛ, nala hʋ aa tɩŋ doŋ kɩ baŋ, ba kɩ tʋʋsɩ ʋ aŋ kaŋ ba nyuni kɩ kyugisi a baa, “Oyi, ɩ rɛ yaa nal hʋ aa baa dɩ ɩ sɩ ŋmaa Wɩɩkyʋwaldɩɩbal hʋ lo aŋ bɩl wuwo saa ʋ kyɛyɛ boto pagaŋ."
32,"If he is the Messiah, the king of Israel, let him come down from the cross! Then we will see and believe.” The two criminals also said cruel things to Jesus. The Death of Jesus (Matthew","“Ma leŋ Krisita hʋ, Gyuuma kuwori hʋ ko tuu daaŋ hʋ nyuu tɩyaŋ, dɩ á na a laa ʋ wɩya di.” Nala hʋ balɩya mɛ ba aa kpaasɩ pɛ Yesu tɩyaŋ mɛ gyɩ tʋʋsɩ ʋ rɛ. Yesu sʋba Matiwu"
33,About noon the sky turned dark and stayed that way until around three o'clock.,"Wɩɩsɩ gyɩ aa ko maga nyutʋtʋʋ, lee buloŋ gyɩ bile gɛɛ rɛ a mʋ pele ʋ dɩdaana, ka lee bɩl kyaanɩ."
34,"Then about that time Jesus shouted, “Eloi, Eloi, lema sabachthani?” which means, “My God, my God, why have you deserted me?”","Ɛɛ rɛ Yesu nɔsɩ yɩrɩ ʋ taal tɩyaŋ a baa, “Ɛloyi, Ɛloyi, lama sabakitani.” Ʋ memii rɛ yaa, “Ŋ Tɩɩna Wɩɩsɩ, bee rɛ tɩŋ ɩ vɩya ŋ ta?”"
35,"Some of the people standing there heard Jesus and said, “He is calling for Elijah.”","Dɩ nala badɔmɔŋ mɛ sɩŋ doŋ a nɩɩ wɩɩ hʋ ʋ aa basa. Ɛɛ rɛ ba basɩ tɩya dɔmɔŋ a baa, “Na, Ilaagya rɛ ʋ kɩ yɩrɩ gɛɛ.”"
36,"One of them ran and grabbed a sponge. After he had soaked it in wine, he put it on a stick and held it up to Jesus. He said, “Let's wait and see if Elijah will come and take him down!”","Nala hʋ kɩdɩgɩ fa aa sɩŋ doŋ mʋ kpa gbara a kaŋ mʋ yuu sɩkyaakyaa, a kpa vʋwa kaakelii tɩyaŋ, a kaŋ mʋ we ʋ nyʋwa tɩyaŋ dɩ ʋ nyʋwa. Ʋ aa yaa gɛɛ, ʋ baa, “Ma leŋ dɩ á gyegili na dɩ Ilaagya sɩ ko kana ʋ tuu daaŋ hʋ tɩyaŋ.”"
37,Jesus shouted and then died.,Ɛɛ rɛ Yesu kyiyesi yʋga aŋ wiyesi ʋ wiyesi kateŋse.
41,Some women were looking on from a distance. They and many others had come with Jesus to Jerusalem. But even before this they had been his followers and had helped him while he was in Galilee. Mary Magdalene and Mary the mother of the younger James and of Joseph were two of these women. Salome was also one of them. Jesus Is Buried (Matthew,"Haana no buloŋ fa aa tɩŋ Yesu hal lɛ, a kɩ kyiyeli ʋ Galili tɩyaŋ. Haana hʋ mɛ fa aa tɩŋ Yesu hal a ko Gyerusalɛm, ba gyeniŋ buloŋ mɛ fa we doŋ nɛ. Ba hogo Yesu Matiwu"
46,"Joseph bought a linen cloth and took the body down from the cross. He had it wrapped in the cloth, and he put it in a tomb that had been cut into solid rock. Then he rolled a big stone against the entrance to the tomb.","Ɛɛ rɛ Gyosɛfʋ mʋ yɔbɔ liŋe a kaŋ mʋ we ʋ, a kpa ʋ hogo. Ʋ kana ʋ mʋ hogo bʋwa ba aa lurigo dabʋyɩ tɩyaŋ nɛ aŋ biliŋsi dabʋbal a tɔ bʋwa hʋ nyʋwa."
47,Mary Magdalene and Mary the mother of Joseph were watching and saw where the body was placed.,Mɛɛrɩ Magidalina abee Gyoose nɩɩna Mɛɛrɩ gyɩ we doŋ a na lee hʋ ba aa kpaa ʋ hogo.
12,"Later, Jesus appeared in another form to two disciples, as they were on their way out of the city.","Ɛɛ hal tɩyaŋ nɛ, baala balɩya sii lɩɩ kpa ŋmanɩɩ a kɩ mʋ tɔɔ kɩdɩgɩ. Ba aa mʋʋ dɩ Yesu bɩrɩma, a bɩl bɩ kɩɩ ʋ fa aa kɩɩ gɛɛ, a kaŋ ʋ tɩɩ ko daga ba."
20,"Then the disciples left and preached everywhere. The Lord was with them, and the miracles they worked proved that their message was true. ANOTHER OLD ENDING TO MARK'S GOSPEL","Ɛɛ rɛ ʋ hatɩnna hʋ sii lɩɩ a mʋ lee kɛ buloŋ a kɩ basɩ Wɩɩsɩ wɩya. Á Tɩɩna Wɩɩsɩ pɛ ba tɩyaŋ ba mʋ a kɩ yaa wɩmagɩla, dɩ nala gyɩma anɩɩ wɩya hʋ ba aa basɩ hʋ yaa wɩtɩɩ rɛ. Amɩ."
2,"Very early on Sunday morning, just as the sun was coming up, they went to the tomb.","Alahadi kyɛɛ kyɩkyʋwala, wɩɩsɩ aa pɔsɔ ko kɩ gyɩŋ gɛɛ, ba sii mʋ Yesu bʋwa hʋ lee."
3,"On their way, they were asking one another, “Who will roll the stone away from the entrance for us?”","Ba aa mʋʋ hʋ tɩyaŋ nɛ, ba kɩ pɩyɛsɩ dɔmɔŋ a baa, “Aŋnɛ rɛ sɩ wuwo biliŋsi dabʋyɩ hʋ ta bʋwa hʋ nyʋwa?”"
4,"But when they looked, they saw that the stone had already been rolled away. And it was a huge stone!","Ɛɛ rɛ ba mʋ kpaga bʋwa hʋ lee dɩ ba naa dabʋyɩ hʋ suro bʋwa hʋ nyʋwa, a biliŋsi mʋ pɩŋ. Dabʋyɩ hʋ fa yʋga rɛ weliŋ."
5,"The women went into the tomb, and on the right side they saw a young man in a white robe sitting there. They were alarmed.","Ɛɛ rɛ ba mʋ gyʋʋ bʋwa hʋ tɩyaŋ, a na bapʋwasɩbiye dɩ ʋ hɔŋ bʋwa hʋ noduu tɩyaŋ a laalɩ gapʋlʋŋ dolii. Ba hirigi."
7,"Now go and tell his disciples, and especially Peter, that he will go ahead of you to Galilee. You will see him there, just as he told you.”","Ma mʋ basɩ tɩya Piita abee Yesu hatɩnna hʋ anɩɩ ʋ sɩ laa ma sɩya a mʋ Galili. Dɩ mamaa rɛ mʋʋ doŋ, ma sɩ na ʋ doŋ anɩɩ ʋ aa basɩ gɛɛ tɩya ma.”"
18,They will handle snakes and will drink poison and not be hurt. They will also heal sick people by placing their hands on them. Jesus Returns to Heaven (Luke,"Ba sɩ wuwo kɩ kol dʋma, a nyʋwa daaluliye aa kpʋ nala, ka ʋ bɩ sɩ yaa ba wɩɩ buloŋ. Ba sɩ wuwo kpa ba nosi a dɔbɔ wɩɩla tɩmma tɩyaŋ dɩ ba deye.”"
13,"But when these disciples told what had happened, the others would not believe either. What Jesus' Followers Must Do (Matthew",Ɛɛ rɛ ba mɩɩgɩ ko basɩ tɩya Yesu hatɩnna nɩkaalɩya hʋ wɩɩ hʋ aa yaa. Amɛ ba bɩ laa di. Yesu kaŋ ʋ tɩɩ ko daga ʋ hatɩnna fi bee kɩdɩgɩ hʋ Matiwu
19,"After the Lord Jesus had said these things to the disciples, he was taken back up to heaven where he sat down at the right side of God.","Á Tɩɩna Yesu a basɩ wɩya no teŋ, Wɩɩsɩ kpa ʋ a kaŋ mʋ wɩɩsɩbee, ʋ hɔŋ Wɩɩsɩ noduu logiŋ tɩyaŋ."
14,"Afterwards, Jesus appeared to his eleven disciples as they were eating. He scolded them because they were too stubborn to believe the ones who had seen him after he had been raised to life.","Ɛɛ hal tɩyaŋ nɛ Yesu hatɩnna fi abee kɩdɩgɩ hʋ hɔŋ kɩ di kɩna. Ba aa di kɩna hʋ tɩyaŋ nɛ, dɩ Yesu rɛ gɛɛ. Ʋ nɔsɩ ba akuu ba aa bɩ laa ʋ di wɩya, abee ba bembiye aa deye wɩya, beewɩya ba bɩ laa nala hʋ mɛ a baa ba na ʋ dɩ ʋ sii sʋʋ tɩyaŋ di."
15,Then he told them: Go and preach the good news to everyone in the world.,"Ɛɛ rɛ ʋ basɩ tɩya ba a baa, “Ma mʋ dʋnɩya logiŋ kɛ buloŋ a basɩ Wɩɩsɩ wɩweliye hʋ a tɩya nal kɛ buloŋ."
17,"Everyone who believes me will be able to do wonderful things. By using my name they will force out demons, and they will speak new languages.",Wɩmagɩla no rɛ ma sɩ na a gyɩŋ nala hʋ aa laa ŋ wɩya di. Ba aa rɛ nyɛ. Ba sɩ wuwo kɩ kile gyɩŋbɔmɔ ŋ dee tɩyaŋ. Ba sɩ wuwo kɩ basɩ taadʋŋsɩ mɛ.
3,"So I made a careful study of everything and then decided to write and tell you exactly what took place. Honorable Theophilus,","Ŋ nɩhɩyawʋ, ŋ gyegile nɩɩ wɩya no buloŋ weliŋ nɛ, a gʋnnɩ ba buloŋ mɛ weliŋ a lɩɩ ba piilii tɩyaŋ buloŋ. Ɛɛwɩya, ŋ naa anɩɩ ʋ yaa wɩwelii rɛ dɩ ŋ sabɩ wɩya no buloŋ aa vala gɛɛ a tɩya ɩ."
4,I have done this to let you know the truth about what you have heard. An Angel Tells about the Birth of John,Ŋ sabɩ kɩ tɩya ɩ rɛ dɩ ɩ gyɩma anɩɩ wɩya hʋ buloŋ ba aa daga ɩ hʋ kɔnɩ yaa wɩtɩɩ rɛ. Ba basɩ Gyɔɔŋ Wɩɩsɩnɩɩfool hʋ lʋlɩɩ wɩya
6,Both of them were good people and pleased the Lord God by obeying all that he had commanded.,Zakarɩya bee ʋ haaŋ buloŋ gyɩ yaa tɩpʋlʋŋ tɩmma rɛ Wɩɩsɩ sɩya tɩyaŋ. Ba buloŋ balɩya gyɩ aa tɩŋ Wɩɩsɩ nyʋwa rɛ weliŋ.
7,"But they did not have children. Elizabeth could not have any, and both Zechariah and Elizabeth were already old.","Ɛlizabɛtɩ gyɩ yaa hapɩrɩ rɛ, a bɩ lʋl biye buloŋ, aŋka ʋ bee ʋ bala Zakarɩya buloŋ gyɩ hɩyasɩ."
11,All at once an angel from the Lord appeared to Zechariah at the right side of the altar.,Saŋa hʋ Zakarɩya gyɩ aa nyɔgɔ wɩsɩnaaŋ hʋ tɩyaŋ nɛ dɩ malɩka ko sɩŋ kogu hʋ noduu logiŋ tɩyaŋ.
12,Zechariah was confused and afraid when he saw the angel.,"Ʋ aa naa malɩka hʋ kambɩŋ kana ʋ, ʋ kɩ kyele."
13,"But the angel told him: Don't be afraid, Zechariah! God has heard your prayers. Your wife Elizabeth will have a son, and you must name him John.","Ɛɛ rɛ malɩka hʋ basɩ tɩya ʋ a baa, “Zakarɩya, ta leŋ dɩ kambɩŋ kana ɩ. Wɩɩ hʋ ɩ aa sʋla Wɩɩsɩ kɩ kyɛ, Wɩɩsɩ laa ɩ sʋlɩɩ rɛ. Ɩ haaŋ Ɛlizabɛtɩ sɩ lʋl boyoŋbiye. Ɩ sɩ we ʋ feŋ Gyɔɔŋ."
14,"His birth will make you very happy, and many people will be glad.","Ɩ teŋ sɩ fɩyɛlɩ rɛ kɩŋkaŋ, dɩ nɩgyamaa tenni mɛ fɩyɛlɩ, ʋ lʋlɩɩ wɩya."
15,"Your son will be a great servant of the Lord. He must never drink wine or beer, and the power of the Holy Spirit will be with him from the time he is born.","Ʋ sɩ yaa nɩbal Wɩɩsɩ sɩya tɩyaŋ. Ʋ bɩ sɩ kɩ nyʋwa sɩduwo koo sɩŋ buloŋ aa wiye. Dɩ ba ko lʋla ʋ, Wɩɩsɩ Wiyesi Welii hʋ sɩ we ʋ tɩyaŋ nɛ weliŋ a kaŋ kɩ mʋ deŋdeŋ."
16,John will lead many people in Israel to turn back to the Lord their God.,Ʋ sɩ leŋ dɩ Iziral tɩmma yʋga bɩl mɩɩgɩ ko kɩ tɩŋ ba Tɩɩna Wɩɩsɩ.
17,"He will go ahead of the Lord with the same power and spirit that Elijah had. And because of John, parents will be more thoughtful of their children. And people who now disobey God will begin to think as they ought to. This is how John will get people ready for the Lord.","Biye no sɩ laa á Tɩɩna Wɩɩsɩ sɩya ko, dɩ Wɩɩsɩ tɩya ʋ dee anɩɩ ʋ gyɩ aa tɩya ʋ tɩŋdaal Ɛlaagya dee gɛɛ. Ʋ sɩ leŋ dɩ biisi abee ba kuwoma mɩɩgɩ sʋma. Ʋ mɛ sɩ leŋ dɩ nala hʋ aa bee tɩŋ Wɩɩsɩ nyʋwa bɩrɩmɩ ba hakɩllɩ a kaŋ tɩpʋlʋŋ, a leŋ dɩ Wɩɩsɩ nala marɩ ba tɩsɩ a yaa siri pɔ ba Tɩɩna koyi.”"
18,"Zechariah said to the angel, “How will I know this is going to happen? My wife and I are both very old.”","Ɛɛ rɛ Zakarɩya pɩyɛsɩ malɩka hʋ a baa, “Ɛɛ rɛ ŋ sɩ yaa a gyɩma anɩɩ wɩya hʋ ɩ aa basɩ kɔnɩ yaa wɩtɩɩ rɛ? Beewɩya ŋ hɩyasa rɛ, ŋ haaŋ mɛ hɩyasɩ.”"
19,"The angel answered, “I am Gabriel, God's servant, and I was sent to tell you this good news.","Ɛɛ rɛ malɩka hʋ bɩl basɩ tɩya ʋ a baa, “Ŋ feŋ nɛ yaa Geebiral. Ŋ yaa Wɩɩsɩ tɩŋdaal lɛ. Ʋ rɛ tɩma ŋ dɩ ŋ ko basɩ wɩweliye no a tɩya ɩ."
20,You have not believed what I have said. So you will not be able to say a thing until all this happens. But everything will take place when it is supposed to.”,"Wɩya no ŋ aa basɩ kɩ tɩya ɩ kɔnɩ sɩ ko yaa, amɛ ɩ aa bɩ laa di nyɛ, ɩ bɩl bɩ sɩ wuwo basɩ wɩya a lɩɩ gyɩnaŋ a kaŋ kɩ mʋ kyɛɛ hʋ wɩya no aa sɩ yaa.”"
22,"When he did come out, he could not speak, and they knew he had seen a vision. He motioned to them with his hands, but did not say a thing.","Ɛɛ rɛ malɩka hʋ kpa mʋ, aŋka Zakarɩya ko lɩɩ gyaŋwuwo nala hʋ lee. Ʋ gyɩ aa ko lɩɩ, ʋ bɩl bɩ wuwo kɩ basɩ wɩya. Nosi rɛ ʋ gyɩ kaŋ kɩ basɩ wɩya ba lee. Doŋ nɛ ba gyɩ gyɩma anɩɩ ʋ aa bɩ wuwo kɩ basɩ nyɛ, ʋ naa wɩɩ rɛ Wɩɩkyʋwaldɩɩbal hʋ tɩyaŋ ʋ Wɩɩsɩ kyʋwalɩɩ tɩyaŋ."
23,"When Zechariah's time of service in the temple was over, he went home.","Ɛɛ rɛ Zakarɩya tʋma ko teŋ Wɩɩkyʋwaldɩɩbal hʋ tɩyaŋ, ʋ mɩɩgɩ mʋ dɩya."
24,"Soon after this, his wife was expecting a baby, and for five months she did not leave the house. She said to herself,","Ʋ gyɩ bɩ pɩɩsa, ka ʋ haaŋ Ɛlizabɛtɩ kaŋ luwol. Ʋ gyɩ aa kaŋ luwol hʋ gɛɛ, ʋ gyɩ kaŋ ʋ tɩɩ faŋa dɩya tɩyaŋ nɛ peŋsi bɔnɔŋ dɩ ʋ bɩ lɩɩ bee."
25,“What the Lord has done for me will keep people from looking down on me.” An Angel Tells about the Birth of Jesus,"Ɛɛ rɛ ʋ baa, “Wɩɩsɩ pɩɩsa, ka lagɩlagɩ no ʋ kyiyeli ŋ nyɛ. Ʋ tɔɔ ŋ hɩɩsɩ rɛ dʋnɩya tɩyaŋ.” Ba basɩ Yesu lʋlɩɩ wɩya"
26,One month later God sent the angel Gabriel to the town of Nazareth in Galilee,"Ɛlizabɛtɩ aa kaŋ luwol hʋ, ʋ peŋsi badʋ tɩyaŋ nɛ Wɩɩsɩ tɩŋ ʋ malɩka Geebiral dɩ ʋ mʋ Nazarɛti aa we Galili paalʋʋ tɩyaŋ,"
28,"The angel greeted Mary and said, “You are truly blessed! The Lord is with you.”","Ɛɛ rɛ malɩka hʋ ko ʋ lee a kyʋwalɩ ʋ, a baa, “Wɩɩsɩ fɩyɛlʋʋ we ɩ lee! Wɩɩsɩ we ɩ lee rɛ, aŋ pɛ ɩ tɩyaŋ mɛ weliŋ.”"
29,Mary was confused by the angel's words and wondered what they meant.,"Mɛɛrɩ aa nɩɩ wɩɩ no malɩka hʋ aa basa tɩya ʋ, wɩɩ hʋ kegimi ʋ. Ʋ kɩ bɩɩnɩ wɩɩ hʋ memii."
30,"Then the angel told Mary, “Don't be afraid! God is pleased with you,","Ɛɛ rɛ malɩka hʋ basɩ tɩya ʋ a baa, “Mɛɛrɩ, Wɩɩsɩ kyo ɩ wɩya rɛ, ta leŋ dɩ kambɩŋ kana ɩ."
31,and you will have a son. His name will be Jesus.,"Ɩ sɩ kaŋ luwol a lʋl boyoŋbiye, a we ʋ feŋ Yesu."
32,"He will be great and will be called the Son of God Most High. The Lord God will make him king, as his ancestor David was.","Ʋ sɩ sii yaa nɩbal, dɩ ba kana ʋ kɩ yɩrɩ Wɩɩbal hʋ Biye. Á Tɩɩna Wɩɩsɩ sɩ leŋ dɩ ʋ di koro anɩɩ ʋ naabaa Deviti gyɩ aa dii koro gɛɛ."
33,"He will rule the people of Israel forever, and his kingdom will never end.”",Ʋ sɩ di koro Gyeekɔbɩ doho nala tɩyaŋ a kaŋ kɩ mʋ deŋdeŋ. Ʋ koro hʋ bɩ sɩ teŋ maakyiye kɩdɩgɩ buloŋ.”
34,"Mary asked the angel, “How can this happen? I am not even married!”","Ɛɛ rɛ Mɛɛrɩ basɩ tɩya malɩka hʋ a baa, “Ŋ ha bɩ gyɩŋ baal, ɛɛ rɛ wɩɩ no sɩ yaa, a wuwo yaa?”"
35,"The angel answered, “The Holy Spirit will come down to you, and God's power will come over you. So your child will be called the holy Son of God.","Ɛɛ rɛ malɩka hʋ basɩ tɩya ʋ a baa, “Wɩɩsɩ Wiyesi Welii hʋ rɛ sɩ ko gyʋʋ ɩ tɩyaŋ, dɩ ɩ kaŋ luwol Wɩɩsɩ dee tɩyaŋ. Ɛɛwɩya, biye hʋ ɩ aa sɩ lʋla, ʋ sɩ yaa Tɩpʋlʋŋ Tɩɩna dɩ ba kana ʋ kɩ yɩrɩ Wɩɩsɩ Biye."
36,"Your relative Elizabeth is also going to have a son, even though she is old. No one thought she could ever have a baby, but in three months she will have a son.","Na ɩ lʋllɩ Ɛlizabɛtɩ aa hɩyasa gɛɛ. Ba kɩ basɩ anɩɩ ʋ yaa hapɩrɩ rɛ, amɛ ʋ yaŋ aa kaŋ luwol, ʋ peŋsi badʋ rɛ nyɛ."
37,Nothing is impossible for God!”,Beewɩya wɩɩ buloŋ tuwo Wɩɩsɩ aa bɩ sɩ wuwo yaa.”
38,"Mary said, “I am the Lord's servant! Let it happen as you have said.” And the angel left her. Mary Visits Elizabeth","Ɛɛ rɛ Mɛɛrɩ basɩ tɩya ʋ a baa, “Ŋ yaa Wɩɩsɩ tʋŋtʋnnɩ rɛ. Wɩya hʋ buloŋ ɩ aa basɩ tɩya ŋ, Wɩɩsɩ sɩ leŋ dɩ ba yaa wɩtɩɩ.” Ɛɛ rɛ malɩka hʋ leme ʋ, aŋ mʋ. Mɛɛrɩ mʋʋ dɩ ʋ na Ɛlizabɛtɩ"
39,A short time later Mary hurried to a town in the hill country of Judea.,"Ɛɛ rɛ Mɛɛrɩ sii lagɩ lagɩ, a kpa mʋ Ɛlizabɛtɩ bee aa we Gyudɩya paalʋʋ dogiŋsi hʋ nyuu tɩyaŋ dɩ ʋ na ʋ."
40,"She went into Zechariah's home, where she greeted Elizabeth.","Mɛɛrɩ aa mʋʋ pele doŋ, ʋ mʋ gyʋʋ Zakarɩya dɩya a mʋ kyʋwalɩ ʋ haaŋ Ɛlizabɛtɩ."
41,"When Elizabeth heard Mary's greeting, her baby moved within her. The Holy Spirit came upon Elizabeth.","Ɛlizabɛtɩ aa nɩɩ Mɛɛrɩ kyʋwala hʋ, biye hʋ aa we ʋ luwol tɩyaŋ sii lugisi. Ɛɛ rɛ Wɩɩsɩ Wiyesi Welii hʋ ko gyʋʋ Ɛlizabɛtɩ tɩyaŋ."
42,Then in a loud voice she said to Mary: God has blessed you more than any other woman! He has also blessed the child you will have.,"Ʋ heeli basɩ tɩya Mɛɛrɩ a baa, “Wɩɩsɩ kyiyeli ɩ rɛ a te haana buloŋ, a kyiyeli biye hʋ mɛ ɩ aa sɩ lʋla."
44,"As soon as I heard your greeting, my baby became happy and moved within me.","Ŋ aa laa ɩ kyʋwala hʋ gɛɛ, biye hʋ aa we ŋ luwol tɩyaŋ teŋ mɛ fɩyɛla rɛ, ʋ sii lugusi."
45,The Lord has blessed you because you believed that he will keep his promise. Mary's Song of Praise,Ɩ yaa nyusʋŋtɩɩna rɛ ɩ aa laa di anɩɩ wɩɩ hʋ Wɩɩsɩ aa basɩ tɩya ɩ sɩ kɔnɩ yaa.” Mɛɛrɩ yɩɩ yɩɩl a dannɩ Wɩɩsɩ
46,"Mary said: With all my heart I praise the Lord,","Ɛɛ rɛ Mɛɛrɩ yɩɩ yɩɩl a baa, “Ŋ teŋ fɩyɛla rɛ yʋga, ŋ kɩ dannɩ Wɩɩsɩ."
47,and I am glad because of God my Savior.,Wɩɩsɩ rɛ yaa ŋ Laataal. Ɛɛ rɛ tɩŋ ŋ kɩ gyʋwɔsɩ.
48,"God cares for me, his humble servant. From now on, all people will say God has blessed me.","Ŋ yaa ʋ tʋŋtʋnnɩbiye rɛ, ka ʋ liisi ŋ wɩya. A lɩɩ gyɩnaŋ a kaŋ kɩ mʋ, nal buloŋ sɩ kana ŋ kɩ yɩrɩ nyusʋŋtɩɩna."
49,"God All-Powerful has done great things for me, and his name is holy.",Akuu wɩbal no Wɩɩbal hʋ aa yaa tɩya ŋ wɩya. Ʋ yaa Tɩpʋlʋŋ Tɩɩna rɛ.
50,He always shows mercy to everyone who worships him.,"Nala hʋ buloŋ aa fá Wɩɩsɩ, ʋ mɛ aa fá ba sikii rɛ, nihuwobiŋ doho kɛ buloŋ tɩyaŋ."
51,The Lord has used his powerful arm to scatter those who are proud.,"Ʋ gaŋdaa-noŋ hʋ rɛ ʋ kaŋ tannɩ, a ŋmaa babiibala abee ba tɩbɩɩna buloŋ pɩsa."
52,God drags strong rulers from their thrones and puts humble people in places of power.,"Ʋ kile kuworibala rɛ ba kuworikpasɩnɩ nyuni tɩyaŋ, aŋ mɩɩgɩ leŋ nɩbiisi laa doŋma hɔŋ."
53,"God gives the hungry good things to eat, and sends the rich away with nothing.",Ʋ kpa kɩweliye rɛ a tɩya nyaaba aŋ kile kɩna tɩmma ta abee nohɩllɩ.
55,"The Lord made this promise to our ancestors, to Abraham and his family forever!",Ʋ gyɩ fá Abɩraham sikii rɛ. Ʋ yaŋ sɩ fá ʋ doho nala buloŋ mɛ sikii a kaŋ kɩ mʋ maakyiye buloŋ.”
56,Mary stayed with Elizabeth about three months. Then she went back home. The Birth of John the Baptist,"Mɛɛrɩ gyɩ hɔŋ Ɛlizabɛtɩ lee rɛ peŋsi boto, aŋ na mɩɩgɩ mʋ bee. Ba lʋl Gyɔɔŋ Wɩɩsɩnɩɩfool hʋ"
57,"When Elizabeth's son was born,",Ɛɛ rɛ Ɛlizabɛtɩ lʋl ko pele. Ʋ lʋla boyoŋbiye.
58,"her neighbors and relatives heard how kind the Lord had been to her, and they too were glad.","Ʋ aa lʋla gɛɛ, ʋ dɔŋtɩŋsɩ abee ʋ lʋlla buloŋ nɩɩ gɛɛ Wɩɩsɩ aa fáá ʋ sikii. Ba tenni buloŋ gyɩ fɩyɛlɩ, ba beel-ʋ buloŋ kɩ dɩyɛsɩ."
59,"Eight days later they did for the child what the Law of Moses commands. They were going to name him Zechariah, after his father.","Biye hʋ gyɩ aa ko pele kyɛyɛ kyori, ba ko dɩ ba keri ʋ peŋ aŋ we ʋ feŋ. Ba gyɩ aa kyɛ dɩ ba kpa ʋ kuwo Zakarɩya feŋ nɛ a tɩya ʋ."
60,"But Elizabeth said, “No! His name is John.”",Ɛɛ rɛ ʋ naa bɩ laa nyʋwa aŋ baa dɩ ba we ʋ feŋ Gyɔɔŋ.
61,"The people argued, “No one in your family has ever been named John.”",Ɛɛ rɛ ba basɩ tɩya ʋ anɩɩ ba doho nal buloŋ ha bɩ maakyiye di Gyɔɔŋ.
62,So they motioned to Zechariah to find out what he wanted to name his son.,Nyɛ rɛ ba kaŋ nosi pɩyɛsɩ ʋ kuwo dɩ feŋbee rɛ ʋ kɩ kyɛ dɩ ʋ we biye hʋ.
63,"Zechariah asked for a writing tablet. Then he wrote, “His name is John.” Everyone was amazed.","Doŋ nɛ Zakarɩya leŋ ba kpa daaparɩ ko tɩya ʋ, ʋ sabɩ biye hʋ feŋ we a baa dɩ ʋ feŋ nɛ yaa Gyɔɔŋ. Ba na feŋ hʋ, ʋ yaa ba wɩkperii."
64,"At once, Zechariah started speaking and praising God.","Haŋ lagɩlagɩbiye hʋ, Zakarɩya bɩl piili a kɩ basɩ wɩya a kɩ dannɩ Wɩɩsɩ."
65,"All the neighbors were frightened because of what had happened, and everywhere in the hill country people kept talking about these things.","Nala hʋ fa aa we doŋ a naa wɩɩ hʋ aa yaa, ʋ yaa ba kambɩŋ. Ba kaŋ wɩɩ hʋ lɩɩ a basɩ taalɩ Gyudɩya paalʋʋ logiŋ hʋ aa kaŋ dogiŋsi hʋ buloŋ."
66,Everyone who heard about this wondered what this child would grow up to be. They knew the Lord was with him. Zechariah Praises the Lord,"Nala hʋ buloŋ aa nɩɩ gɛɛ, ba kaŋ wɩɩ hʋ kɩ bɩɩnɩ ba tɩsɩ tɩyaŋ a kɩ basɩ, “Biye no yaŋ sɩ yaa nɩgɛɛ doho rɛ nyɛ?” Ba naa anɩɩ á Tɩɩna Wɩɩsɩ dee we ʋ tɩyaŋ nɛ, ɛɛ rɛ tɩŋ ba kɩ basɩ gɛɛ. Zakarɩya dannɩ Wɩɩsɩ"
68,"Praise the Lord, the God of Israel! He has come to save his people.","“Ma leŋ dɩ á dannɩ Wɩɩsɩ, Wɩɩsɩ hʋ Iziral tɩmma aa tɩŋ. Beewɩya, ʋ ko dɩ ʋ pɛ ʋ nala tɩyaŋ nɛ a laa ba ta."
69,Our God has given us a mighty Savior from the family of David his servant.,"Ʋ lɩɩ niduwo rɛ ʋ ko, dɩ ʋ laa ma ta. Nal no lɩɩ Wɩɩsɩ tʋŋtʋnnɩ Deviti doho nala tɩyaŋ nɛ."
70,Long ago the Lord promised by the words of his holy prophets,"Faafaa buloŋ nɛ Wɩɩsɩ tɩŋ ʋ tɩŋdaala tɩyaŋ, a basɩ tɩya ma"
71,to save us from our enemies and from everyone who hates us.,anɩɩ ʋ sɩ laa ma ta á dɔmɔ abee nala hʋ buloŋ aa haasɩ ma nosi tɩyaŋ.
75,by being holy and good as long as we live.,"Ɛɛ rɛ á sɩ wuwo yaa nɩtɩɩma, a kaŋ tɩpʋlʋŋ ʋ sɩya tɩyaŋ á mɩɩbol buloŋ tɩyaŋ.”"
76,"You, my son, will be called the prophet of God Most High. You will go ahead of the Lord to get everything ready for him.","Zakarɩya gyɩ aa basɩ wɩya no ko teŋ, ʋ mɩɩgɩ basɩ tɩya ʋ biye hʋ mɛ a baa, “Ŋ biye, ɩ sɩ yaa Wɩɩbal hʋ tɩŋdaal Ɩ sɩ laa á Tɩɩna sɩya mʋ, a marɩ ʋ ŋmanɩɩ bin-ʋ."
77,You will tell his people that they can be saved when their sins are forgiven.,Ɩ sɩ basɩ tɩya Wɩɩsɩ nala anɩɩ Wɩɩsɩ sɩ kpa ba wɩbɔmɔ kyɛ ba aŋ laa ba ta.
78,God's love and kindness will shine upon us like the sun that rises in the sky.,"Wɩɩsɩ kaŋ bɔnyɛ rɛ, a kɩ fá nala sikii mɛ. Ʋ sɩ laa ma ta, a leŋ dɩ á hɔŋ pʋlʋŋ tɩyaŋ."
79,On us who live in the dark shadow of death this light will shine to guide us into a life of peace.,"Pʋlʋŋ no sɩ lɩɩ wɩɩsɩbee, a kyaanɩ we nala hʋ buloŋ aa we bilhuu tɩyaŋ, ka sʋʋ wɩya yaa ba beŋkyekpa. Ʋ sɩ daga ma ŋmanɩɩ hʋ aa kaŋ fɩyɛlʋʋ dɩ á kɩ tɩŋa.”"
80,"As John grew up, God's Spirit gave him great power. John lived in the desert until the time he was sent to the people of Israel.","Ɛɛ rɛ biye hʋ sii waa abee dee, a kaŋ wɩgyʋŋ mɛ. Biye no gyɩ sii mʋ we pogo tɩyaŋ nɛ, a mʋ pele kyɛɛ hʋ ʋ aa piile kɩ basɩ Wɩɩsɩ wɩya Iziral nala buloŋ na ʋ."
25,At this time a man named Simeon was living in Jerusalem. Simeon was a good man. He loved God and was waiting for him to save the people of Israel. God's Spirit came to him,"Saŋa hʋ tɩyaŋ baal kɩdɩgɩ rɛ gyɩ we Gyerusalɛm tɩyaŋ ba kɩ yɩrɩ Simiyɔŋ. Ʋ fa yaa nɩtɩɩ rɛ a kɩ fá Wɩɩsɩ, aŋ fa kɩ gyegili dɩ Wɩɩsɩ laa Iziral tɩmma ta."
3,Everyone had to go to their own hometown to be listed.,Ɛɛ rɛ nal buloŋ mʋ ʋ bee dɩ ba dɩɩsɩ ʋ doŋ.
4,"So Joseph had to leave Nazareth in Galilee and go to Bethlehem in Judea. Long ago Bethlehem had been King David's hometown, and Joseph went there because he was from David's family.","Gyosɛfʋ mɛ gyɩ sii lɩɩ Nazarɛti aa we Galili paalʋʋ tɩyaŋ, a mʋ Bɛtɩlɛhɛm aa we Gyudɩya paalʋʋ tɩyaŋ. Bɛtɩlɛhɛm nɛ Gyosɛfʋ naabaa Kuworo Deviti gyɩ lɩɩ, ɛɛ rɛ tɩŋ ʋ gyɩ mʋ doŋ gɛɛ."
5,"Mary was engaged to Joseph and traveled with him to Bethlehem. She was soon going to have a baby,","Ʋ bee Mɛɛrɩ buloŋ nɛ gyɩ mʋwa dɩ ba dɩɩsɩ ba doŋ, beewɩya ba gyɩ wee nyʋwa tɩya dɔmɔŋ nɛ, nal buloŋ gyɩma, anɩɩ ba sɩ yal dɔmɔŋ. Saŋa no tɩyaŋ dɩ Mɛɛrɩ gyɩ kaŋ luwol hʋ rɛ."
7,"she gave birth to her first-born son. She dressed him in baby clothes and laid him on a bed of hay, because there was no room for them in the inn. The Shepherds","amɛ ba gyɩ bɩ naa lee dɩ ba gyʋʋ. Ɛɛ rɛ tɩŋ ba gyɩ mʋ gyʋʋ gyadɩya kɩdɩgɩ. Doŋ nɛ Mɛɛrɩ gyɩ lʋl ʋ hatobiye, ʋ yaa boyoŋbiye. Ɛɛ rɛ ʋ kaŋ gakɔsʋŋsɩ bɔ tɔ ʋ, a kpa ʋ biŋ gya-ɔhɔ nyuu tɩyaŋ. Malɩkasɩ basɩ Yesu lʋlɩɩ wɩya tɩya pedaala"
8,That night in the fields near Bethlehem some shepherds were guarding their sheep.,"Haŋ saŋa hʋ tɩyaŋ dɩ pedaala badɔmɔŋ mɛ gyɩ we paalʋʋ hʋ logiŋ kɩdɩgɩ tɩyaŋ, a kyʋwa ɔhɔ tɩyaŋ, a kɩ deŋ ba piyese."
9,"All at once an angel came down to them from the Lord, and the brightness of the Lord's glory flashed around them. The shepherds were frightened.","Ɛɛ rɛ malɩka kɩdɩgɩ ko ba lee. Ʋ aa ko gɛɛ, Wɩɩsɩ pʋlʋŋ kyaanɩ we ba tɩyaŋ. Kambɩŋ gyɩ kaŋ ba, ba nyuni gyɩ ŋmala ŋmala."
11,This very day in King David's hometown a Savior was born for you. He is Christ the Lord.,"Gyɩnaŋ ba lʋl ma Laataal lɛ Bɛtɩlɛhɛm tɩyaŋ, ba kɩ yɩrɩ ʋ á Tɩɩna Krisita, laataal hʋ Wɩɩsɩ aa lɩya dɩ ʋ laa ʋ nala ta."
12,"You will know who he is, because you will find him dressed in baby clothes and lying on a bed of hay.”","Dɩ ma ko mʋ, nyɛ rɛ ma sɩ kpa gyɩma ʋ. Ma sɩ na biye dɩ ba kaŋ gakɔsʋŋsɩ bɔ tɔ ʋ, a kpa ʋ biŋ gya-ɔhɔ nyuu tɩyaŋ.”"
13,Suddenly many other angels came down from heaven and joined in praising God. They said:,"Ɛɛ rɛ malɩkasɩ yʋga pirigi ko lɩɩ, a pɛ malɩka hʋ tɩyaŋ, ba yɩɩ yɩɩla a kɩ dannɩ Wɩɩsɩ a baa,"
14,“Praise God in heaven! Peace on earth to everyone who pleases God.”,“Ma leŋ dɩ á dannɩ Wɩɩsɩ aa we wɩɩsɩbee tɩyaŋ. Wɩɩsɩ nikyooliye mɛ aa we taŋha nyuu tɩyaŋ sɩ na fɩyɛlʋʋ.”
15,"After the angels had left and gone back to heaven, the shepherds said to each other, “Let's go to Bethlehem and see what the Lord has told us about.”","Malɩkasɩ hʋ aa mɩɩgɩ mʋ wɩɩsɩbee ko teŋ, pedaala hʋ basɩ tɩya dɔmɔŋ a baa, “Ma leŋ dɩ á mʋ Bɛtɩlɛhɛm, a na wɩɩ hʋ á Tɩɩna Wɩɩsɩ aa leŋ ʋ malɩkasɩ hʋ ko basɩ tɩya ma.”"
16,"They hurried off and found Mary and Joseph, and they saw the baby lying on a bed of hay.","Doŋ nɛ ba sii fá lagɩ lagɩ, a mʋ na Mɛɛrɩ abee Gyosɛfʋ, aŋ na biye hʋ mɛ dɩ ʋ pɩŋ gya-ɔhɔ nyuu tɩyaŋ."
17,"When the shepherds saw Jesus, they told his parents what the angel had said about him.",Ɛɛ rɛ pedaala hʋ basɩ tɩya biye hʋ nɩɩna abee ʋ kuwo wɩya hʋ malɩka hʋ aa basɩ tɩya ba a mʋ kɩ tile biye hʋ tɩyaŋ.
19,But Mary kept thinking about all this and wondering what it meant.,Ka Mɛɛrɩ kɛ laa wɩya hʋ buloŋ a we ʋ hakɩla tɩyaŋ a kaŋ kɩ bɩɩnɩ.
20,"As the shepherds returned to their sheep, they were praising God and saying wonderful things about him. Everything they had seen and heard was just as the angel had said.","Ɛɛ rɛ pedaala hʋ mɩɩgɩ mʋ ba pedaa. Ba aa mʋʋ hʋ tɩyaŋ nɛ ba yɩɩ yɩɩla a kɩ dannɩ Wɩɩsɩ, beewɩya wɩya hʋ buloŋ malɩka hʋ aa basɩ tɩya ba, ba kɔnɩ naa ba rɛ. Ba wee Yesu feŋ"
21,"Eight days later Jesus' parents did for him what the Law of Moses commands. And they named him Jesus, just as the angel had told Mary when he promised she would have a baby. Simeon Praises the Lord","Biye hʋ gyɩ aa ko pele kyɛyɛ kyori, ba keri ʋ peŋ aŋ we ʋ feŋ Yesu. Feŋ no rɛ malɩka hʋ gyɩ daga tɩya Mɛɛrɩ ka ʋ na kaŋ luwol hʋ. Ba kaŋ Yesu mʋ Wɩɩkyʋwaldɩɩbal hʋ"
22,"The time came for Mary and Joseph to do what the Law of Moses says a mother is supposed to do after her baby is born. They took Jesus to the temple in Jerusalem and presented him to the Lord,","Saŋa hʋ gyɩ aa ko pele dɩ Mɛɛrɩ bee Gyosɛfʋ pɩɩsɩ ba bisiŋ ta anɩɩ Wɩɩsɩ mɩrɩsɩ hʋ Moosi fa aa saba aa daga gɛɛ, ba sii kaŋ biye hʋ mɛ pɛ mʋ Gyerusalɛm dɩ ba kpa ʋ tɩya Wɩɩsɩ, beewɩya ba saba Wɩɩsɩ teŋ tɩyaŋ nɛ a baa,"
23,"just as the Law of the Lord says, “Each first-born baby boy belongs to the Lord.”","“Dɩ baal bee ʋ haaŋ nɛ ko lʋl ba biibuŋbuŋ, dɩ ʋ rɛ ko yaa boyoŋbiye, ʋ maga dɩ ba kpa ʋ tɩya Wɩɩsɩ rɛ.”"
24,"The Law of the Lord also says parents have to offer a sacrifice, giving at least a pair of doves or two young pigeons. So that is what Mary and Joseph did.",Ba bɩl saba rɛ anɩɩ ʋ maga dɩ ba kpa kokosi balɩya mɛ rɛ a sʋla Wɩɩsɩ. Ɛɛ rɛ Gyosɛfʋ bee Mɛɛrɩ sii mʋ Wɩɩkyʋwaldɩɩbal hʋ dɩ ba yaa wɩya no.
27,"When Mary and Joseph brought Jesus to the temple to do what the Law of Moses says should be done for a new baby, the Spirit told Simeon to go into the temple.",Ɛɛ rɛ Yesu kuwo abee ʋ naa mʋ gyʋʋ Wɩɩkyʋwaldɩɩbal hʋ dɩ ba kpa Yesu tɩya Wɩɩsɩ aŋ pɛ yaa gɛɛ hʋ buloŋ Wɩɩsɩ mɩrɩsɩ hʋ aa daga. Haŋ saŋa hʋ dɩ Wɩɩsɩ Wiyesi Welii hʋ kaŋ Simiyɔŋ mɛ ko gyʋʋ Wɩɩkyʋwaldɩɩbal hʋ.
28,"Simeon took the baby Jesus in his arms and praised God,","Simiyɔŋ na biye hʋ, a laa ʋ we ʋ nosi tɩyaŋ aŋ dannɩ Wɩɩsɩ a baa,"
29,"“Lord, I am your servant, and now I can die in peace, because you have kept your promise to me.","“Ŋ Tɩɩna, ɩ aa wee nyʋwa a baa ɩ sɩ yaa wɩɩ hʋ, ɩ kɔnɩ yaa ʋ rɛ. Nyɛ kɛ, leŋ dɩ mɩyaŋ ɩ tʋŋtʋnnɩ sʋba a mʋ bee laaŋfɩya."
30,"With my own eyes I have seen what you have done to save your people,",Ŋ kɔnɩ naa nal hʋ aa ko dɩ ʋ laa dʋnɩya nala ta rɛ abee ŋ sɩɩ.
31,and foreign nations will also see this.,Ɩ tɩma ʋ rɛ ʋ ko dɩ nal buloŋ na ʋ.
32,"Your mighty power is a light for all nations, and it will bring honor to your people Israel.”","Biye no sɩ yaa pʋlʋŋ a daga nala hʋ aa bɩ yaa Gyuuma ɩ ŋmanɩɩ, ka dɩ ɩ nala Iziral tɩmma mɛ na feŋ.”"
35,"and you, Mary, will suffer as though you had been stabbed by a dagger. But all this will show what people are really thinking.” Anna Speaks about the Child Jesus","Ɛɛ rɛ ʋ bɩl basɩ tɩya Mɛɛrɩ a baa, “Ɩ tɩɩ tɩya mɛ sɩ kyogi rɛ weliŋ ɩ biye no wɩya, a kɩɩ gɛɛ anɩɩ ba aa kpaa takoobii kyɔgɔ ɩ.”"
36,"The prophet Anna was also there in the temple. She was the daughter of Phanuel from the tribe of Asher, and she was very old. In her youth she had been married for seven years, but her husband died.","Hanɩhɩyawʋ kɩdɩgɩ mɛ rɛ gyɩ we doŋ, ba kɩ yɩrɩ Ana. Ʋ gyɩ yaa Wɩɩsɩ tɩŋdaal lɛ. Ʋ kuwo feŋ nɛ gyɩ yaa Fanuwɛl, a lɩɩ Asa doho tɩyaŋ."
38,At this time Anna came in and praised God. She spoke about the child Jesus to everyone who hoped for Jerusalem to be set free. The Return to Nazareth,"Simiyɔŋ fa aa basɩ wɩya kɩ tɩya Mɛɛrɩ tɩyaŋ, dɩ Ana mɛ rɛ ko gyʋʋ gɛɛ. Ʋ aa naa biye hʋ, ʋ dannɩ Wɩɩsɩ aŋ basɩ ʋ wɩya tɩya nala hʋ buloŋ fa aa gyegili dɩ Wɩɩsɩ laa Iziral tɩmma ta. Yesu bee ʋ kuwo abee ʋ naa mɩɩgɩ mʋ Nazarɛti"
39,"After Joseph and Mary had done everything that the Law of the Lord commands, they returned home to Nazareth in Galilee.","Gyosɛfʋ bee Mɛɛrɩ aa yaa wɩya hʋ buloŋ Wɩɩsɩ mɩrɩsɩ hʋ aa daga dɩ ba yaa Gyerusalɛm tɩyaŋ ko teŋ, ba mɩɩgɩ mʋ ba bee Nazarɛti aa we Galili paalʋʋ tɩyaŋ."
40,"The child Jesus grew. He became strong and wise, and God blessed him. The Boy Jesus in the Temple","Ɛɛ rɛ Biye hʋ sii waa weliŋ, a kaŋ dee abee wɩgyʋŋ, ka Wɩɩsɩ noŋ mɛ dɔbɔ ʋ tɩyaŋ saŋa buloŋ. Yesu we Wɩɩkyʋwaldɩɩbal hʋ tɩyaŋ"
41,Every year Jesus' parents went to Jerusalem for Passover.,Bɩna kɛ buloŋ Yesu kuwo abee ʋ naa aa mʋ Gyerusalɛm nɛ a di Dɩɩsɩ-parɩ-banɩɩ Kyɛbal hʋ.
42,"And when Jesus was twelve years old, they all went there as usual for the celebration.","Yesu gyɩ aa ko yaa bɩsɩ fi abee balɩya, ʋ bee ʋ kuwo bee ʋ naa mʋ Dɩɩsɩ-parɩ-banɩɩ Kyɛbal hʋ Gyerusalɛm tɩyaŋ, anɩɩ ba aa kɩ yaa gɛɛ bɩna bɩna buloŋ."
43,"After Passover his parents left, but they did not know that Jesus had stayed on in the city.","Kyɛbal hʋ wɩkanɩya aa ko teŋ, ba mɩɩgɩ kɩ mʋ bee aŋka Yesu kɛ mɩɩgɩ ka Gyerusalɛm tɩyaŋ dɩ ʋ naa bee ʋ kuwo bɩ gyɩma."
45,"When they could not find him with their relatives and friends, they went back to Jerusalem and started looking for him there.","Nyɛ rɛ ba kyɛ ʋ lɔlɔ ba tɩyaŋ, aŋ mɩɩgɩ kile ʋ lugo mʋ Gyerusalɛm, a deŋ kɩ kyɛ ʋ doŋ."
46,"Three days later they found Jesus sitting in the temple, listening to the teachers and asking them questions.","Ʋ kyɛtoo kyɛɛ rɛ ba mʋ na ʋ Wɩɩkyʋwaldɩɩbal hʋ tɩyaŋ, dɩ ʋ bee Wɩɩsɩ Teŋ dɩdagɩla hɔnɔ. Ʋ kɩ gyegili wɩya hʋ ba aa basɩ aŋ pɛ kɩ pɩyɛsɩ ba wɩya mɛ."
47,Everyone who heard him was surprised at how much he knew and at the answers he gave.,"Nala hʋ buloŋ aa we doŋ a nɩɩ ʋ aa lɩɩ wɩya hʋ sɩya abee wɩgyʋŋ gɛɛ, ba nyʋʋsɩ fɩyɛlɩ kɩŋkaŋ."
48,"When his parents found him, they were amazed. His mother said, “Son, why have you done this to us? Your father and I have been very worried, and we have been searching for you!”","Ʋ kuwo bee ʋ naa gyɩ aa ko na ʋ, ba nyʋʋsɩ mɛ gyɩ fɩyɛla rɛ. Doŋ nɛ ʋ naa pɩyɛsɩ ʋ a baa, “Ŋ biye, deŋ na ɩ aa yaa ma gɛɛ! Ŋ bee ɩ kuwo buloŋ gɔllɔ kyɛ ɩ gɛɛ rɛ a mʋ lɔlɔ á buloŋ, haalɩ ɩ wɩya mɩɩgɩ yaa ma beŋkyekpa.”"
49,"Jesus answered, “Why did you have to look for me? Didn't you know that I would be in my Father's house?”","Ɛɛ rɛ ʋ pɩyɛsɩ ba a baa, “Bee rɛ tɩŋ ma gɔllɩ kɩ kyɛ ŋ? Ma bɩ gyɩma anɩɩ ŋ maga dɩ ŋ we ŋ Kuwo dɩya tɩyaŋ nɛ?”"
50,But they did not understand what he meant.,Amɛ ba fa bɩ gyɩŋ wɩɩ hʋ ʋ aa basɩ tɩya ba memii.
52,"Jesus became wise, and he grew strong. God was pleased with him and so were the people.","Ɛɛ rɛ Yesu sii waa weliŋ, a kaŋ wɩgyʋŋ mɛ. Wɩɩsɩ teŋ fɩyɛlɩ ʋ tɩyaŋ, nihuwobisi mɛ kyo ʋ wɩya weliŋ."
12,"When tax collectors came to be baptized, they asked John, “Teacher, what should we do?”","Ɛɛ rɛ lampolaala badɔmɔŋ mɛ ko dɩ ʋ fo ba wɩɩkyʋwalnɩɩ. Ba mɛ pɩyɛsɩ ʋ a baa, “Nɩhɩyawʋ, ɛɛ rɛ á mɛ sɩ yaa?”"
8,Do something to show that you really have given up your sins. Don't start saying you belong to Abraham's family. God can turn these stones into children for Abraham.,"Ma leŋ dɩ ma wɩyaalɩya daga anɩɩ ma bɩrɩma lɩɩ ma wɩbɔmɔ yayɩ tɩyaŋ nɛ, aŋ ta leŋ ma aa yaa Abɩraham doho nala wɩya dʋŋ yaa wɩɩ. Beewɩya Wɩɩsɩ aa wuwo ʋ leŋ bʋwa no ma aa naa nyɛ sii bɩrɩmɩ Abɩraham doho nala rɛ."
15,"Everyone became excited and wondered, “Could John be the Messiah?”",Ɛɛ rɛ nala hʋ fa aa gyegili Krisita hʋ koyi fa piili kɩ bɩɩnɩ anɩɩ Gyɔɔŋ nɛ yaa Krisita hʋ.
6,Then everyone will see the saving power of God.’ ”,Dʋnɩya nala buloŋ sɩ na gɛɛ hʋ Wɩɩsɩ aa laa nala kɩ ta.”’
7,"Crowds of people came out to be baptized, but John said to them, “You bunch of snakes! Who warned you to run from the coming judgment?","Ɛɛ rɛ nɩgyamaa ko lɩɩ Gyɔɔŋ lee dɩ ʋ fo ba wɩɩkyʋwalnɩɩ. Ʋ basɩ tɩya ba a baa, “Ɛɛdɔŋ dʋma! Ma dawarɩ yʋga ma tɩyaŋ. Kɩbee rɛ mʋrɩ ma anɩɩ wɩɩkyʋwalnɩɩ no ŋ aa sɩ fo ma dʋŋ sɩ wuwo laa ma ta Wɩɩsɩ sarɩya hʋ kyɛdiilii?"
10,"The crowds asked John, “What should we do?”","Ɛɛ rɛ nala hʋ pɩyɛsɩ ʋ a baa, “Ɛɛ rɛ yaŋ maga dɩ á yaa?”"
14,"Some soldiers asked him, “And what about us? What do we have to do?” John told them, “Don't force people to pay money to make you leave them alone. Be satisfied with your pay.”","Laalyuwolo badɔmɔŋ mɛ pɩyɛsɩ ʋ a baa, “Aŋka á mɛ, ɛɛ rɛ á mɛ sɩ yaa?” Ʋ basɩ tɩya ba mɛ a baa, “Ma ta fugisi nal buloŋ a laa molbiye, a ta nyɩya wɩya a kɩ tɩya nala mɛ. Ma leŋ dɩ tuno hʋ ma aa laa maga ma.”"
16,"John said, “I am just baptizing with water. But someone more powerful is going to come, and I am not good enough even to untie his sandals. He will baptize you with the Holy Spirit and with fire.","Ɛɛ rɛ Gyɔɔŋ basɩ tɩya ba buloŋ a baa, “Nɩɩ dʋŋ nɛ ŋ kɛ kaŋ kɩ fo ma. Amɛ nal kɩdɩgɩ rɛ sɩ ko, ʋ rɛ yaa nɩbal a te ŋ. Ŋ paalɩ bɩ maga dɩ ŋ kpaga ʋ, a kaŋ ʋ naatɔbɔ ŋmasɩ mɛ puri. Ʋ kɛ sɩ kpa Wɩɩsɩ Wiyesi Welii hʋ abee diŋ a fo ma wɩɩkyʋwalnɩɩ."
20,"Finally, Herod put John in jail, and this was the worst thing he had done. The Baptism of Jesus (Matthew","Hɛrɔtɩ gyɩ yaŋ aa sɩ marɩ yaa wɩbɔŋ hʋ rɛ yaa, ʋ gyɩ bɩl sii leŋ ba kaŋ Gyɔɔŋ tɔ nɩtɔdɩya tɩyaŋ. Gyɔɔŋ foo Yesu wɩɩkyʋwalnɩɩ Matiwu"
38,"Enosh, and Seth. The family of Jesus went all the way back to Adam and then to God.",Kayinaŋ mɛ kuwo feŋ nɛ yaa Inɔsɩ. Inɔsɩ mɛ kuwo feŋ nɛ yaa Sɛɛtɩ. Sɛɛtɩ mɛ kuwo feŋ nɛ yaa Adama. Wɩɩsɩ rɛ ta Adama.
11,"The Scriptures say: ‘God will tell his angels to take care of you. They will catch you in their arms, and you will not even hurt your feet on the stones.’ ”",Ba bɩl saba rɛ anɩɩ ‘Ba sɩ kyeŋ kana ɩ dɩ ɩ naaŋ mɛ ta paalɩ dige taŋha.”’
40,"After the sun had set, people with all kinds of diseases were brought to Jesus. He put his hands on each one of them and healed them.","Ʋ dɩdaana aa ko pele, nala hʋ buloŋ aa kaŋ kyaŋsɩ ba kaŋ wɩɩla iriŋ iriŋ buloŋ, ba mʋ kaŋ ba ko Yesu lee dɩ ʋ tɩɩbɩ ba. Yesu kpa ʋ nosi dɔbɔ ba kɩdɩgɩ kɩdɩgɩ buloŋ tɩyaŋ ba na laaŋfɩya."
3,"The devil said to Jesus, “If you are God's Son, tell this stone to turn into bread.”","Ɛɛ rɛ Sɩtaanɩ ko basɩ tɩya ʋ a baa, “Dɩ ɩ baa ɩ yaa Wɩɩsɩ Biye kɛ, leŋ dɩ bʋwa no aa pɩna sii bɩrɩmɩ paanʋʋ.”"
5,Then the devil led Jesus up to a high place and quickly showed him all the nations on earth.,"Ɛɛ hal tɩyaŋ, Sɩtaanɩ bɩl kana ʋ kpa gyɩŋ wɩɩsɩnyuu, aŋ leŋ ʋ gul lurimi na dʋnɩya paalʋʋsɩ abee ba korisi buloŋ gɛɛ fine."
9,"Finally, the devil took Jesus to Jerusalem and had him stand on top of the temple. The devil said, “If you are God's Son, jump off.","Ɛɛ rɛ Sɩtaanɩ bɩl kana ʋ mʋ Gyerusalɛm, a kana ʋ gyɩŋ Wɩɩkyʋwaldɩɩbal hʋ nyugbaŋfara, aŋ basɩ tɩya ʋ a baa, “Dɩ ɩ baa ɩ yaa Wɩɩsɩ Biye kɛ, sɩŋ daha aŋ gyaa kyigisi taŋha."
15,"He taught in the Jewish synagogues, and everyone praised him. The People of Nazareth Turn against Jesus (Matthew","Doŋ nɛ ʋ kɩ daga nala Gyuuma wɩɩkyʋwaldɩɩsɩ tɩyaŋ, nal nal buloŋ kɩ bigisi ʋ. Nazarɛti tɩmma vɩya Yesu Matiwu"
18,"“The Lord's Spirit has come to me, because he has chosen me to tell the good news to the poor. The Lord has sent me to announce freedom for prisoners, to give sight to the blind, to free everyone who suffers,","“Wɩɩsɩ Wiyesi Welii hʋ we ŋ tɩyaŋ nɛ. Ʋ lɩɩ ŋ nɛ dɩ ŋ ko basɩ Wɩɩsɩ wɩweliye hʋ a tɩya nyaaba. Ʋ tɩma ŋ nɛ dɩ ŋ ko basɩ tɩya yosi anɩɩ Wɩɩsɩ sɩ laa ba ta, a bɩl basɩ tɩya nyʋlɩma mɛ dɩ ba sɩya sɩ suri. Ʋ tɩma ŋ nɛ dɩ ŋ laa nala hʋ buloŋ ba aa kaŋ kɩ tɩya sikii ta,"
19,"and to say, ‘This is the year the Lord has chosen.’ ”",aŋ basɩ tɩya ba anɩɩ saŋa hʋ á Tɩɩna Wɩɩsɩ aa sɩ laa ʋ nala ta pele rɛ.”
20,"Jesus closed the book, then handed it back to the man in charge and sat down. Everyone in the synagogue looked straight at Jesus.","Yesu aa karɩmɩ teŋ hʋ teŋ, ʋ kaŋ tɔ aŋ kpa tɩya nal hʋ aa biŋ teŋ hʋ aŋ tuu hɔŋ. Nala hʋ buloŋ aa we wɩɩkyʋwaldɩya hʋ tɩyaŋ mɩɩgɩ kyirigi sɩya we ʋ tɩyaŋ."
22,"All the people started talking about Jesus and were amazed at the wonderful things he said. They kept on asking, “Isn't he Joseph's son?”","Yesu wɩbasɩɩ hʋ buloŋ gyɩ yaa nala hʋ teŋfɩyɛl lɛ, ba nyʋʋsɩ mɛ gyɩ fɩyɛlɩ abee wɩweliye hʋ ʋ aa basa wɩya. Ɛɛ rɛ ba kɩ pɩyɛsɩ dɔmɔŋ a baa, “Gyosɛfʋ biibaal hʋ daa nyɛ dʋ?”"
23,"Jesus answered: You will certainly want to tell me this saying, “Doctor, first make yourself well.” You will tell me to do the same things here in my own hometown that you heard I did in Capernaum.","Ɛɛ rɛ Yesu bɩl basɩ tɩya ba a baa, “Ŋ gyɩma anɩɩ ma sɩ maga namaga no tɩya ŋ a baa, ‘Tɩɩba tɩɩna, tɩɩbɩ ɩ tɩɩ.’ Ma bɩl sɩ basɩ tɩya ŋ a baa dɩ wɩya hʋ buloŋ ma aa nɩya dɩ ŋ aa yaa Kapɛɛnam tɩyaŋ, dɩ ŋ yaa ba ŋ tɩɩ bee tɩyaŋ mɛ.”"
24,But you can be sure that no prophets are liked by the people of their own hometown.,"Ɛɛ rɛ Yesu bɩl baa, “Wɩtɩɩ rɛ, Wɩɩsɩ tɩŋdaal kɛ buloŋ, ʋ bee tɩɩ nala aa bee tɩya ʋ gyɩrɩma.”"
27,"During the time of the prophet Elisha, many men in Israel had leprosy. But no one was healed, except Naaman who lived in Syria.","Saŋa hʋ tɩyaŋ Wɩɩsɩ tɩŋdaal Ilaasa mɛ gyɩ aa we ʋ mɩɩbol tɩyaŋ, gbegisi gyɩ yʋga rɛ a we Iziral paalʋʋ tɩyaŋ, amɛ Wɩɩsɩ gyɩ bɩ leŋ Ilaasa tɩɩbɩ ba kɩdɩgɩ buloŋ, see gbege kɩdɩgɩ aa lɩɩ Siiriya paalʋʋ ba kɩ yɩrɩ Naamaŋ dʋŋ.”"
30,But Jesus slipped through the crowd and got away. A Man with an Evil Spirit (Mark,ka ʋ vala tɩŋ nala hʋ tɩyaŋ a lɩɩ mʋ. Yesu kile gyɩŋbɔŋ ta baal kɩdɩgɩ tɩyaŋ Maakɩ
31,Jesus went to the town of Capernaum in Galilee and taught the people on the Sabbath.,"Ɛɛ rɛ Yesu lɩɩ Nazarɛti tɩyaŋ, a kpa mʋ Kapɛɛnam aa we Galili paalʋʋ tɩyaŋ. Kyɛwiyesii hʋ kyɛɛ, ʋ mʋ gyʋʋ Gyuuma wɩɩkyʋwaldɩya a kɩ daga nala."
33,"There in the synagogue was a man with an evil spirit. He yelled out,",Dɩ baal kɩdɩgɩ gyɩŋbɔŋ aa kana mɛ gyɩ we wɩɩkyʋwaldɩya hʋ tɩyaŋ. Ɛɛ rɛ ʋ faasɩ kyɩɩrɩ
36,"They all were amazed and kept saying to each other, “What kind of teaching is this? He has power to order evil spirits out of people!”","Ba aa naa gɛɛ, ʋ yaa nal buloŋ wɩkperii. Ɛɛ rɛ ba kɩ pɩyɛsɩ dɔmɔŋ a baa, “Bekine wɩduwoni rɛ ʋ kɩ basɩ nyɛ? Baal no paalɩ kaŋ dee rɛ, a wuwo gyɩŋbɔmɔ, a nɔsɩ ba ba kɩ lɩɩ nala tɩyaŋ.”"
37,News about Jesus spread all over that part of the country. Jesus Heals Many People (Matthew,Ɛɛ rɛ Yesu wɩya taalɩ lee hʋ buloŋ. Yesu tɩɩbɩ nala yʋga Matiwu
38,"Jesus left the synagogue and went to Simon's home. When Jesus got there, he was told that Simon's mother-in-law was sick with a high fever.","Ɛɛ rɛ Yesu lɩɩ wɩɩkyʋwaldɩya hʋ tɩyaŋ, a kpa mʋ baal kɩdɩgɩ ba aa yɩrɩ Siimɔŋ dɩya. Ʋ mʋwa dɩ Siimɔŋ hɩɩla pɩna a kɩ wɩɩlɩ, ʋ teŋ buloŋ nɩma. Ɛɛ rɛ ba basɩ ʋ wɩya tɩya ʋ."
42,"The next morning Jesus went out to a place where he could be alone, and crowds came looking for him. When they found him, they tried to stop him from leaving.","Ʋ sɩgballɩnyʋwa, Yesu sii lɩɩ bee hʋ tɩyaŋ, a mʋ lee hʋ nala aa tuwo. Ɛɛ rɛ ka bee hʋ nala piili kɩ kyɛ ʋ. Ba aa ko na ʋ, ba kɩ lʋga dɩ ba kana ʋ biŋ dɩ ʋ ta bɩl mʋʋ lee buloŋ."
43,"But Jesus said, “People in other towns must hear the good news about God's kingdom. This is why I was sent.”","Ɛɛ rɛ Yesu basɩ tɩya ba a baa, “Ʋ maga dɩ ŋ mʋ tɔnɩ badɔmɔŋ mɛ rɛ, a basɩ Wɩɩsɩ koro hʋ wɩya doŋma mɛ. Beewɩya, ɛɛ wɩya rɛ Wɩɩsɩ tɩma ŋ, ŋ ko.”"
44,So he kept on preaching in the synagogues in Judea.,Ɛɛ rɛ ʋ gɔllɩ kɩ basɩ Wɩɩsɩ wɩya Gyudɩya paalʋʋ Gyuuma wɩɩkyʋwaldɩɩsɩ tɩyaŋ.
16,But Jesus would often go to some place where he could be alone and pray. Jesus Heals a Man Who Could Not Walk (Matthew,"Ka Yesu aa sii mʋ lee hʋ nala aa tuwo, a kyʋwalɩ Wɩɩsɩ. Yesu tɩɩbɩ gbarɩgɩ Matiwu"
20,"When Jesus saw how much faith they had, he said to the man, “My friend, your sins are forgiven.”","Ba aa yaa gɛɛ rɛ Yesu na anɩɩ ba laa ʋ di rɛ weliŋ. Ɛɛ rɛ ʋ basɩ tɩya gbarɩgɩ hʋ a baa, “Ŋ bagyʋwa, ŋ kpa ɩ wɩbɔmɔ kyɛ ɩ rɛ.”"
3,Jesus got into the boat that belonged to Simon and asked him to row it out a little way from the shore. Then Jesus sat down in the boat to teach the crowd.,"Ɛɛ rɛ Yesu mʋ gyʋʋ nɩɩduworiborisi hʋ kɩdɩgɩ aa yaa Siimɔŋ kɩŋ, aŋ leŋ ʋ yige ʋ bee boro hʋ we nɩɩ hʋ tɩyaŋ. Nyɛ rɛ Yesu hɔŋ nɩɩduworiboro hʋ tɩyaŋ aŋ kɩ daga nɩgyamaa hʋ buloŋ."
5,"“Master,” Simon answered, “we have worked hard all night long and have not caught a thing. But if you tell me to, I will let the nets down.”","Ɛɛ rɛ Siimɔŋ basɩ tɩya ʋ a baa, “Ŋ nɩhɩyawʋ, á yuwo gyoŋsi rɛ dɩya tebine buloŋ, aŋ bɩ kaŋ kɩŋ buloŋ. Amɛ ʋ aa yaa ɩ kɛ aa baa dɩ ŋ yuwo wɩya, ŋ sɩ yuwo.”"
6,They did this and caught so many fish that their nets began ripping apart.,"Nyɛ rɛ ba yuwo ba gyoŋsi, a kasɩ fuwonamɩɩsɩ kɩŋkaŋ, ba gyoŋsi gba kɩ kyɛ dɩ ba pʋʋrɩ."
7,"Then they signaled for their partners in the other boat to come and help them. The men came, and together they filled the two boats so full that they both began to sink.","Dɩ ba dɔŋtɩŋsɩ badɔmɔŋ mɛ we nɩɩduworiboro kɩdɩgɩ tɩyaŋ. Ɛɛ rɛ ba kolli yɩrɩ ba dɩ ba ko kyiyeli ba. Ba ko kuwoni fuwonamɩɩsɩ hʋ, a su nɩɩduworiborisi hʋ balɩya buloŋ. Borisi hʋ su, a paalɩ kɩ kyɛ dɩ ba tuu nɩɩmemii."
11,The men pulled their boats up on the shore. Then they left everything and went with Jesus. Jesus Heals a Man (Matthew,"Ɛɛ hal tɩyaŋ nɛ, ba sii a kaŋ nɩɩduworiborisi hʋ tarɩ ko lɩɩ nɩɩ hʋ nyʋwa, a leŋ ba kɩŋ kɩŋ buloŋ ta doŋ, aŋ sii tɩŋ Yesu hal. Yesu tɩɩbɩ gbege Matiwu"
15,News about Jesus kept spreading. Large crowds came to listen to him teach and to be healed of their diseases.,"Aŋka wɩɩ hʋ ha vɩya aŋ marɩ taalɩ lee buloŋ a gyʋʋ mʋ. Nala yʋga kɩ ko ʋ lee dɩ ba nɩɩ ʋ wɩbasɩɩ, aŋka dɩ ʋ pɛ tɩɩbɩ ba mɛ."
19,"But because of the crowd, they could not get him to Jesus. So they went up on the roof, where they removed some tiles and let the mat down in the middle of the room.","Amɛ, akuu nala fa aa yʋga lee hʋ tɩyaŋ wɩya, ba gyɩ bɩ wuwo na ŋmanɩɩ dɩ ba kana ʋ gyʋʋ dɩya hʋ. Ɛɛ rɛ ba kana ʋ kaŋ gyɩŋ dɩya hʋ nyuu a luri lee, a kpa ʋ ta ʋ tɩŋ doŋ a tuu pɩŋ Yesu sɩya tɩyaŋ nɩgyamaa hʋ tʋtʋʋ tɩyaŋ."
23,Is it easier for me to tell this man that his sins are forgiven or to tell him to get up and walk?,"Ŋ aa sɩ baa dɩ ŋ kpaa ʋ wɩbɔmɔ kyɛ ʋ rɛ, abee ŋ aa sɩ baa dɩ ʋ sii kɩ vala, ba tɩyaŋ kɩbee basɩɩ rɛ yaa mɔl?"
24,"But now you will see that the Son of Man has the right to forgive sins here on earth.” Jesus then said to the man, “Get up! Pick up your mat and walk home.”","Ŋ sɩ daga ma anɩɩ mɩyaŋ Nihuwobiŋ Biye kaŋ dee rɛ dʋnɩya tɩyaŋ ŋ aa sɩ wuwo kpa wɩbɔmɔ kyɛ nala.” Ɛɛ rɛ ka ʋ basɩ tɩya gbarɩgɩ hʋ a baa, “Sii, a kpa ɩ wasa kɩ mʋ dɩya.”"
25,"At once the man stood up in front of everyone. He picked up his mat and went home, giving thanks to God.","Doŋ nɛ gbarɩgɩ hʋ nyagɩ sii sɩŋ ba sɩya tɩyaŋ, a kpa ʋ wasa hʋ tɩyaŋ ʋ fa aa pɩna, a vala kɩ mʋ dɩya aŋ kɩ dannɩ Wɩɩsɩ."
26,"Everyone was amazed and praised God. What they saw surprised them, and they said, “We have seen a great miracle today!” Jesus Chooses Levi (Matthew","Wɩɩ hʋ yaa nala hʋ buloŋ fa aa we doŋ wɩkperii. Kambɩŋ gyʋʋ ba, ba dannɩ Wɩɩsɩ a baa, “Á naa wɩkperiye rɛ gyɩnaŋ.” Yesu yɩrɩ Levi Matiwu"
27,"Later, Jesus went out and saw a tax collector named Levi sitting at the place for paying taxes. Jesus said to him, “Follow me.”","Ɛɛ hal tɩyaŋ nɛ Yesu sii lɩɩ a na lampolaal kɩdɩgɩ ba aa yɩrɩ Levi dɩ ʋ hɔŋ ʋ tʋŋtʋnnɩ dɩya tɩyaŋ. Nyɛ rɛ Yesu basɩ tɩya ʋ a baa, “Sii ko kɩ tɩŋa ŋ hal.”"
29,In his home Levi gave a big dinner for Jesus. Many tax collectors and other guests were also there.,"Ɛɛ hal tɩyaŋ, Levi gyɩ leŋ ba marɩ kɩdiiliye yʋga ʋ dɩya tɩyaŋ a tɩya Yesu, a yɩrɩ nɩgyamaa mɛ. Nɩgyamaa hʋ ʋ gyɩ aa yɩra tɩyaŋ, lampolaala yʋga gyɩ we ba tɩyaŋ nɛ."
30,"The Pharisees and some of their teachers of the Law of Moses grumbled to Jesus' disciples, “Why do you eat and drink with these tax collectors and other sinners?”","Ɛɛ rɛ Farasiima badɔmɔŋ abee Wɩɩsɩ Teŋ dɩdagɩla mɛ aa yaa Farasiima sii ko, a pɩyɛsɩ Yesu hatɩnna hʋ a baa, “Bee rɛ tɩŋ ma bee lampolaala abee wɩbɔŋyaala buloŋ laŋŋɩ hɔŋ kɩ di kɩna?”"
32,I didn't come to invite good people to turn to God. I came to invite sinners.” People Ask about Going without Eating (Matthew,Ŋ ko dɩ ŋ yɩrɩ wɩbɔŋyaala rɛ dɩ ba leŋ ba wɩbɔmɔ. Ŋ bɩ ko dɩ ŋ yɩrɩ tɩpʋlʋŋ tɩmma.” Ba pɩyɛsɩ Yesu nyʋwa vʋwayɩ wɩya Matiwu
33,"Some people said to Jesus, “John's followers often pray and go without eating, and so do the followers of the Pharisees. But your disciples never go without eating or drinking.”","Ɛɛ rɛ nala badɔmɔŋ ko pɩyɛsɩ Yesu a baa, “Gyɔɔŋ Wɩɩsɩnɩɩfool hʋ hatɩnna aa kɩ vʋwa nyʋwa rɛ, a kɩ kyʋwalɩ Wɩɩsɩ mɛ saŋa buloŋ. Farasiima hatɩnna mɛ kɩ yaa gɛɛ tɩɩ. Amɛ ɩ hatɩnna kɛ bee vʋwa nyʋwa.”"
34,"Jesus told them, “The friends of a bridegroom don't go without eating while he is still with them.","Ɛɛ rɛ Yesu pɩyɛsɩ ba a baa, “Dɩ nal lɛ kpaa haaŋ, dɩ ʋ bee ʋ kyaŋsɩ kɩ gbɩyalɩ hafalɩɩ hʋ gbɩyala, ʋ kyaŋsɩ hʋ sɩ wuwo vʋwa nyʋwa? Aayɩ, ba bɩ sɩ wuwo vʋwa nyʋwa."
35,But the time will come when he will be taken from them. Then they will go without eating.”,"Amɛ saŋa kɩdɩgɩ rɛ sɩ pele, dɩ ba kaŋ hafalɩɩ bala hʋ mʋ lee kɩdɩgɩ. Ɛɛ tɩyaŋ nɛ ʋ kyaŋsɩ hʋ yaŋ sɩ vʋwa nyʋwa.”"
36,Jesus then told them these sayings: No one uses a new piece of cloth to patch old clothes. The patch would shrink and make the hole even bigger.,"Ɛɛ rɛ ʋ bɩl maga namaga no tɩya ba a baa, “Nal buloŋ bɩ sɩ lɔgɔ taŋfalɩɩ a kpa ala tɔ gabɩnɩɩ bol. Dɩ ɩ rɛ yaa gɛɛ, ɩ sɩ kyogi gafalɩɩ hʋ, ka dɩ taŋfalɩɩ hʋ bee gabɩnɩɩ hʋ mɛ bɩ sɩ kɩɩ dɔmɔŋ."
37,"No one pours new wine into old wineskins. The new wine would swell and burst the old skins. Then the wine would be lost, and the skins would be ruined.","Ɛɛ tɩɩ rɛ nal mɛ bɩ sɩ kpa sɩhuwo a we pulbɩnɩɩ tɩyaŋ. Dɩ ɩ rɛ yaa gɛɛ, pul hʋ sɩ pɔsɔ, dɩ sɩŋ hʋ buloŋ bɩsɩ ta."
38,New wine must be put only into new wineskins.,Sɩhuwo maga dɩ ɩ kpa we viiweliye tɩyaŋ nɛ.
39,"No one wants new wine after drinking old wine. They say, “The old wine is better.”","Dɩ nal lɛ aa nyʋwa sɩwiilii, ʋ bɩl bɩ sɩ kɩ kyɛ dɩ ʋ nyʋwa sɩhuwo, beewɩya tɩɩna aa baa dɩ sɩwiilii rɛ weliye te sɩhuwo.”"
8,"Jesus knew what they were thinking, so he told the man to stand up where everyone could see him. And the man stood up.",Amɛ Yesu fa gyɩŋ ba tɩbɩɩna buloŋ nɛ. Ɛɛ rɛ ʋ basɩ tɩya nosʋʋ hʋ tɩɩna a baa dɩ ʋ sii ko lɩɩ sɩŋ ba sɩya tɩyaŋ. Nyɛ rɛ baal hʋ sii mʋ lɩɩ sɩŋ doŋ.
2,"Some Pharisees said, “Why are you picking grain on the Sabbath? You're not supposed to do that!”","Dɩ Farasiima badɔmɔŋ mɛ gyɩ we doŋ a na ba. Doŋ nɛ ba pɩyɛsɩ ba a baa, “Bee rɛ tɩŋ ma kɩ yaa nyɛ? Kyɛwiyesii hʋ kyɛɛ sɩna daa ma kɩ kyogi gɛɛ?”"
23,"Long ago your own people did these same things to the prophets. So when this happens to you, be happy and jump for joy! You will have a great reward in heaven.","Dɩ gɛɛ rɛ ko puu ma, ma leŋ dɩ ma tenni fɩyɛlɩ, dɩ ma kɩ gʋwa a kɩ gyʋwɔsɩ, beewɩya ma tuno yʋga rɛ a pɩŋ wɩɩsɩbee tɩyaŋ. Ɛɛ tɩɩ rɛ ba naabaala mɛ gyɩ dɔgɩsɩ Wɩɩsɩ tɩŋdaala hʋ gyɩ aa laa sɩya ko."
28,"Ask God to bless anyone who curses you, and pray for everyone who is cruel to you.","Ma sʋl Wɩɩsɩ kɩ tɩya nal buloŋ aa basɩ wɩbɔmɔ kɩ tɩya ma, aŋ kyʋwalɩ Wɩɩsɩ kɩ tɩya nala hʋ buloŋ aa dɔgɩsɩ ma."
9,"Then Jesus asked, “On the Sabbath should we do good deeds or evil deeds? Should we save someone's life or destroy it?”","Doŋ nɛ Yesu pɩyɛsɩ ba a baa, “Ɛɛ rɛ Wɩɩsɩ mɩrɩsɩ hʋ daga dɩ á kɩ yaa Kyɛwiyesii hʋ kyɛɛ? Dɩ á kɩ kyiyeli nala koo dɩ á kɩ dɔgɩsɩ ba? Dɩ á kɩ laa nala mɩɩbolo koo dɩ á kɩ kpʋ ba?”"
14,"One was Simon, and Jesus named him Peter. Another was Andrew, Peter's brother. There were also James, John, Philip, Bartholomew,","Nala hʋ ʋ gyɩ aa lɩya rɛ nyɛ: Siimɔŋ abee ʋ naabiibaal Aŋduru, abee Gyemsi abee Gyɔɔŋ abee Fɩlɩpɩ abee Batolomi"
6,"On another Sabbath Jesus was teaching in a synagogue, and a man with a paralyzed right hand was there.","Kyɛwiyesii hʋ kyɛɛ kɩdɩgɩ Yesu bɩl sii gyʋʋ Gyuuma wɩɩkyʋwaldɩya, a kɩ daga nala, dɩ baal kɩdɩgɩ mɛ gyɩ we doŋ, ʋ noduu noŋ sʋba."
11,"The teachers and the Pharisees were furious and started saying to one another, “What can we do about Jesus?” Jesus Chooses His Twelve Apostles (Matthew","Yesu aa yaa gɛɛ, nala hʋ buloŋ baaŋ sii kɩŋkaŋ. Ba kɩ vʋʋlɩ wɩɩ hʋ ba aa sɩ yaa ʋ. Yesu lɩɩ ʋ kpambɩsɩ fi abee balɩya Matiwu"
13,The next morning he called his disciples together and chose twelve of them to be his apostles.,"Sɩya aa gballa, ʋ yɩrɩ ʋ hatɩnna buloŋ ba ko ʋ lee. Ɛɛ rɛ ʋ lɩɩ ba tɩyaŋ nala fi abee balɩya dɩ ba yaa ʋ kpambɩsɩ."
19,"Everyone was trying to touch Jesus, because power was going out from him and healing them all. Blessings and Troubles (Matthew","Nala hʋ buloŋ gyɩ aa we doŋ kɩ lʋga dɩ ba dige ʋ, beewɩya ba gyɩ naa anɩɩ dee kɩdɩgɩ rɛ aa lɩɩ ʋ tɩyaŋ, a leŋ nala buloŋ kɩ na laaŋfɩya. Teŋfɩyɛlʋʋ abee tɩkyogi Matiwu"
15,"Matthew, Thomas, and James the son of Alphaeus. The rest of the apostles were Simon, known as the Eager One,","abee Matiwu abee Tɔmaasɩ abee Alfiyasɩ biibaal Gyemsi, abee Siimɔŋ, nal hʋ aa kyɩl ʋ nala wɩya kɩŋkaŋ,"
25,You well-fed people are in for trouble. You will go hungry! You people who are laughing now are in for trouble. You are going to cry and weep!,"Ma nala hʋ mɛ aa vɔgɔ gyɩnaŋ, ma mɛ sɩ na tʋwara dɩ losi kpʋ ma. Ma nala hʋ mɛ aa mʋŋ gyɩnaŋ, ma sɩ na tʋwara. Ma tɩsɩ sɩ kyogi, dɩ ma wii sɩnɩɩl."
18,These people had come to listen to Jesus and to be healed of their diseases. All who were troubled by evil spirits were also healed.,Nala no buloŋ gyɩ ko dɩ ba gyegili nɩɩ wɩya hʋ Yesu aa basɩ rɛ aŋ ka dɩ ʋ tɩɩbɩ ba. Nala badɔmɔŋ mɛ gyɩŋbɔmɔ aa kana mɛ gyɩ ko rɛ dɩ Yesu tɩɩbɩ ba.
21,God will bless you hungry people. You will have plenty to eat! God will bless you people who are now crying. You will laugh!,"Nyusʋŋtɩmma rɛ yaa ma nala hʋ losi aa kpʋʋ gyɩnaŋ, Wɩɩsɩ sɩ leŋ dɩ ma vɔgɔ. Nyusʋŋtɩmma rɛ yaa ma nala hʋ aa wii gyɩnaŋ, Wɩɩsɩ sɩ leŋ dɩ ma mʋma."
22,"God will bless you when others hate you and won't have anything to do with you. God will bless you when people insult you and say cruel things about you, all because you are a follower of the Son of Man.","Nyusʋŋtɩmma rɛ yaa ma nala hʋ ba aa haasa, a lɩɩ ma kɩ ta nala tɩyaŋ a kɩ tʋʋsɩ ma a kɩ kyogi ma feŋ aŋ baa dɩ ma yaa nɩbɔmɔ rɛ, akuu ma aa tɩŋ mɩyaŋ Nihuwobiŋ Biye hal wɩya."
26,You are in for trouble when everyone says good things about you. That is what your own people said about those prophets who told lies. Love for Enemies (Matthew,"Dɩ dʋnɩya nala buloŋ nɛ ko kɩ bigisi ma, ma gyɩma anɩɩ tʋwara tɩyaŋ nɛ ma we gɛɛ, beewɩya, ɛɛ tɩɩ rɛ ba naabaala gyɩ kɩ bigisi nala hʋ gyɩ aa nyɩya wɩya baa dɩ ba yaa Wɩɩsɩ tɩŋdaala rɛ.” Ma kyo ma dɔmɔ Matiwu"
38,"If you give to others, you will be given a full amount in return. It will be packed down, shaken together, and spilling over into your lap. The way you treat others is the way you will be treated.","Ma kpa kɩna kɩ tɩya nala. Dɩ mamaa rɛ aa yaa gɛɛ, Wɩɩsɩ mɛ sɩ kpa kɩna kɩ tɩya ma. Ʋ sɩ magɩsɩ kɩna a su kɩŋ yurutu, a nyagɩ we, ka dɩ ba ha yuwori kɩ tuu, dɩ ʋ kpa tɩya ma. Amɛ kɩŋ hʋ ɩ aa kaŋ magɩsɩ kɩna tɩya ɩ dɔŋtɩɩna, ʋ tɩɩ rɛ Wɩɩsɩ mɛ sɩ kaŋ magɩsɩ tɩya ɩ.”"
48,"is like someone who dug down deep and built a house on solid rock. When a flood came and the river rushed against the house, it was built so well that it didn't even shake.","Ʋ kɩɩ gɛɛ rɛ anɩɩ nal aa kyɛ dɩ ʋ saa dɩya, a hulo dɩya hʋ memii ʋ tuu yɩ bʋyɩ, ka ʋ na saa. Ɛɛ rɛ duwoŋ ko nɩɩ, fuwo su gbarɩ, nɩɩ ko gyɩŋ sɩna dɩya hʋ, ka ʋ bɩ gyigise mɛ gba, beewɩya, ba saa ʋ weliŋ nɛ."
29,"If someone slaps you on one cheek, don't stop that person from slapping you on the other cheek. If someone wants to take your coat, don't try to keep back your shirt.","Dɩ nal lɛ ŋmaa ɩ nogɔbɔ kyaŋkpaŋ, kaŋ ɩ noduu kyaŋkpaŋ mɛ tɩya ʋ dɩ ʋ ŋmaa. Dɩ nal lɛ kaŋ ɩ gabal fasɩ, wuri ɩ gabiye mɛ pɛ tɩya ʋ."
30,Give to everyone who asks and don't ask people to return what they have taken from you.,"Dɩ nal lɛ ko sʋla ɩ kɩŋ, kpa tɩya ʋ. Dɩ nal mɛ rɛ kyɩma ɩ kɩŋ, ta pɩyɛsɩ ʋ laa."
32,"If you love only someone who loves you, will God praise you for that? Even sinners love people who love them.","Dɩ mamaa rɛ kyo nala hʋ aa kyo ma dʋŋ, ma bɩ kaŋ tuno buloŋ Wɩɩsɩ lee, beewɩya wɩbɔŋyaala mɛ gba kyo nala hʋ aa kyo ba rɛ."
36,"Have pity on others, just as your Father has pity on you. Judging Others (Matthew",Ma kɩ fá nala sikii anɩɩ ma Kuwo Wɩɩsɩ aa fá nala sikii gɛɛ. Ma ta kɩ dii nala sarɩya Matiwu
37,"Jesus said: Don't judge others, and God won't judge you. Don't be hard on others, and God won't be hard on you. Forgive others, and God will forgive you.","Ta dii ɩ dɔŋtɩɩna sarɩya, dɩ Wɩɩsɩ mɛ ta dii ɩ sarɩya. Ta kpaa kyogisi tɩya ɩ dɔŋtɩɩna dɩ Wɩɩsɩ mɛ ta kpaa kyogisi tɩya ɩ. Ma kpa wɩya kɩ kyɛ ma dɔŋtɩŋsɩ. Dɩ mamaa rɛ aa yaa gɛɛ, Wɩɩsɩ mɛ sɩ kpa wɩya kɩ kyɛ ma."
39,Jesus also used some sayings as he spoke to the people. He said: Can one blind person lead another blind person? Won't they both fall into a ditch?,"Ɛɛ rɛ Yesu bɩl maga namaga tɩya ba a baa, “Nyʋlʋŋ bɩ sɩ wuwo kaŋ ʋ dɔŋtɩɩna nyʋlʋŋ daaŋ. Dɩ ʋ rɛ yaa gɛɛ, ba buloŋ balɩya sɩ tele bootogi tɩyaŋ."
40,"Are students better than their teacher? But when they are fully trained, they will be like their teacher.","Nal hʋ aa gʋnnɩ wɩɩ bɩ sɩ wuwo te nal hʋ aa daga ʋ, amɛ dɩ ʋ rɛ ko gʋnnɩ wɩɩ hʋ teŋ, ʋ mɛ aa kɩɩ nal hʋ aa daga ʋ rɛ."
41,"You can see the speck in your friend's eye, but you don't notice the log in your own eye.","Ɛɛ rɛ ɩ sɩ yaa na gyagɩŋ hʋ aa we ɩ dɔŋtɩɩna sɩɩ tɩyaŋ, aŋ bɩ naa daakuu hʋ aa we ɩ tɩɩ sɩɩ tɩyaŋ."
42,"How can you say, “My friend, let me take the speck out of your eye,” when you don't see the log in your own eye? You show-offs! First, get the log out of your own eye; then you can see how to take the speck out of your friend's eye. A Tree and Its Fruit (Matthew","Ɛɛ rɛ ɩ sɩ yaa baa dɩ ɩ dɔŋtɩɩna leŋ dɩ ɩ lɩɩ gyagɩŋ hʋ aa we ʋ sɩɩ tɩyaŋ ta tɩya ʋ, aŋ bee na daakuu hʋ kɛ aa gɩrɩga ɩ tɩɩ sɩɩ tɩyaŋ. Ɛɛdɔŋ minaafigi tɩɩna kɩdɩgɩ! Laasɩya lɩɩ daakuu hʋ aa we ɩ tɩɩ sɩɩ tɩyaŋ, ka dɩ ɩ wuwo kɩ na weliŋ, a na lɩɩ gyagɩŋ hʋ aa we ɩ dɔŋtɩɩna sɩɩ tɩyaŋ.” Tɩya abee ʋ nɔnɔ Matiwu"
44,You can tell what a tree is like by the fruit it produces. You cannot pick figs or grapes from thornbushes.,"Tɩya nɔnɔ rɛ aa daga tɩya hʋ doho ʋ aa yaa. Sɔgyaŋ bee nɔŋ tutogo nɔnɔ, kanɩɩ mɛ bee nɔŋ babɩlɩya."
45,"Good people do good things because of the good in their hearts, but bad people do bad things because of the evil in their hearts. Your words show what is in your heart. Two Builders (Matthew","Niwelii aa kaŋ tɩbɩɩŋweliye rɛ ʋ tɩya tɩyaŋ, ɛɛ rɛ tɩŋ ʋ kɩ yaa wɩweliye. Nɩbɔŋ mɛ aa kaŋ tɩbɩɩŋbɔmɔ rɛ ʋ tɩya tɩyaŋ, ɛɛ rɛ tɩŋ ʋ mɛ kɩ yaa wɩbɔmɔ. Beewɩya, wɩɩ hʋ aa we ɩ tɩya tɩyaŋ, ʋ rɛ ɩ nyʋwa kɩ basɩ.” Yesu maga dɩɩsaala balɩya namaga Matiwu"
46,"Why do you keep on saying that I am your Lord, when you refuse to do what I say?","Ɛɛ rɛ Yesu bɩl baa, “Bee rɛ tɩŋ ma kɩ yɩrɩ ŋ ma Tɩɩna, aŋ bee yaa wɩya hʋ ŋ aa basɩ kɩ tɩya ma?"
49,"But anyone who hears what I say and doesn't obey me is like someone whose house wasn't built on solid rock. As soon as the river rushed against that house, it was smashed to pieces!","Amɛ nal hʋ aa gyegile nɩɩ ŋ wɩbasɩya aŋ bee tɩŋ ba, ʋ tɩɩna kɩɩ gɛɛ rɛ anɩɩ nal hʋ aa saa ʋ dɩya, aŋ bɩ hulo dɩya hʋ memii ʋ tuu aŋ saa dɩya hʋ. Ɛɛ rɛ duwoŋ ko nɩɩ, fuwo su gbarɩ, nɩɩ ko gyɩŋ sɩna dɩya hʋ, ʋ tele wuroo, a muŋsi ʋ buloŋ muno muno.”"
8,"I have officers who give orders to me, and I have soldiers who take orders from me. I can say to one of them, ‘Go!’ and he goes. I can say to another, ‘Come!’ and he comes. I can say to my servant, ‘Do this!’ and he will do it.”","Ŋ mɛ aa tɩŋ ŋ nɩhɩyasɩ nyʋwa rɛ, ka laalyuwolo badɔmɔŋ mɛ yaa ŋ noŋ nala, a mɛ kɩ tɩŋa ŋ nyʋwa. Dɩ mɩyaŋ nɛ baa dɩ kɩdɩgɩ mʋ daha, ʋ aa mʋʋ rɛ. Dɩ ŋ bɩl baa kɩdɩgɩ mɛ ko daha, ʋ aa ko rɛ. Dɩ mɩyaŋ nɛ basɩ tɩya ŋ tʋŋtʋnnɩ dɩ ʋ yaa wɩɩ no, ʋ aa yaa rɛ.”"
5,He loves our nation and even built us a synagogue.”,"Ʋ kyo á nala rɛ weliŋ, haalɩ a gba saa á wɩɩkyʋwaldɩya tɩya ma.”"
13,"When the Lord saw the woman, he felt sorry for her and said, “Don't cry!”","Á tɩɩna Yesu aa naa haaŋ hʋ, sikii buloŋ kana ʋ. Ʋ basɩ tɩya ʋ a baa “Ta kɩ wiye.”"
4,"The leaders went to Jesus and begged him to do something. They said, “This man deserves your help!","Nyɛ rɛ ba sii mʋ Yesu lee a sʋla ʋ abee sɩfɩyasɩ buloŋ a baa, “Baal no yaa nɩtɩɩ rɛ. Ʋ maga dɩ ɩ pɛ ʋ tɩyaŋ nɛ."
43,"Simon answered, “I suppose it would be the one who had owed more and didn't have to pay it back.” “You are right,” Jesus said.","Ɛɛ rɛ Siimɔŋ basɩ tɩya ʋ a baa, “Ŋ liise anɩɩ nal hʋ kyɩŋ aa yʋga hʋ rɛ sɩ kyo baal hʋ wɩya yʋga.” Doŋ nɛ Yesu basɩ tɩya ʋ “Wɩtɩɩ rɛ ɩ basɩ.”"
3,"And when he heard about Jesus, he sent some Jewish leaders to ask him to come and heal the servant.","Laalyuwolo nɩhɩyawʋ hʋ aa nɩɩ Yesu wɩya, ʋ sii lɩɩ Gyuuma nɩhɩyasɩ badɔmɔŋ dɩ ba mʋ sʋla ʋ dɩ ʋ ko tɩɩbɩ ʋ tʋŋtʋnnɩ hʋ."
6,"So Jesus went with them. When Jesus wasn't far from the house, the officer sent some friends to tell him, “Lord, don't go to any trouble for me! I am not good enough for you to come into my house.","Ɛɛ rɛ Yesu kpa tɩŋ ba hal kɩ mʋ. Ba aa mʋ kpaga laalyuwolo nɩhɩyawʋ hʋ dɩya, ʋ tɩma ʋ kyaŋsɩ dɩ ba ko lɩɩ basɩ tɩya Yesu a baa, “Ŋ nɩhɩyawʋ, ta dɔgɩsɩ ɩ tɩɩ ko ŋ dɩya. Ŋ bɩ maga dɩ ɩ ko gyʋʋ ŋ dɩya."
7,"And I am certainly not worthy to come to you. Just say the word, and my servant will get well.","Ŋ tɩɩ mɛ gba bɩ maga dɩ ŋ ko ɩ lee. Amɛ dɩ ɩ yaŋ suri ɩ nyʋwa a baa dɩ ŋ tʋŋtʋnnɩ hʋ deye mɛ, ka ʋ sɩ deye."
9,"When Jesus heard this, he was so surprised that he turned and said to the crowd following him, “In all of Israel I've never found anyone with this much faith!”","Yesu aa nɩɩ wɩya no, ʋ nyʋwa fɩyɛlɩ kɩŋkaŋ. Doŋ nɛ ʋ mɩɩgɩ galdaasɩ ʋ hal a basɩ tɩya nɩgyamaa hʋ fa aa tɩŋa ʋ hal a baa, “Ŋ ha bɩ naa nal aa laa Wɩɩsɩ di nyɛ Iziral tɩmma tɩɩ mɛ gba tɩyaŋ.”"
10,The officer's friends returned and found the servant well. A Widow's Son,"Nyɛ rɛ tɩŋdaala hʋ mɩɩgɩ kpa mʋ laalyuwolo nɩhɩyawʋ hʋ dɩya, dɩ ʋ tʋŋtʋnnɩ hʋ kɔnɩ deye. Yesu kyisi lohaaŋ kɩdɩgɩ biibaal sʋʋ tɩyaŋ"
12,"As they came near the gate of the town, they saw people carrying out the body of a widow's only son. Many people from the town were walking along with her.","Ʋ gyɩ aa mʋʋ kɩ pele bee hʋ, ʋ naa dɩ nɩgyamaa mʋʋ kɩ ko gɛɛ bilili, a kpa bapʋwasɩɩ kɩdɩgɩ aa sʋba, a kaŋ kɩ mʋ dɩ ba hogo. Bapʋwasɩɩ no dʋŋ nɛ ʋ naa gyɩ lʋla, ka ʋ naa hʋ mɛ yaa lohaaŋ."
14,"Jesus went over and touched the stretcher on which the people were carrying the dead boy. They stopped, and Jesus said, “Young man, get up!”","Ɛɛ rɛ ka ʋ kpa mʋ, a dige sʋʋdaga hʋ. Nala hʋ fa aa kyʋŋ daga hʋ mɩɩgɩ sɩŋ. Ɛɛ rɛ Yesu basɩ tɩya sʋʋ hʋ a baa, “Bapʋwasɩbiye, sii.”"
15,The boy sat up and began to speak. Jesus then gave him back to his mother.,"Doŋ nɛ baal hʋ sii hɔŋ, a piili kɩ basɩ wɩya. Ɛɛ rɛ Yesu kpa ʋ tɩya ʋ naa."
16,"Everyone was frightened and praised God. They said, “A great prophet is here with us! God has come to his people.”","Kambɩŋ kaŋ nala hʋ buloŋ, ba kɩ dannɩ Wɩɩsɩ a baa, “Wɩɩsɩ tɩŋdaalbal lɛ ko tuu á lee nyɛ. Wɩɩsɩ rɛ ko dɩ ʋ laa ma ta.”"
17,News about Jesus spread all over Judea and everywhere else in that part of the country. John the Baptist (Matthew,"Wɩɩ no Yesu aa yaa gyɩ taalɩ Gyudɩya paalʋʋ abee tɔbiisi hʋ aa gol doŋ buloŋ. Gyɔɔŋ, Wɩɩsɩnɩɩfool hʋ tɩŋ nala Yesu lee Matiwu"
19,"John's followers told John everything that was being said about Jesus. So he sent two of them to ask the Lord, “Are you the one we should be looking for? Or must we wait for someone else?”","Ɛɛ rɛ Gyɔɔŋ, Wɩɩsɩnɩɩfool hʋ yɩrɩ ba tɩyaŋ nala balɩya, a tɩŋ ba dɩ ba mʋ á Tɩɩna Yesu lee, a pɩyɛsɩ ʋ a baa, “Ɩ rɛ yaa nal hʋ Gyɔɔŋ aa baa dɩ ʋ sɩ ko hʋ, koo á ha kɩ gyegili nɩdɩma?”"
20,"When these messengers came to Jesus, they said, “John the Baptist sent us to ask, ‘Are you the one we should be looking for? Or are we supposed to wait for someone else?’ ”","Ba aa ko Yesu lee, ba basɩ tɩya ʋ a baa, “Gyɔɔŋ, Wɩɩsɩnɩɩfool hʋ rɛ tɩŋ ma dɩ á ko pɩyɛsɩ ɩ anɩɩ ɩ rɛ yaa nal hʋ ʋ aa baa dɩ ʋ sɩ ko hʋ, koo á ha kɩ gyegili nɩdɩma?”"
21,"At that time Jesus was healing many people who were sick or in pain or were troubled by evil spirits, and he was giving sight to a lot of blind people.","Haŋ saŋa hʋ tɩɩ tɩyaŋ dɩ Yesu tɩɩbɩ wɩɩla tɩmma yʋga, a kile gyɩŋbɔmɔ mɛ ta nala tɩyaŋ, aŋ suri nyʋlɩma mɛ yʋga sɩya."
22,"Jesus said to the messengers sent by John, “Go and tell John what you have seen and heard. Blind people are now able to see, and the lame can walk. People who have leprosy are being healed, and the deaf can now hear. The dead are raised to life, and the poor are hearing the good news.","Ɛɛ rɛ Yesu basɩ tɩya Gyɔɔŋ hatɩnna hʋ a baa, “Ma mɩɩgɩ mʋ a basɩ tɩya Gyɔɔŋ wɩya hʋ buloŋ ma aa nɩya abee wɩya hʋ buloŋ ma aa naa. Nyʋlɩma sɩya aa suri rɛ, gbarɩga kɩ vala, gbegisi kɩ deye. Wonni kɩ nɩɩ wɩya. Nala aa sʋba kɩ sii sʋʋ tɩyaŋ. Nyaaba mɛ kɩ nɩɩ Wɩɩsɩ wɩweliye hʋ."
23,God will bless everyone who doesn't reject me because of what I do.”,Nyusʋŋtɩmma rɛ yaa nala hʋ aa bee yaa ŋ sige.”
24,"After John's messengers had gone, Jesus began speaking to the crowds about John: What kind of person did you go out to the desert to see? Was he like tall grass blown about by the wind?","Ɛɛ rɛ Gyɔɔŋ hatɩnna hʋ mɩɩgɩ kpa mʋ, ka Yesu piili basɩ Gyɔɔŋ wɩya kɩ tɩya nɩgyamaa hʋ. Ʋ gyɩ pɩyɛsɩ ba rɛ a baa, “Ma gyɩ aa lɩɩ mʋ Gyɔɔŋ lee pogo hʋ tɩyaŋ, bekiŋ nɛ ma fa liisi anɩɩ ma sɩ na? Ma gyɩ mʋʋ dɩ ma na ɔhɔ puwo aa kaŋ kɩ gyiyegi rɛ koo?"
25,What kind of man did you really go out to see? Was he someone dressed in fine clothes? People who wear expensive clothes and live in luxury are in the king's palace.,"Bekiŋ nɛ ma gyɩ yaŋ lɩɩ mʋ dɩ ma na? Ma gyɩ lɩɩ mʋ dɩ ma na nal aa laalɩ gaweliye rɛ koo? Aayɩ, beewɩya nala hʋ aa laalɩ gaweliye, ba aa hɔŋ kuworidɩɩsɩ tɩyaŋ nɛ, a kɩ nɩɩ sʋma."
26,What then did you go out to see? Was he a prophet? He certainly was! I tell you that he was more than a prophet.,"Ma yaŋ daga ŋ kɩŋ hʋ ma gyɩ aa lɩɩ mʋ dɩ ma na. Ma gyɩ lɩɩ mʋ dɩ ma na Wɩɩsɩ tɩŋdaal lɛ koo? Ŋ basɩ kɩ tɩya ma rɛ anɩɩ nal hʋ ma gyɩ aa mʋʋ na hʋ, ʋ tee Wɩɩsɩ tɩŋdaal lɛ."
27,"In the Scriptures, God calls John his messenger and says, “I am sending my messenger ahead of you to get things ready for you.”","Haŋ Gyɔɔŋ hʋ wɩya rɛ ba sabɩ biŋ Wɩɩsɩ teŋ tɩyaŋ, a baa dɩ Wɩɩsɩ baa, ‘Ŋ sɩ tɩma ŋ tɩŋdaal dɩ ʋ laa ɩ sɩya a mʋ a marɩ ɩ ŋmanɩɩ bin-ɩ.”’"
28,No one ever born on this earth is greater than John. But whoever is least important in God's kingdom is greater than John.,"Ɛɛ rɛ Yesu bɩl basɩ tɩya nala hʋ a baa, “Gyɔɔŋ nɛ tee nihuwobiŋ buloŋ ba aa lʋla. Amɛ nal hʋ aa yaa nɩbiye Wɩɩsɩ koro hʋ tɩyaŋ, ʋ rɛ tee Gyɔɔŋ.”"
29,Everyone had been listening to John. Even the tax collectors had obeyed God and had done what was right by letting John baptize them.,"Nala hʋ buloŋ gyɩ nɩɩ wɩya hʋ Yesu aa basa rɛ. Nala no buloŋ gyɩ tɩŋ Wɩɩsɩ nyʋwa hʋ Gyɔɔŋ gyɩ aa daga rɛ, haalɩ ba bee lampolaala buloŋ, beewɩya ba gyɩ leŋ Gyɔɔŋ fo ba wɩɩkyʋwalnɩɩ rɛ."
30,But the Pharisees and the experts in the Law of Moses refused to obey God and be baptized by John.,"Amɛ Farasiima abee Wɩɩsɩ Teŋ dɩdagɩla hʋ kɛ gyɩ vɩya Wɩɩsɩ nyʋwa rɛ, beewɩya ba gyɩ bɩ leŋ Gyɔɔŋ gyɩ fo ba wɩɩkyʋwalnɩɩ."
31,Jesus went on to say: What are you people like? What kind of people are you?,"Ɛɛ rɛ Yesu bɩl baa, “Bekiŋ nɛ ŋ sɩ kpa gyɩnaŋ nala magɩsɩ? Ɛɛ rɛ ba kɩɩ?"
32,"You are like children sitting in the market and shouting to each other, “We played the flute, but you would not dance! We sang a funeral song, but you would not cry!”","Ba kɩɩ gɛɛ rɛ anɩɩ biibiisi aa gbɩyalɩ bee tɩyaŋ, a nɔsɩ basɩ kɩ tɩya dɔmɔŋ a baa, ‘Á mʋʋ loŋbiye tɩya ma rɛ, ka ma vɩya gʋwayɩ, á yɩɩ haŋyee mɛ tɩya ma, ka ma vɩya wiyi’"
33,"John the Baptist did not go around eating and drinking, and you said, “John has a demon in him!”","Saŋa hʋ tɩyaŋ Gyɔɔŋ Wɩɩsɩnɩɩfool hʋ gyɩ aa ko ma lee, ʋ gyɩ aa vʋwa nyʋwa rɛ a bee nyʋwa sɩŋ mɛ. Ɛɛ rɛ ma baa dɩ gyɩŋbɔŋ nɛ kana ʋ."
34,"But because the Son of Man goes around eating and drinking, you say, “Jesus eats and drinks too much! He is even a friend of tax collectors and sinners.”","Aŋka Mɩyaŋ Nihuwobiŋ Biye kɛ ko ma lee, a kɩ di kɩna aŋ kɩ nyʋwa sɩŋ mɛ. Ɛɛ rɛ ma basɩ tɩya dɔmɔŋ a baa dɩ baal no kɛ yaa laboriŋ tɩɩna rɛ, a yaa sɩnyʋwal mɛ, aŋ pɛ kaŋ lampolaala abee wɩbɔŋyaala buloŋ yaa ʋ kyaŋsɩ."
36,A Pharisee invited Jesus to have dinner with him. So Jesus went to the Pharisee's home and got ready to eat.,Kyɛɛ kɩdɩgɩ Farasii kɩdɩgɩ yɩrɩ Yesu dɩ ʋ ko ʋ dɩya di kɩna. Yesu mʋ a hɔŋ dɩ ʋ di kɩna hʋ.
37,"When a sinful woman in that town found out that Jesus was there, she bought an expensive bottle of perfume.","Dɩ hasɔŋsɔnnɩ kɩdɩgɩ mɛ gyɩ we tɔɔ hʋ tɩyaŋ. Haaŋ no gyɩ aa nɩɩ Yesu wɩya anɩɩ ʋ we Farasii hʋ dɩya tɩyaŋ a kɩ di kɩna, ʋ sii kpa pʋrʋŋtʋwa bee tʋranɩɩ a kaŋ mʋ gyʋʋ dɩya hʋ."
38,Then she came and stood behind Jesus. She cried and started washing his feet with her tears and drying them with her hair. The woman kissed his feet and poured the perfume on them.,"Haaŋ hʋ aa ko gyʋʋ dɩya hʋ, ʋ mʋ sɩŋ Yesu hal, aŋ wii sɩnɩɩl kɩ we ʋ naasɩ tɩyaŋ. Sɩnɩɩl hʋ aa tuu Yesu naasɩ tɩyaŋ gɛɛ, ʋ kaŋ ʋ nyupʋna tɩɩgɩ tɩɩgɩ, aŋ tuu gbinni, a kaŋ Yesu naaŋ tɩyaŋ, aŋ kpa tʋranɩɩ hʋ bɩsɩ we ʋ naasɩ tɩyaŋ."
39,"The Pharisee who had invited Jesus saw this and said to himself, “If this man really were a prophet, he would know what kind of woman is touching him! He would know that she is a sinner.”","Dɩya hʋ tɩɩna aa naa wɩɩ no haaŋ hʋ aa yaa, ʋ hɔŋ kɩ liisi ʋ tɩya tɩyaŋ a baa, “Dɩ baal no fa kɔnɩ yaa Wɩɩsɩ tɩŋdaal, ʋ fa sɩ gyɩma anɩɩ haaŋ no aa dige ʋ hʋ yaa wɩbɔŋyaal lɛ.”"
40,"Jesus said to the Pharisee, “Simon, I have something to say to you.” “Teacher, what is it?” Simon replied.","Ɛɛ rɛ Yesu basɩ tɩya ʋ a baa, “Siimɔŋ, ŋ kaŋ wɩɩ rɛ dɩ ŋ basɩ tɩya ɩ.” Siimɔŋ mɛ basɩ tɩya ʋ a baa, “Ŋ nɩhɩyawʋ, basɩ tɩya ŋ.” Nyɛ rɛ Yesu baa,"
41,"Jesus told him, “Two people were in debt to a moneylender. One of them owed him","“Baala balɩya rɛ sii mʋ kyɩŋ molbiye kɩna tɩɩna kɩdɩgɩ lee. Kɩdɩgɩ kyɩŋ bʋwara tusi kɔɔ rɛ, kɩdɩgɩ mɛ kyɩŋ bʋwara tusi."
50,"But Jesus told the woman, “Because of your faith, you are now saved. May God give you peace!”","Amɛ Yesu basɩ tɩya haaŋ hʋ a baa, “Ɩ laadii rɛ laa ɩ ta. Kɩ mʋ abee laaŋfɩya.”"
42,"Since neither of them could pay him back, the moneylender said that they didn't have to pay him anything. Which one of them will like him more?”","Baala no balɩya tɩyaŋ, ba kɩdɩgɩ buloŋ bɩ wuwo tuŋ kyɩŋ hʋ. Ɛɛ rɛ kɩna tɩɩna hʋ kpa kyɩma hʋ a kyɛ ba buloŋ balɩya. Baala no balɩya tɩyaŋ, ba kɩbee rɛ sɩ kyo kɩna tɩɩna hʋ wɩya yʋga?”"
44,"He turned toward the woman and said to Simon, “Have you noticed this woman? When I came into your home, you didn't give me any water so I could wash my feet. But she has washed my feet with her tears and dried them with her hair.","Nyɛ rɛ Yesu yaŋ mɩɩgɩ deŋ haaŋ hʋ aŋ basɩ tɩya Siimɔŋ a baa, “Na ɩ naa haaŋ no rɛ? Ŋ ko ɩ dɩya rɛ, aŋka ɩ bɩ yaa nɩɩ tɩya ŋ dɩ ŋ sɔmɔ ŋ naasɩ, aŋka ʋ kɛ kpaa ʋ sɩnɩɩl sɔmɔ ŋ naasɩ aŋ kaŋ ʋ nyupʋna mɛ tɩɩgɩ ŋ naasɩ tɩya ŋ."
45,"You didn't greet me with a kiss, but from the time I came in, she has not stopped kissing my feet.","Ŋ aa ko ɩ dɩya, ɩ bɩ guwori ŋ, amɛ ŋ aa ko gyʋʋ daha buloŋ, haaŋ no ko tuu gbinni kana ŋ naaŋ tɩyaŋ nɛ, a ha bɩ siye bee nyɛ buloŋ."
46,"You didn't even pour olive oil on my head, but she has poured expensive perfume on my feet.","Ɩ bɩ tɩsɩ ŋ nyuu bee nʋʋ, ka ʋ kɛ yaa tʋranɩɩ tɩsɩ ŋ naasɩ."
47,"So I tell you that all her sins are forgiven, and that is why she has shown great love. But anyone who has been forgiven for only a little will show only a little love.”","Ŋ basɩ kɩ tɩya ɩ rɛ anɩɩ ʋ wɩbɔŋgyamaa hʋ buloŋ nɛ Wɩɩsɩ kpa kyɛ ʋ. Ɛɛ rɛ tɩŋ ʋ kyo ŋ wɩya yʋga gɛɛ. Amɛ nal hʋ buloŋ ba aa kpaa ʋ wɩbɔmɔ mʋhʋ kyɛ ʋ, ʋ mɛ aa kyo tɩɩna mʋhʋ rɛ.”"
48,"Then Jesus said to the woman, “Your sins are forgiven.”","Ɛɛ rɛ ka Yesu basɩ tɩya haaŋ hʋ a baa, “Ŋ kpaa ɩ wɩbɔmɔ kyɛ ɩ rɛ.”"
49,"Some other guests started saying to one another, “Who is this who dares to forgive sins?”","Nɩkaalɩya hʋ fa aa hɔŋ kɩ di kɩdiiliye hʋ mɩɩgɩ kɩ bɩɩnɩ ba tɩsɩ tɩyaŋ anɩɩ kɩbee rɛ paalɩ yaa baal no, a kpa wɩbɔmɔ kɩ kyɛ nala?"
13,"The seeds that fell on rocky ground are the people who gladly hear the message and accept it. But they don't have deep roots, and they believe only for a little while. As soon as life gets hard, they give up.","Kɩna hʋ mɛ aa tele bʋnyɩŋ hʋ tɩyaŋ mɛ rɛ yaa nala hʋ aa nɩɩ Wɩɩsɩ wɩbii hʋ, a laa di abee teŋfɩyɛlʋʋ. Amɛ wɩɩ hʋ bɩ kaŋ lɩpɩnɩɩ ba tɩsɩ tɩyaŋ. Ba aa laa wɩɩ hʋ rɛ, a tɩŋa mʋ maga gɛɛ, amɛ dɩ wɩɩ rɛ ko gyʋʋ ba wɩɩ hʋ tɩŋɩɩ tɩyaŋ, ba aa kpaa ta rɛ."
6,Other seeds fell on rocky ground and started growing. But the plants did not have enough water and soon dried up.,"Badɔmɔŋ mɛ tele bʋnyɩŋ tɩyaŋ, a nyʋ aŋ sʋba, beewɩya fɩyɛl gyɩ tuwo doŋ."
7,Some other seeds fell where thornbushes grew up and choked the plants.,"Badɔmɔŋ mɛ gyɩ tele sɔsɩ tɩyaŋ a nyʋ, ba bee sɔsɩ buloŋ sii waa we dɔmɔŋ, ka sɔsɩ hʋ nʋŋ kaŋ ba, ba pʋgɩmɩ."
10,"So he answered: I have explained the secrets about God's kingdom to you. But for others I use stories, so they will look, but not see, and they will hear, but not understand. Jesus Explains the Story about a Farmer (Matthew","Yesu basɩ tɩya ba a baa, “Ma nala no rɛ Wɩɩsɩ daga wɩya hʋ aa yaa wɩfaŋɩya ʋ koro hʋ tɩyaŋ memii tɩya. Amɛ nɩkaalɩya hʋ kɛ buloŋ, namagɩsɩ rɛ ʋ aa kaŋ kɩ daga ba. Ɛɛ rɛ tɩŋ ba aa gyegili gyegili, aŋ bee gyɩŋ ba memiye, a bɩl deŋ deŋ mɛ aŋ bee na kɩŋ buloŋ. Yesu daga kɩdohil namaga hʋ memii Matiwu"
17,There is nothing hidden that will not be found. There is no secret that will not be well known.,"Wɩfaŋɩɩ buloŋ tuwo dɩ ʋ bɩ sɩ ko lɩɩ lɩgyalɩɩ. Wɩɩ buloŋ mɛ aa we bilhuu tɩyaŋ, ʋ mɛ sɩ ko lɩɩ pʋlʋŋ."
23,"and while they were sailing across, he went to sleep. Suddenly a storm struck the lake, and the boat started sinking. They were in danger.","Ba aa duwori kɩ mʋ hʋ tɩyaŋ nɛ, Yesu kpa doo pɩŋ. Ka puwoduwo kɩdɩgɩ mɛ piili kɩ yaa, a ko ŋmaa nɩɩ kɩ we nɩɩduworiboro hʋ tɩyaŋ ʋ kɩ kyɛ dɩ ʋ su. Boro hʋ fa kaa mʋhʋ ka dɩ ʋ tuu nɩɩmemii."
11,"This is what the story means: The seed is God's message,",Kɩdohil namaga hʋ memii rɛ nyɛ: Kɩdoho hʋ rɛ yaa Wɩɩsɩ wɩbii hʋ.
14,The seeds that fell among the thornbushes are also people who hear the message. But they are so eager for riches and pleasures that they never produce anything.,"Kɩna hʋ mɛ aa tele sɔsɩ hʋ tɩyaŋ mɛ rɛ yaa nala hʋ aa nɩɩ Wɩɩsɩ wɩbii hʋ, ka dʋnɩya kɩna abee dʋnɩya wɩyaalɩya wɩya kyɩl ba. Dʋnɩya kɩna wɩya, ba aa bɩ wuwo dɩ ba tɩŋ Wɩɩsɩ wɩbii hʋ mʋ sɩya, aŋ kpa ta."
15,Those seeds that fell on good ground are the people who listen to the message and keep it in good and honest hearts. They last and produce a harvest. Light (Mark,"Kɩna hʋ aa tele taŋhawelii hʋ tɩyaŋ mɛ rɛ yaa nala hʋ aa nɩɩ Wɩɩsɩ wɩbii hʋ, a laa we ba hakɩllɩ tɩyaŋ, aŋ kaŋ kenyiri abee mala wɩɩ hʋ tɩŋɩɩ tɩyaŋ, ʋ mʋ kaŋ doho.” Yesu maga fɩŋtɩna namaga Maakɩ"
25,"Then Jesus asked the disciples, “Don't you have any faith?” But they were frightened and amazed. They said to each other, “Who is this? He can give orders to the wind and the waves, and they obey him!” A Man with Demons in Him (Matthew","Ɛɛ rɛ Yesu pɩyɛsɩ ʋ hatɩnna hʋ a baa, “Bee rɛ tɩŋ ma bɩ laa ŋ di?” Wɩɩ hʋ yaa ba buloŋ wɩkperii, haalɩ kambɩŋ kaŋ ba. Ɛɛ rɛ ba kɩ pɩyɛsɩ dɔmɔŋ a baa, “Nɩgɛɛ iriŋ nɛ paalɩ yaa baal no? Ʋ nɔsɩ puwo abee nɩɩgbaŋpumo, ba buloŋ tɩŋa ʋ nyʋwa?” Yesu tɩɩbɩ baal kɩdɩgɩ gyɩŋbɔmɔ aa kana Matiwu"
16,"No one lights a lamp and puts it under a bowl or under a bed. A lamp is always put on a lampstand, so people who come into a house will see the light.","Ɛɛ rɛ Yesu bɩl basɩ baa, “Nal buloŋ bɩ sɩ nyɔgɔ fɩŋtɩna ʋ dɩya tɩyaŋ, aŋ bɩl kpa sɩgɩ godo memii tɩyaŋ, koo a kpa gbaha kyige tɔ. Ʋ aa kpaa dɩ ʋ saga fɩŋtɩŋdaaŋ tɩyaŋ nɛ dɩ ʋ kyaanɩ tɩya nala hʋ aa ko kɩ gyʋʋ dɩya hʋ."
46,"But Jesus answered, “Someone touched me, because I felt power going out from me.”","Amɛ Yesu ha baa, “Nal kɩdɩgɩ dige ŋ nɛ, beewɩya ŋ gyɩma anɩɩ dee lɩɩ ŋ tɩyaŋ nɛ.”"
50,"When Jesus heard this, he told Jairus, “Don't worry! Have faith, and your daughter will get well.”","Yesu aa nɩɩ gɛɛ, ʋ basɩ tɩya Gyeerusi a baa, “Ta leŋ dɩ kambɩŋ kana ɩ. Ɩ kɛ laa ŋ di, ʋ sɩ sii.”"
35,"The people went out to see what had happened, and when they came to Jesus, they also found the man. The demons had gone out of him, and he was sitting there at the feet of Jesus. He had clothes on and was in his right mind. But the people were terrified.","Nyɛ rɛ nala sii lɩɩ mʋ lee hʋ Yesu aa we, dɩ ba na wɩɩ hʋ aa yaa. Ba aa ko dɩ baal hʋ tɩyaŋ Yesu aa kile gyɩŋbɔmɔ hʋ, dɩ ʋ deye, a hɔŋ Yesu logiŋ a laalɩ gawelii. Ba aa naa gɛɛ, ʋ yaa ba kambɩŋ."
19,"Jesus' mother and brothers went to see him, but because of the crowd they could not get near him.","Ɛɛ rɛ Yesu nɩɩna abee ʋ naabalɩya sii ko ʋ lee, dɩ ba na ʋ. Amɛ nala gyɩ aa yʋga doŋ wɩya, ba gyɩ bɩ wuwo dɩ ba na ʋ."
27,"As Jesus was getting out of the boat, he was met by a man from this town. The man had demons in him. He had gone naked for a long time and no longer lived in a house, but in the graveyard.","Ba aa mʋʋ pele doŋ, Yesu lɩɩ nɩɩ hʋ nyʋwa. Ʋ lɩɩ dɩ ʋ sɩŋ, dɩ baal kɩdɩgɩ gyɩŋbɔmɔ aa kana mɛ lɩɩ tɔɔ hʋ tɩyaŋ a ko kyeme ʋ. Ʋ gyɩ aa gɔllɩ we bilni nyuni tɩyaŋ nɛ a kɩ gbɛ abee ʋ teŋbil aŋ pɔ ʋ bee gyʋʋ dɩya."
22,"One day, Jesus and his disciples got into a boat, and he said, “Let's cross the lake.” They started out,","Kyɛɛ kɩdɩgɩ Yesu basɩ tɩya ʋ hatɩnna hʋ dɩ ba leŋ dɩ ba kyol fuwo hʋ kyolo. Ɛɛ rɛ ba sii gyʋʋ nɩɩduworiboro, a duwori kɩ mʋ."
24,"So they went to Jesus and woke him up, “Master, Master! We are about to drown!” Jesus got up and ordered the wind and waves to stop. They obeyed, and everything was calm.","Nyɛ rɛ Yesu hatɩnna hʋ mʋ lee hʋ ʋ fa aa pɩna, a kyisi ʋ a basɩ tɩya ʋ a baa, “Á nɩhɩyawʋ, ba aa nɩɩ ma rɛ! Boro hʋ aa kyɛ dɩ ʋ tuu nɩɩmemii rɛ.” Ɛɛ rɛ Yesu sii doo hʋ tɩyaŋ, a nɔsɩ puwo hʋ bee nɩɩ hʋ buloŋ dɩ ba fɩyɛlɩ pɩŋ. Doŋ nɛ puwo hʋ sige, ka lee buloŋ yaa siyee."
28,"The man saw Jesus and screamed. He knelt down in front of him and shouted, “Jesus, Son of God Most High, what do you want with me? I beg you not to torture me!”","Ʋ aa naa Yesu, ʋ kyiyesi, aŋ tuu tele ʋ sɩya tɩyaŋ, aŋ kyɩɩrɩ basɩ tɩya ʋ a baa, “Yesu, Wɩɩbal hʋ Biye, bee rɛ ɩ kɩ kyɛ ɩ yaa ŋ? Ŋ aa sʋla ɩ, ta dɔgɩsɩ ŋ.”"
34,"When the men taking care of the pigs saw this, they ran to spread the news in the town and on the farms.","Porikudaala hʋ aa naa wɩɩ no aa yaa, ba fá mʋ heeli basɩ tɩya bee hʋ nala abee nala hʋ aa we bagɩsɩ tɩyaŋ buloŋ."
29,"He said this because Jesus had already told the evil spirit to go out of him. The man had often been attacked by the demon. And even though he had been bound with chains and leg irons and kept under guard, he smashed whatever bound him. Then the demon would force him out into lonely places.","Yesu fa nɔsɩ gyɩŋbɔŋ hʋ rɛ dɩ ʋ lɩɩ baal hʋ tɩyaŋ, ɛɛ rɛ tɩŋ baal hʋ basɩ gɛɛ. Gyɩna hʋ gyɩ ville kɩ kana ʋ rɛ saŋa buloŋ. Ɛɛwɩya, ba gyɩ aa kana ʋ tɔ dɩya tɩyaŋ nɛ, a we ʋ nosi bee ʋ naasɩ buloŋ kpɩyasɩ aŋ ha lɩɩ nala we dɩ ba kɩ deŋ ʋ. Amɛ ʋ gyɩ aa kaŋ kpɩyasɩ hʋ tɔrɩ rɛ, ka gyɩŋbɔmɔ hʋ kpa ʋ gyʋʋ pogo."
30,"Jesus asked the man, “What is your name?” He answered, “My name is Lots.” He said this because there were “lots” of demons in him.","Ɛɛ rɛ Yesu pɩyɛsɩ ʋ a baa, “Ɩ feŋ nɛ bee?” Baal hʋ baa “Ŋ feŋ nɛ yaa kɩgyamaa.” Gyɩŋgyamaa rɛ gyɩ we ʋ tɩyaŋ, ɛɛ rɛ tɩŋ ʋ baa dɩ ʋ feŋ nɛ kɩgyamaa gɛɛ."
32,"A large herd of pigs was feeding there on the hillside. So the demons begged Jesus to let them go into the pigs, and Jesus let them go.","Dɩ poriku-gyamaa badɔmɔŋ mɛ sɩŋ dogimo kɩdɩgɩ aa kpaga doŋ logiŋ tɩyaŋ, a kɩ di kɩna. Ɛɛ rɛ gyɩŋsɩ hʋ sʋla Yesu dɩ ʋ leŋ dɩ ba mʋ gyʋʋ porikusi hʋ tɩyaŋ. Ʋ tɩya ba ŋmanɩɩ."
33,Then the demons left the man and went into the pigs. The whole herd rushed down the steep bank into the lake and drowned.,"Ɛɛ rɛ ba lɩɩ baal hʋ tɩyaŋ a mʋ gyʋʋ porikusi hʋ tɩyaŋ. Porikusi hʋ buloŋ sii fá a lɩɩ dogimo hʋ logiŋ aa geese yʋga a mʋ tuu tele fuwo hʋ tɩyaŋ, a nyʋwa nɩɩ sʋba."
37,"Everyone from around Gerasa begged Jesus to leave, because they were so frightened. When Jesus got into the boat to start back,","Ba aa nɩɩ wɩya hʋ, kambɩŋ kaŋ ba weliŋ. Ɛɛ rɛ paalʋʋ hʋ nala buloŋ ko basɩ tɩya Yesu dɩ ʋ lɩɩ ba paalʋʋ tɩyaŋ. Nyɛ rɛ Yesu sii gyʋʋ nɩɩduworiboro, ʋ bee ʋ hatɩnna hʋ duwori mʋ."
38,"the man who had been healed begged to go with him. But Jesus sent him off and said,","Baal hʋ tɩyaŋ Yesu gyɩ aa kile gyɩŋbɔmɔ hʋ mɛ sʋla ʋ, dɩ ʋ leŋ dɩ ʋ ko dɩ ba mʋ. Ɛɛ rɛ Yesu kaŋ vɩya, aŋ basɩ tɩya ʋ a baa,"
39,"“Go back home and tell everyone how much God has done for you.” The man then went all over town, telling everything that Jesus had done for him. A Dying Girl and a Sick Woman (Matthew",“Mɩɩgɩ mʋ dɩya a basɩ tɩya nala wɩɩ hʋ Wɩɩsɩ aa yaa tɩya ɩ.” Doŋ nɛ baal hʋ mʋ gɔllɩ bee hʋ tɩyaŋ buloŋ a kɩ basɩ wɩɩ hʋ Yesu aa yaa tɩya ʋ. Yesu kyisi Gyeerusi toluu sʋʋ tɩyaŋ Matiwu
43,"In the crowd was a woman who had been bleeding for twelve years. She had spent everything she had on doctors, but none of them could make her well.","Haaŋ kɩdɩgɩ mɛ gyɩ we nala hʋ tɩyaŋ, a gyɩ kɩ yaa ʋ hawɩya ka ba bee teŋ bɩsɩ fi abee balɩya, haalɩ ʋ gɔllɩ yaa luliye weliŋ, a kpa ʋ molbiye buloŋ kyogi ta waasʋ, ka nal buloŋ bɩ wuwo tɩɩbɩ ʋ."
44,"As soon as she came up behind Jesus and barely touched his clothes, her bleeding stopped.","Ɛɛ rɛ ʋ lugisi nala hʋ tɩyaŋ a ko sɩŋ Yesu hal, aŋ dige ʋ galnyʋwa tɩyaŋ. Ʋ aa dige Yesu galnyʋwa hʋ tɩyaŋ nɛ, wɩɩl hʋ pirigi teŋ doŋ."
47,"The woman knew that she could not hide, so she came trembling and knelt down in front of Jesus. She told everyone why she had touched him and that she had been healed at once.","Haaŋ hʋ aa naa anɩɩ ʋ bɩ sɩ wuwo kaŋ wɩɩ hʋ faŋa, ʋ ko tuu gbinni Yesu sɩya tɩyaŋ, a kɩ kyele, a basɩ tɩya nala hʋ wɩɩ hʋ aa tɩŋ ʋ dige ʋ, a daga gɛɛ hʋ ʋ aa dige ʋ, a pirigi na laaŋfɩya."
48,"Jesus said to the woman, “You are now well because of your faith. May God give you peace!”","Ɛɛ rɛ Yesu basɩ tɩya ʋ a baa, “Ŋ toluu, ɩ aa laa ŋ di rɛ tɩŋ ɩ deye. Kɩ mʋ abee laaŋfɩya.”"
49,"While Jesus was speaking, someone came from Jairus' home and said, “Your daughter has died! Why bother the teacher anymore?”","Yesu ha fa aa basɩ wɩya no gɛɛ, dɩ ba tɩŋ nal ʋ lɩɩ Gyeerusi dɩya ko, a ko basɩ tɩya Gyeerusi a baa, “Ɩ toluu hʋ sʋba rɛ, ta bɩl kɩ dɔŋ á nɩhɩyawʋ hʋ.”"
51,"Jesus went into the house, but he did not let anyone else go with him, except Peter, John, James, and the girl's father and mother.","Yesu aa mʋʋ pele baal hʋ dɩya, ʋ bɩ leŋ nal buloŋ tɩŋa ʋ hal gyʋʋ dɩya hʋ, see Piita abee Gyɔɔŋ abee Gyemsi, a pɛ biye hʋ kuwo abee ʋ naa tɩyaŋ."
53,The people laughed at him because they knew she was dead.,"Ɛɛ rɛ ba buloŋ kpa ʋ mʋma, beewɩya ba gyɩma anɩɩ biye hʋ sʋba rɛ."
54,"Jesus took hold of the girl's hand and said, “Child, get up!”","Nyɛ rɛ Yesu tuu kaŋ biye hʋ noŋ tɩyaŋ aŋ yɩrɩ ʋ a baa, “Ŋ biye, sii.”"
55,She came back to life and got right up. Jesus told them to give her something to eat.,Doŋ nɛ ʋ mɩɩgɩ sii sʋʋ tɩyaŋ haŋ lagɩlagɩbiye hʋ. Ɛɛ rɛ Yesu baa dɩ ba yaa kɩdiiliye tɩya biye hʋ dɩ ʋ di.
56,"Her parents were surprised, but Jesus ordered them not to tell anyone what had happened.","Wɩɩ no gyɩ yaa biye hʋ kuwo abee ʋ naa buloŋ wɩkperii rɛ, ka Yesu basɩ tɩya ba abee sɩfɩyaŋ dɩ ba ta ko basɩ wɩɩ hʋ tɩya nal buloŋ."
10,"The apostles came back and told Jesus everything they had done. He then took them with him to the village of Bethsaida, where they could be alone.","Nyɛ rɛ Yesu kpambɩsɩ hʋ mɩɩgɩ ko ʋ lee, a yaa ba ŋmanɩɩ duwoso tɩya ʋ, ka ʋ beel-ba dʋŋ sii kpa tɩŋ Bɛsaada dɩɩlaŋ mʋ."
15,"They did this, and all the people sat down.",Ɛɛ rɛ ʋ hatɩnna hʋ leŋ nala hʋ buloŋ tuu hɔŋ gulo gulo.
7,"Herod the ruler heard about all that was happening, and he was worried. Some people were saying John the Baptist had come back to life.","Nal hʋ gyɩ aa deŋ Galili paalʋʋ ba kɩ yɩrɩ Hɛrɔtɩ gyɩ aa nɩɩ wɩya hʋ Yesu bee ʋ hatɩnna hʋ aa gɔllɔ kɩ yaa, ʋ hakɩla buloŋ gyɩ vʋgɩma rɛ, beewɩya nala badɔmɔŋ gyɩ aa basɩ rɛ anɩɩ Gyɔɔŋ Wɩɩsɩnɩɩfool hʋ rɛ mɩɩgɩ sii sʋʋ tɩyaŋ."
3,"He told them, “Don't take anything with you! Don't take a walking stick or a traveling bag or food or money or even a change of clothes.","Aŋ bɩl basɩ tɩya ba a baa, “Ŋmanɩɩ no valɩɩ tɩyaŋ, ma ta paa daatɩgɩya, koo ma diikusi, a ta kol kɩdiiliye koo molbiye. Ma ta paa gannɩ pɛ gannɩ hʋ ma aa sɩ laalɩ tɩyaŋ. Kɩŋ buloŋ paalɩ bɩ maga dɩ ʋ tɩŋ ma hal."
12,"Late in the afternoon the twelve apostles came to Jesus and said, “Send the crowd to the villages and farms around here. They need to find a place to stay and something to eat. There is nothing in this place. It's like a desert!”","Dɩdaana aa ko pele, Yesu kpambɩsɩ hʋ basɩ tɩya ʋ a baa, “Leŋ dɩ nala hʋ mʋ tɔnɩ hʋ abee bagɩsɩ hʋ aa kpaga daha, a kyɛ kɩdiiliye abee lɩpɩnɩya, beewɩya kɩŋ buloŋ tuwo daha ba aa sɩ di.”"
21,Jesus strictly warned his disciples not to tell anyone about this. Jesus Speaks about His Suffering and Death (Matthew,Ɛɛ rɛ Yesu basɩ tɩya ba abee sɩfɩyasɩ dɩ ba ta ko basɩ wɩɩ no kɩ tɩya nal buloŋ. Yesu basɩ ʋ tʋwara nayɩ abee ʋ sʋʋ wɩya Matiwu
44,“Pay close attention to what I am telling you! The Son of Man will be handed over to his enemies.”,"“Ma ta ko yeŋŋi wɩɩ no ŋ aa kyɛ dɩ ŋ basɩ tɩya ma! Ba sɩ kpa mɩyaŋ, Nihuwobiŋ Biye a yallɩ tɩya dʋnɩya nala.”"
11,But a lot of people found out about this and followed him. Jesus welcomed them. He spoke about God's kingdom and healed everyone who was sick.,"Nala aa nɩɩ Yesu wɩya anɩɩ ʋ mʋʋ Bɛsaada, ba sii kile ʋ lugo mʋ doŋ. Ba aa mʋʋ pele doŋ, ʋ lɔllɩ ba weliŋ, aŋ basɩ Wɩɩsɩ koro hʋ wɩya tɩya ba, aŋ tɩɩbɩ wɩɩla tɩmma mɛ."
50,“Don't stop him!” Jesus said. “Anyone who isn't against you is for you.” A Samaritan Village Refuses To Receive Jesus,"Ɛɛ rɛ Yesu basɩ tɩya Gyɔɔŋ abee ʋ hatɩnna hʋ nɩkaalɩya a baa, “Ma ta kile ʋ, beewɩya nal hʋ buloŋ aa bɩ lɩɩ á hal tɩyaŋ, ʋ yaa á kɩdɩgɩ rɛ.” Samaarɩya tɩmma vɩya Yesu wɩya"
28,"About eight days later Jesus took Peter, John, and James with him and went up on a mountain to pray.","Yesu aa basɩ wɩya no hal tɩyaŋ, ʋ kyɛyɛ kyori kyɛɛ, ʋ sii kaŋ Piita bee Gyɔɔŋ abee Gyemsi, a mʋ gyɩŋ dogimo kɩdɩgɩ nyuu dɩ ʋ kyʋwalɩ Wɩɩsɩ."
24,"If you want to save your life, you will destroy it. But if you give up your life for me, you will save it.","Nal hʋ buloŋ aa kyɛ dɩ ʋ laa ʋ tɩɩ mɩɩbol, ʋ bɩ sɩ kaŋ mɩɩbol hʋ aa bɩ kaŋ tenii, amɛ nal hʋ aa kuu ŋ wɩya a vɩya ʋ mɩɩbol ta, ʋ tɩɩna rɛ sɩ kaŋ mɩɩbol hʋ aa bɩ kaŋ tenii."
25,"What will you gain, if you own the whole world but destroy yourself or waste your life?","Dɩ ɩ rɛ tɩŋ dʋnɩya no buloŋ, aŋka dɩ ɩ bɩ sɩ na mɩɩbol hʋ aa bɩ kaŋ tenii, bekiŋ tɔnɔ rɛ ɩ na?"
26,"If you are ashamed of me and my message, the Son of Man will be ashamed of you when he comes in his glory and in the glory of his Father and the holy angels.","Dɩ nal buloŋ nɛ ko leŋ dɩ Mɩyaŋ Nihuwobiŋ Biye bee ŋ wɩbasɩya yaa ʋ hɩɩsɩ, ʋ tɩɩna wɩya mɛ sɩ yaa ŋ hɩɩsɩ kyɛɛ hʋ ŋ aa sɩ mɩɩgɩ ko dʋnɩya abee gaŋdarɩ abee ŋ kuwo Wɩɩsɩ gaŋdarɩ abee ʋ malɩkaweliye hʋ gaŋdarɩ."
34,"While Peter was still speaking, a shadow from a cloud passed over, and they were frightened as the cloud covered them.","Piita ha fa aa basɩ wɩya hʋ tɩyaŋ nɛ, taalbal kɩdɩgɩ pirigi ko tuu tɔ ba. Ɛɛ rɛ kambɩŋ kaŋ Yesu hatɩnna hʋ."
35,"From the cloud a voice spoke, “This is my chosen Son. Listen to what he says!”","Ka taal kɩdɩgɩ lɩɩ taalbal hʋ tɩyaŋ a baa, “Ŋ Biye rɛ nyɛ. Ʋ rɛ yaa nal hʋ ŋ aa lɩya. Ma gyegili kɩ nɩɩ ʋ nyʋwa.”"
36,"After the voice had spoken, Peter, John, and James saw only Jesus. For some time they kept quiet and did not say anything about what they had seen. Jesus Heals a Boy (Matthew","Taal hʋ aa basɩ wɩya no ko teŋ, dɩ Yesu dʋŋ nɛ kaa sɩŋ doŋ. Ɛɛ rɛ ʋ hatɩnna hʋ tallɩ ba nyʋwa. Ba bɩ laa nyʋwa basɩ wɩɩ no ba aa naa a tɩya nal buloŋ. Yesu kile gyɩŋbɔŋ ta boyoŋbiye kɩdɩgɩ tɩyaŋ Matiwu"
39,"A demon often attacks him and makes him scream. It shakes him until he foams at the mouth, and it won't leave him until it has completely worn the boy out.","Gyɩŋbɔŋ nɛ kana ʋ, ʋ kɩ tele kpuŋkpuŋsi. Dɩ ʋ ko sii ʋ tɩyaŋ buloŋ, ʋ aa pirigi kyɩɩrɩ rɛ aŋ lɩɩ tele, a kɩ kyele, ka ʋ nyʋwa buloŋ tɔ naŋtʋwɔ-fʋŋfʋga. Ʋ aa villi kɩ sii ʋ tɩyaŋ nɛ saŋa buloŋ, a kɩ dɔgɩsɩ ʋ."
41,"Jesus said to them, “You people are stubborn and don't have any faith! How much longer must I be with you? Why do I have to put up with you?” Then Jesus said to the man, “Bring your son to me.”","Ɛɛ rɛ Yesu basɩ tɩya ba a baa, “Ma gyɩnaŋ nala, ma yaa nɩnyʋgɩsɩya rɛ, a bɩ laa Wɩɩsɩ mɛ di. Abaa! Kyɛyɛ baŋmɛ rɛ ŋ baa ŋ yaa ma lee?” Aŋ mɩɩgɩ basɩ tɩya baal hʋ a baa, “Kaŋ ɩ biye hʋ ko daha.”"
42,"While the boy was being brought, the demon attacked him and made him shake all over. Jesus ordered the demon to stop. Then he healed the boy and gave him back to his father.","Ɛɛ rɛ biye hʋ sii kpa dɩ ʋ mʋ. Doŋ nɛ gyɩŋbɔŋ hʋ lɩɩ ʋ lo taŋha ʋ pɩŋ kɩ kyele. Ɛɛ rɛ Yesu nɔsɩ gyɩŋbɔŋ hʋ dɩ ʋ lɩɩ biye hʋ tɩyaŋ. Ʋ lɩɩ, ka biye hʋ deye. Yesu mɩɩgɩ kpa ʋ tɩya ʋ kuwo. Yesu bɩl basɩ ʋ sʋʋ wɩya Matiwu"
45,"But the disciples did not know what he meant. The meaning was hidden from them. They could not understand it, and they were afraid to ask. Who Is the Greatest? (Matthew",Amɛ ʋ hatɩnna hʋ gyɩ bɩ gyɩŋ wɩɩ hʋ ʋ aa basa memii. Ʋ yaa wɩfaŋɩɩ rɛ ba lee. Ɛɛ rɛ tɩŋ ba gyɩ bɩ wuwo gyɩŋ ʋ memii. Amɛ ba kɩ fá kambɩŋ ba aa sɩ pɩyɛsɩ ʋ wɩɩ hʋ memii. Yesu hatɩnna hʋ kaŋ ba tɩyaŋ nɩbal wɩya kɩ kpa dɔmɔŋ Matiwu
46,Jesus' disciples were arguing about which one of them was the greatest.,Ɛɛ rɛ Yesu hatɩnna hʋ kaŋ ba tɩyaŋ nɩbal wɩya kɩ kpa dɔmɔŋ.
47,"Jesus knew what they were thinking, and he had a child stand there beside him.","Yesu fa gyɩŋ wɩɩ hʋ ba aa bɩɩnɩ rɛ, ɛɛ rɛ ʋ kaŋ biibiye ko sɩgɩ ʋ logiŋ,"
48,"Then he said to his disciples, “When you welcome even a child because of me, you welcome me. And when you welcome me, you welcome the one who sent me. Whichever one of you is the most humble is the greatest.” For or against Jesus (Mark","aŋ basɩ tɩya ba a baa, “Dɩ nal buloŋ nɛ kuu ŋ wɩya a kaŋ biibiye no weliŋ, mɩyaŋ nɛ ʋ tɩɩna kaŋ weliŋ gɛɛ. Nal hʋ mɛ buloŋ aa kana ŋ weliŋ, ŋ dʋŋ daa ʋ kaŋ weliŋ gɛɛ. Nal hʋ aa tɩma ŋ mɛ rɛ ʋ kaŋ weliŋ gɛɛ. Nal hʋ aa yaa nɩbiye ma tɩyaŋ, ʋ rɛ yaa ma tɩyaŋ nɩbal.” Nal hʋ buloŋ aa bɩ haasɩ ɩ, ʋ kyo ɩ rɛ Maakɩ"
49,"John said, “Master, we saw a man using your name to force demons out of people. But we told him to stop, because he isn't one of us.”","Ɛɛ rɛ Gyɔɔŋ basɩ tɩya Yesu a baa, “Nɩhɩyawʋ, á fa naa baal kɩdɩgɩ rɛ dɩ ʋ kpaa ɩ feŋ a kɩ kile gyɩŋbɔmɔ nala tɩyaŋ. Á kile ʋ dɩ ʋ ta kɩ yaa gɛɛ, beewɩya ʋ bɩ yaa á kɩdɩgɩ.”"
51,"Not long before it was time for Jesus to be taken up to heaven, he made up his mind to go to Jerusalem.","Kyɛɛ hʋ aa ko kpaga dɩ Wɩɩsɩ kpa Yesu gyɩŋ wɩɩsɩbee, Yesu sii yaa ʋ siri, a lɩɩ kpa ŋmanɩɩ kɩ mʋ Gyerusalɛm."
52,He sent some messengers on ahead to a Samaritan village to get things ready for him.,Ʋ gyɩ taa nala rɛ dɩ ba laa sɩya mʋ marɩ lee bine ʋ Samaarɩya paalʋʋ tɔbiye kɩdɩgɩ tɩyaŋ.
53,"But he was on his way to Jerusalem, so the people there refused to welcome him.","Amɛ doŋ nala gyɩ bɩ yaa siri dɩ ba laa ʋ, beewɩya ba gyɩ gyɩma anɩɩ Gyerusalɛm nɛ ʋ kɩ mʋ."
54,"When the disciples James and John saw what was happening, they asked, “Lord, do you want us to call down fire from heaven to destroy these people?”","Gyemsi abee Gyɔɔŋ aa naa wɩɩ no, ba pɩyɛsɩ Yesu a baa, “Á Tɩɩna, ɩ bɩ sɩ leŋ dɩ á sʋla Wɩɩsɩ dɩ ʋ leŋ diŋ lɩɩ wɩɩsɩnyuu ko tuu kpa ba di?”"
55,But Jesus turned and corrected them for what they had said.,"Ɛɛ rɛ Yesu mɩɩgɩ bɩrɩmɩ kyaasɩ ba, aŋ nɔsɩ ba."
56,Then they all went on to another village. Three People Who Wanted To Be Followers (Matthew,Ɛɛ hal lɛ ka ba parɩ mʋ tɔdɩma. Nala hʋ aa maga dɩ ba tɩŋ Yesu hal Matiwu
58,"Jesus said, “Foxes have dens, and birds have nests, but the Son of Man doesn't have a place to call his own.”","Ɛɛ rɛ Yesu basɩ tɩya ʋ a baa, “Ŋmanyɔnɩ kaŋ bʋʋsɩ rɛ a kɩ gyʋʋ, digibiisi mɛ kaŋ gyannɩ a kɩ pɩŋ, amɛ mɩyaŋ Nihuwobiŋ Biye kɛ bɩ kaŋ lee ŋ aa sɩ kpa ŋ nyuu biŋ a wiyesi.”"
59,"Jesus told someone else to come with him. But the man said, “Lord, let me wait until I bury my father.”","Ɛɛ rɛ Yesu mɩɩgɩ basɩ tɩya baal kɩdɩgɩ mɛ a baa, “Ko kɩ tɩŋa ŋ hal.” Ʋ basɩ tɩya ʋ a baa, “Nɩhɩyawʋ, leŋ dɩ ŋ laa sɩya mʋ kpa ŋ kuwo hogo.”"
60,"Jesus answered, “Let the dead take care of the dead, while you go and tell about God's kingdom.”","Ɛɛ rɛ Yesu basɩ tɩya ʋ a baa, “Leŋ dɩ sʋʋnɩ kɩ hogo ba tɩɩ sʋʋnɩ, aŋ ka dɩ ɩ mɛ mʋ basɩ Wɩɩsɩ koro hʋ wɩya kɩ tɩya nala.”"
61,"Then someone said to Jesus, “I want to follow you, Lord, but first let me go back and take care of things at home.”","Nal kɩdɩgɩ mɛ bɩl basɩ tɩya Yesu a baa, “Nɩhɩyawʋ, ŋ sɩ tɩŋa ɩ hal, amɛ leŋ dɩ ŋ mʋ ta ŋ dɩya nala aŋ ko.”"
62,"Jesus answered, “Anyone who starts plowing and keeps looking back isn't worth a thing to God's kingdom!”","Ɛɛ rɛ Yesu basɩ tɩya ʋ a baa, “Nal hʋ buloŋ aa tɩga nɔpalɩya pal kɩ pala, aŋ kpa ʋ sɩya ta gama, ʋ tɩɩna bɩ kaŋ tɔnɔ buloŋ Wɩɩsɩ koro hʋ tɩyaŋ."
2,"He said to them: A large crop is in the fields, but there are only a few workers. Ask the Lord in charge of the harvest to send out workers to bring it in.","Ɛɛ rɛ ka ʋ basɩ tɩya ba a baa, “Baga hʋ kɩkʋmɩya yʋga, amɛ kɩkʋnna hʋ bɩ yʋga. Ɛɛ wɩya ma sʋla baga hʋ tɩɩna dɩ ʋ ta tʋŋtʋnna dɩ ba ko kʋŋ kɩna hʋ."
3,"Now go, but remember, I am sending you like lambs into a pack of wolves.","Ma sii mʋ! Ma kɩɩ gɛɛ rɛ anɩɩ pebiisi, ŋ kɩ tɩŋ ma dɩ ma mʋ guwosi gboni tɩyaŋ."
4,Don't take along a moneybag or a traveling bag or sandals. And don't waste time greeting people on the road.,"Ma ta kol molbiye, a ta paa diikusi mɛ. Ma ta paa naatɔbɔ pɛ kɩna hʋ ma aa sɩ tʋʋ tɩyaŋ, a ta sɩŋ kyʋwalɩ nala mɛ kɩ pɩɩsɩ ŋmanɩɩ tɩyaŋ."
5,"As soon as you enter a home, say, “God bless this home with peace.”","Dɩ mamaa rɛ ko mʋ gyʋʋ dɩya buloŋ, ma laa sɩya basɩ tɩya dɩya hʋ nala a baa, ‘Wɩɩsɩ sɩ leŋ dɩ ʋ fɩyɛlʋʋ we dɩya no tɩyaŋ.’"
6,"If the people living there are peace-loving, your prayer for peace will bless them. But if they are not peace-loving, your prayer will return to you.","Dɩ nal lɛ ko we doŋ, a kyo fɩyɛlʋʋ hʋ ma aa sʋla tɩya ba, ma leŋ dɩ ʋ hɔŋ abee laaŋfɩya anɩɩ ma aa sʋla gɛɛ. Amɛ dɩ nal ko tuwo dɩya hʋ tɩyaŋ a kyo fɩyɛlʋʋ hʋ, ma leŋ dɩ fɩyɛlʋʋ hʋ ma aa sʋla mɩɩgɩ ko ma lee."
7,"Stay with the same family, eating and drinking whatever they give you, because workers are worth what they earn. Don't move around from house to house.","Dɩ ba aa rɛ ko tɩya ma lɩpɩnɩɩ, ma we doŋ, a di aŋ kɩ nyʋwa kɩŋ hʋ kɛ buloŋ ba aa sɩ tɩya ma. Beewɩya tʋŋtʋnnɩ buloŋ maga dɩ ba tun-ʋ rɛ. Ma ta gɔllɩ kɩ pɩŋ nala dɩɩsɩ tɩyaŋ."
8,"If the people of a town welcome you, eat whatever they offer.","Dɩ mamaa rɛ ko mʋ tɔɔ buloŋ, dɩ ba laa ma weliŋ, kɩŋ kɛ buloŋ ba aa sɩ tɩya ma, ma di."
10,"But if the people of a town refuse to welcome you, go out into the street and say,","Amɛ dɩ mamaa rɛ ko mʋ tɔɔ buloŋ, dɩ ba bɩ laa ma weliŋ, ma lɩɩ sɩŋ ŋmanɩɩ tɩyaŋ aŋ basɩ tɩya ba a baa,"
12,I tell you that on the day of judgment the people of Sodom will get off easier than the people of that town! The Unbelieving Towns (Matthew,"Ŋ basɩ kɩ tɩya ma rɛ, Sarɩya hʋ kyɛdiilii, Wɩɩsɩ sɩ dɔgɩsɩ haŋ tɔɔ hʋ nala a te Sodɔm nala.” Tɔnɩ hʋ nala aa bɩ laa Yesu wɩya di Matiwu"
20,But don't be happy because evil spirits obey you. Be happy that your names are written in heaven! Jesus Thanks His Father (Matthew,"Amɛ ma ta leŋ dɩ ma tenni fɩyɛlɩ akuu gyɩŋbɔmɔ aa tɩŋ ma nyʋwa wɩya, ma leŋ dɩ ma tenni fɩyɛlɩ ba aa sabɩ ma fene biŋ wɩɩsɩbee tɩyaŋ wɩya.” Yesu dannɩ Wɩɩsɩ Matiwu"
24,Many prophets and kings were eager to see what you see and to hear what you hear. But I tell you they did not see or hear.” The Good Samaritan,"Ŋ basɩ kɩ tɩya ma rɛ, Wɩɩsɩ tɩŋdaala abee kuworo buloŋ fa aa kyɛ dɩ ba na wɩya no ma aa naa rɛ, amɛ ba bɩ wuwo na ba; a fa lʋga mɛ dɩ ba nɩɩ wɩya no ma aa nɩɩ, aŋ bɩ wuwo nɩɩ ba.” Yesu daga ɛɛ aa maga dɩ á kyo á dɔŋtɩŋsɩ"
14,On the day of judgment the people of Tyre and Sidon will get off easier than you will.,"Sarɩya hʋ kyɛdiilii, Wɩɩsɩ sɩ fá Taaya abee Siidɔŋ nala sikii a te ma."
15,"People of Capernaum, do you think you will be honored in heaven? Well, you will go down to hell!","Mamaa Kapɛɛnam tɩmma, ma aa kyɛ dɩ ma kaŋ ma tɩɩ gyɩŋ wɩɩsɩbee rɛ. Amɛ Wɩɩsɩ sɩ kpa ma yuwo ta dɩ ma tuu gyʋʋ diŋ.”"
18,Jesus told them: I saw Satan fall from heaven like a flash of lightning.,"Ɛɛ rɛ Yesu basɩ tɩya ba a baa, “Ŋ naa Sɩtaanɩ rɛ dɩ ʋ lɩɩ wɩɩsɩnyuu ko tuu tele gɛɛ anɩɩ duwoŋ aa lɩgɩsa.”"
25,"An expert in the Law of Moses stood up and asked Jesus a question to see what he would say. “Teacher,” he asked, “what must I do to have eternal life?”","Ɛɛ rɛ Wɩɩsɩ Teŋ dɩdagɩl kɩdɩgɩ ko kɩ kyɛ dɩ ʋ magɩsɩ Yesu, a pɩyɛsɩ ʋ a baa, “Nɩhɩyawʋ, ɛɛ rɛ ŋ sɩ yaa a kaŋ mɩɩbol hʋ aa bɩ kaŋ tenii?”"
27,"The man replied, “The Scriptures say, ‘Love the Lord your God with all your heart, soul, strength, and mind.’ They also say, ‘Love your neighbors as much as you love yourself.’ ”","Doŋ nɛ baal hʋ basɩ tɩya Yesu a baa, “Ba saba baa ‘Kyo ɩ tɩɩna Wɩɩsɩ abee ɩ tɩya buloŋ, abee ɩ dʋma buloŋ, abee ɩ dee buloŋ, abee ɩ hakɩla buloŋ, aŋ kyo ɩ dɔŋtɩɩna mɛ anɩɩ ɩ aa kyo ɩ tɩɩ gɛɛ.”’"
21,"At that same time, Jesus felt the joy that comes from the Holy Spirit, and he said: My Father, Lord of heaven and earth, I am grateful that you hid all this from wise and educated people and showed it to ordinary people. Yes, Father, this is what pleased you.","Saŋa no tɩyaŋ, dɩ Wɩɩsɩ Wiyesi Welii hʋ leŋ Yesu teŋ fɩyɛlɩ. Nyɛ rɛ ʋ baa, “Ŋ Kuwo, ɩ rɛ yaa wɩɩsɩnyuu abee taŋha buloŋ Tɩɩna. Ŋ aa kyʋwalɩ ɩ aŋgyʋwasʋ rɛ yʋga, beewɩya, wɩya hʋ ɩ aa kpaa faŋa wɩgyʋnna, ba aa rɛ ɩ kpaa daga nala hʋ aa bɩ yaa wɩgyʋnna. Wɩtɩɩ rɛ ŋ Kuwo, ɩ tɩɩ kyɛrɩ tɩyaŋ nɛ ɩ yaa wɩya no buloŋ.”"
22,"My Father has given me everything, and he is the only one who knows the Son. The only one who really knows the Father is the Son. But the Son wants to tell others about the Father, so they can know him too.","Ɛɛ rɛ ʋ bɩl basɩ tɩya ʋ hatɩnna hʋ a baa, “Ŋ Kuwo kpaa kɩŋ buloŋ dee tɩya ŋ nɛ. Nal buloŋ tuwo a gyɩŋ gɛɛ hʋ mɩyaŋ biye hʋ aa kɩya, see ŋ kuwo dʋŋ. Ŋ dʋŋ mɛ rɛ gyɩŋ gɛɛ ŋ kuwo aa kɩya, abee nala hʋ ŋ aa daga ɛɛ ŋ Kuwo hʋ aa kɩya a tɩya ŋ kyɛrɩ tɩyaŋ.”"
23,"Jesus then turned to his disciples and said to them in private, “You are really blessed to see what you see!","Nyɛ rɛ Yesu mɩɩgɩ bɩrɩmɩ kyaasɩ ʋ hatɩnna hʋ dʋŋ aŋ basɩ tɩya ba a baa, “Ma nyuu sʋma rɛ abee ma aa na wɩya no."
28,"Jesus said, “You have given the right answer. If you do this, you will have eternal life.”","Ɛɛ rɛ Yesu basɩ tɩya ʋ a baa, “Wɩya hʋ buloŋ ɩ aa basa yaa wɩtɩɩ rɛ. Dɩ ɩ rɛ aa tɩŋ ba, ɩ sɩ kaŋ mɩɩbol.”"
29,"But the man wanted to show that he knew what he was talking about. So he asked Jesus, “Who are my neighbors?”","Nyɛ rɛ Wɩɩsɩ Teŋ dɩdagɩl hʋ ha kɩ kyɛ dɩ ʋ daga anɩɩ ʋ yaa nɩtɩɩ rɛ. Ɛɛ rɛ ʋ bɩl pɩyɛsɩ Yesu a baa, “Aŋnɛ rɛ yaa ŋ dɔŋtɩɩna?”"
30,"Jesus replied: As a man was going down from Jerusalem to Jericho, robbers attacked him and grabbed everything he had. They beat him up and ran off, leaving him half dead.","Doŋ tɩyaŋ nɛ Yesu maga namaga no a baa, “Baal kɩdɩgɩ rɛ gyɩ siye, a lɩɩ Gyerusalɛm a kɩ mʋ Gyɛriko. Ʋ aa mʋʋ hʋ tɩyaŋ nɛ, gaala ko lɩɩ bori ʋ ŋmanɩɩ, a kaŋ ʋ kɩŋ kɩŋ buloŋ laa, aŋ ŋmaa ʋ a bɔŋsɩ, aŋ vɩya ʋ ta doŋ, ʋ pɩŋ kɩ kyɛ dɩ ʋ sʋba."
31,"A priest happened to be going down the same road. But when he saw the man, he walked by on the other side.","Ɛɛ rɛ dɩ Gyuuma wɩɩkyʋwal sɩlaal kɩdɩgɩ mɛ kpaa ŋmanɩɩ hʋ kɩ ko. Ʋ aa ko a na baal hʋ, ʋ tɩŋ gama, a kpala baŋ mʋ."
32,"Later a temple helper came to the same place. But when he saw the man who had been beaten up, he also went by on the other side.","Ɛɛ rɛ Wɩɩkyʋwaldɩɩbal tʋŋtʋnnɩ kɩdɩgɩ mɛ bɩl kɩ ko, a na ʋ, a mɛ kpala tɩŋ gama baŋ mʋ."
33,"A man from Samaria then came traveling along that road. When he saw the man, he felt sorry for him","Ɛɛ rɛ dɩ Samaarɩya tɩmma baal kɩdɩgɩ mɛ fa kpaa ŋmanɩɩ hʋ kɩ ko. Ʋ aa ko na baal hʋ, sikii kana ʋ."
34,"and went over to him. He treated his wounds with olive oil and wine and bandaged them. Then he put him on his own donkey and took him to an inn, where he took care of him.","Ʋ kpa mʋ pele ʋ, a sasɩ ʋ dʋgʋlɩya hʋ, a we luliye aŋ vʋwa, aŋ kpa ʋ saga ʋ tɩɩ kokumo tɩyaŋ a kana ʋ mʋ nɩhʋwala dɩya kɩdɩgɩ, a leŋ ba kɩ deŋ ʋ."
35,"The next morning he gave the innkeeper two silver coins and said, “Please take care of the man. If you spend more than this on him, I will pay you when I return.”","Ʋ sɩgballɩya, ʋ sii kpa molbii tɩya dɩya hʋ tɩɩna aŋ basɩ tɩya ʋ a baa, ‘Kɩ deŋ ʋ nyuu tɩyaŋ weliŋ. Dɩ mɩyaŋ nɛ ko mɩɩgɩ ko, kyɩŋ mɔɔgɛɛ buloŋ ɩ aa ŋmaa pɛ baal hʋ nyuu tɩyaŋ, ŋ sɩ tuŋ tɩya ɩ.’"
36,"Then Jesus asked, “Which one of these three people was a real neighbor to the man who was beaten up by robbers?”","Ɛɛ rɛ Yesu pɩyɛsɩ Wɩɩsɩ Teŋ dɩdagɩl hʋ a baa, ‘Ɩ aa naa, nala no boto tɩyaŋ, kɩbee rɛ yaa baal hʋ gaala aa ŋmaa hʋ dɔŋtɩɩna?’"
37,"The expert in the Law of Moses answered, “The one who showed pity.” Jesus said, “Go and do the same!” Martha and Mary","Ɛɛ rɛ Wɩɩsɩ Teŋ dɩdagɩl hʋ baa, ‘Baal hʋ aa fáá ʋ sikii hʋ.’ Yesu yaŋ basɩ tɩya ʋ, ‘Tɔɔ, ɩ mɛ mʋ a kɩ yaa gɛɛ tɩɩ.”’ Yesu mʋʋ dɩ ʋ na Maata abee Mɛɛrɩ"
38,"The Lord and his disciples were traveling along and came to a village. When they got there, a woman named Martha welcomed him into her home.","Yesu bee ʋ hatɩnna hʋ sii kpa ŋmanɩɩ kɩ mʋ, a ko pele tɔɔ kɩdɩgɩ. Haaŋ kɩdɩgɩ gyɩ we tɔɔ no tɩyaŋ, ba kɩ yɩrɩ Maata. Ɛɛ rɛ ʋ kaŋ Yesu gyʋʋ ʋ dɩya."
39,"She had a sister named Mary, who sat down in front of the Lord and was listening to what he said.","Maata nɩɩnatoluu mɛ fa we doŋ, ba kɩ yɩrɩ Mɛɛrɩ. Yesu aa hɔŋ dɩya hʋ tɩyaŋ, Mɛɛrɩ ko hɔŋ ʋ logiŋ a kɩ gyegile wɩya hʋ ʋ aa basɩ,"
40,"Martha was worried about all that had to be done. Finally, she went to Jesus and said, “Lord, doesn't it bother you that my sister has left me to do all the work by myself? Tell her to come and help me!”","ka Maata sii mɛ fɩyɛsɩ, ʋ kɩ tʋŋ tʋma dɩya hʋ tɩyaŋ. Ɛɛ rɛ ʋ na dɩ tʋma hʋ yʋga tɩya ʋ, ʋ ko basɩ tɩya Yesu a baa, “Ŋ Tɩɩna, ɩ bɩ naa ŋ naabiye aa leŋ tʋma hʋ buloŋ tɩya ŋ dʋŋ? Leŋ dɩ ʋ sii ko lɩɩ kyiyeli ŋ.”"
41,"The Lord answered, “Martha, Martha! You are worried and upset about so many things,","Ɛɛ rɛ Yesu basɩ tɩya ʋ a baa, “Maata, ɩ leŋ wɩgyamaa rɛ kɩ dɔm-ɩ."
42,"but only one thing is necessary. Mary has chosen what is best, and it will not be taken away from her.”",Amɛ wɩdɩgɩ dʋŋ nɛ yaa sɩfɩyaŋ wɩɩ. Haŋ wɩɩ hʋ rɛ Mɛɛrɩ kɛ kpa gɛɛ. Nal buloŋ mɛ bɩ sɩ wuwo kaŋ wɩɩ no laa ʋ lee.”
9,"So I tell you to ask and you will receive, search and you will find, knock and the door will be opened for you.","Ɛɛwɩya, ŋ basɩ kɩ tɩya ma rɛ, dɩ ɩ rɛ aa sʋl kɩŋ Wɩɩsɩ lee deŋdeŋ, ʋ sɩ kpa tɩya ɩ. Dɩ ɩ rɛ aa kyɛ kɩŋ Wɩɩsɩ lee mɛ, ɩ sɩ na ʋ. Dɩ ɩ rɛ aa ŋmaa boro hʋ, Wɩɩsɩ sɩ kaŋ suri tɩya ɩ."
13,"As bad as you are, you still know how to give good gifts to your children. But your heavenly Father is even more ready to give the Holy Spirit to anyone who asks. Jesus and the Ruler of Demons (Matthew","Dɩ mamaa yaŋ aa yaa nɩbɔmɔ rɛ gyɩŋ ma aa sɩ kpa kɩweliye tɩya ma biisi. Ɛɛ rɛ ma Kuwo Wɩɩsɩ aa yaa wɩweliye buloŋ tɩɩna, a we Wɩɩsɩbee tɩyaŋ, kɛ sɩ yaa ʋ bɩ kpaa Wiyesi Welii hʋ kɩ tɩya nala hʋ aa sʋla ʋ kɩ kyɛ.” Yesu abee Bɛlizebul Matiwu"
7,"And suppose your friend answers, “Don't bother me! The door is bolted, and my children and I are in bed. I cannot get up to give you something.”","Ɛɛ rɛ ɩ kyana hʋ we dɩya tɩyaŋ aŋ basɩ tɩya ɩ a baa, ‘Ta kɩ dɔmɩ-ŋ, ŋ dimbee lara rɛ. Ka ŋ bee ŋ balɩya buloŋ mɛ pɩŋ. Ŋ bɩ sɩ wuwo sii a yaa wɩɩ buloŋ tɩya ɩ.’"
11,Which one of you fathers would give your hungry child a snake if the child asked for a fish?,"Kuwo bee rɛ we daha, aa sɩ kpa dʋŋ a tɩya ɩ biye dɩ ʋ rɛ sʋla fuwonamɩya ɩ lee?"
2,"So Jesus told them, “Pray in this way: ‘Father, help us to honor your name. Come and set up your kingdom.","Ɛɛ rɛ Yesu basɩ tɩya ba a baa, “Dɩ ma ko kɩ kyɛ dɩ ma kyʋwalɩ Wɩɩsɩ buloŋ, ma baa, “Á Kuwo Wɩɩsɩ, leŋ dɩ ɩ feŋ gyɩŋ, leŋ dɩ ɩ koro hʋ ko."
4,"Forgive our sins, as we forgive everyone who has done wrong to us. And keep us from being tempted.’ ”","Kpa á wɩbɔmɔ kɩ kyɛ ma anɩɩ á mɛ aa kpaa á dɔŋtɩŋsɩ wɩbɔmɔ kɩ kyɛ ba gɛɛ, aŋ lɩɩ ma wɩɩ buloŋ aa sɩ kaŋ ma we wɩbɔŋ yayɩ tɩyaŋ.”"
30,"Just as Jonah was a sign to the people of Nineveh, the Son of Man will be a sign to the people of today.","Ɛɛ hʋ Wɩɩsɩ tɩŋdaal Gyoona gyɩ aa yaa magɩl a tɩya Ninive tɩmma, ɛɛ tɩɩ rɛ Mɩyaŋ Nihuwobiŋ Biye mɛ sɩ yaa magɩl a tɩya gyɩnaŋ nala."
27,"While Jesus was still talking, a woman in the crowd spoke up, “The woman who gave birth to you and nursed you is blessed!”","Yesu aa basɩ gɛɛ teŋ, dɩ haaŋ kɩdɩgɩ mɛ we nɩgyamaa hʋ tɩyaŋ a faasɩ basɩ tɩya ʋ a baa, “Nyusʋŋtɩɩna rɛ yaa haaŋ hʋ aa lʋla ɩ, a dɩyɛsɩ ɩ.”"
14,"Jesus forced a demon out of a man who could not talk. And after the demon had gone out, the man started speaking, and the crowds were amazed.","Yesu gyɩ kile gyɩŋbɔŋ kɩ ta baal kɩdɩgɩ tɩyaŋ nɛ. Gyɩna hʋ aa lɩɩ ko teŋ, baal hʋ wuwo kɩ basɩ wɩya, beewɩya gyɩna hʋ fa leŋ ʋ ganɩya rɛ. Wɩɩ no gyɩ yaa gyamaa hʋ buloŋ aa laŋŋa doŋ wɩkperii rɛ."
16,Others wanted to put Jesus to the test. So they asked him to show them a sign from God.,"Nala hʋ badɔmɔŋ mɛ kɩ kyɛ dɩ ba magɩsɩ Yesu. Ɛɛ rɛ ba baa dɩ ʋ yaa wɩmagɩl dɩ ba na, a gyɩma anɩɩ Wɩɩsɩ rɛ tɩya ʋ dee ʋ kɩ yaa gɛɛ."
17,"Jesus knew what they were thinking, and he said: A kingdom where people fight each other will end up in ruin. And a family that fights will break up.","Yesu wuwo gyɩŋ ba tɩbɩɩna a basɩ tɩya ba a baa, “Dɩ paalʋʋ nala rɛ we doŋ a bɩ kaŋ nyʋʋdɩgɩ, ba paalʋʋ hʋ sɩ tele. Dɩ nɩmmabalɩya mɛ rɛ we doŋ a bɩ kaŋ nyʋʋdɩgɩ, ba dɩya sɩ tele."
18,"If Satan fights against himself, how can his kingdom last? Yet you say that I force out demons by the power of Beelzebul.","Ɛɛwɩya, dɩ Sɩtaanɩ nala rɛ we doŋ a gʋla kɩ kaa dɔmɔŋ, Sɩtaanɩ koro hʋ mɛ bɩ sɩ sɩŋ.”"
19,"If I use his power to force out demons, whose power do your own followers use to force them out? They are the ones who will judge you.","“Na ma baa dɩ Bɛlizebul lɛ tɩya ŋ dee ŋ kaŋ kɩ kile gyɩŋbɔmɔ nala tɩyaŋ. Dɩ gɛɛ rɛ yaa wɩtɩɩ, kɩbee rɛ yaŋ tɩya ma hatɩnna mɛ dee ba kɩ kile gyɩŋbɔmɔ nala tɩyaŋ? Ma hatɩnna no tɩɩ daga anɩɩ ma yaa wɩnyɩyɛla rɛ."
21,"When a strong man arms himself and guards his home, everything he owns is safe.","Dɩ gaduwogi rɛ vʋwa ʋ tʋwanɩ, a hɔŋ pɔ ʋ dɩya, nal buloŋ bɩ sɩ wuwo gyʋʋ dɩya hʋ a kpa kɩŋ buloŋ."
43,"You Pharisees are in for trouble! You love the front seats in the synagogues, and you like to be greeted with honor in the market.","Mamaa Farasiima, ma sɩ na tʋwara yʋga! Dɩ mamaa rɛ ko gyʋʋ wɩɩkyʋwaldɩɩsɩ, ma aa kɩ kyɛ nɩbala nɩhɔnɩya rɛ dɩ ma hɔŋ. Dɩ mamaa rɛ ko gyʋʋ gyamaa tɩyaŋ mɛ, ma aa kɩ kyɛ dɩ nal nal buloŋ yʋwɔgɩ kɩ kyʋwalɩ ma rɛ abee gyɩrɩma."
45,"A teacher of the Law of Moses spoke up, “Teacher, you said cruel things about us.”","Yesu aa basɩ gɛɛ teŋ, Wɩɩsɩ teŋ dɩdagɩl kɩdɩgɩ basɩ tɩya ʋ a baa, “Nɩhɩyawʋ, ɩ aa ko kɩ basɩ wɩya no, ɩ aa kɩ tʋʋsɩ ma mɛ rɛ gɛɛ.”"
24,"When an evil spirit leaves a person, it travels through the desert, looking for a place to rest. But when it doesn't find a place, it says, “I will go back to the home I left.”","Ɛɛ rɛ Yesu bɩl basɩ tɩya nala hʋ a baa, “Dɩ gyɩŋbɔŋ nɛ ko lɩɩ nal tɩyaŋ, ʋ aa mʋ gɔllɩ taŋhahɩlɩɩ tɩyaŋ nɛ a kɩ kyɛ liwiyesii. Dɩ ʋ rɛ ko bɩ naa lee, ʋ aa basɩ tɩya ʋ tɩɩ rɛ a baa, ‘Ŋ sɩ mɩɩgɩ mʋ lee hʋ ŋ aa lɩya.’"
25,"When it gets there and finds the place clean and fixed up,","Dɩ ʋ rɛ ko mɩɩgɩ mʋ a na dɩ bisiŋ tuwo dɩya hʋ tɩyaŋ, ka ba marɩ ʋ buloŋ weliŋ,"
26,"it goes off and finds seven other evil spirits even worse than itself. They all come and make their home there, and that person ends up in worse shape than before. Being Really Blessed","ʋ aa mɩɩgɩ lɩɩ rɛ, a kaŋ gyɩŋbɔmɔ bapɛ, kɩna mɛ aa bɔmɔ te ʋ tɩɩ, ba ko gyʋʋ a pɛ ʋ tɩyaŋ. Ɛɛ tɩyaŋ nɛ ba yaŋ sɩ lɔrɩ nal hʋ tɩyaŋ a te buŋbuŋ hʋ.”"
28,"Jesus replied, “That's true, but the people who are really blessed are the ones who hear and obey God's message!” A Sign from God (Matthew","Ɛɛ rɛ Yesu mɩɩgɩ basɩ tɩya ʋ a baa, “Ɛɛ daa! Amɛ nyusʋŋtɩmma rɛ yaa nala hʋ aa nɩɩ Wɩɩsɩ wɩya, a kɩ tɩŋ ba.” Ba baa dɩ Yesu yaa wɩmagɩl Matiwu"
38,The Pharisee was surprised that he did not wash his hands before eating.,"Farasii hʋ aa naa gɛɛ, ʋ nyʋwa fɩyɛlɩ."
42,"You Pharisees are in for trouble! You give God a tenth of the spices from your gardens, such as mint and rue. But you cheat people, and you don't love God. You should be fair and kind to others and still give a tenth to God.","Mamaa Farasiima, ma sɩ na tʋwara yʋga! Paaponni hʋ buloŋ ma aa kpa we kɩdiiliye tɩyaŋ ba sʋwala sʋma, ma aa kaŋ ba kpaa leye fi rɛ, a kpa lɩdɩgɩ sʋla Wɩɩsɩ. Ma aa yaa wɩmʋlla no buloŋ nɛ, aŋ aa vɩya wɩtɩɩ ŋmanɩɩ hʋ kɛ, a bɩ kyo Wɩɩsɩ mɛ. Ma aa kaŋ ma kɩna kpaa leye fi fi, a kpa lɩdɩgɩ tɩya Wɩɩsɩ gɛɛ, ʋ yaa wɩwelii rɛ, amɛ ɛɛ bɩ daga anɩɩ ma vɩya wɩkaalɩya hʋ kɛ ta."
29,"As crowds were gathering around Jesus, he said: You people of today are evil! You keep looking for a sign from God. But what happened to Jonah is the only sign you will be given.","Nala aa gol Yesu gɛɛ, ʋ basɩ tɩya ba a baa, “Ma gyɩnaŋ nala bɔmɔ rɛ kɩŋkaŋ. Ma baa dɩ ŋ yaa wɩmagɩl dɩ ma na a gyɩma anɩɩ ŋ dee hʋ lɩɩ Wɩɩsɩ lee rɛ. Ŋ bɩ sɩ yaa gɛɛ. Wɩmagɩl hʋ ma aa kyɛ, ma bɩ sɩ na ʋ, see wɩmagɩl hʋ Wɩɩsɩ gyɩ aa yaa ʋ tɩŋdaal Gyoona tɩyaŋ."
33,"No one lights a lamp and then hides it or puts it under a clay pot. A lamp is put on a lampstand, so everyone who comes into the house can see the light.","Ɛɛ rɛ Yesu bɩl daga ba a baa, “Nal buloŋ bɩ sɩ nyɔgɔ fɩŋtɩna ʋ dɩya tɩyaŋ, aŋ kpa faŋa, koo a kpa gbaha kyige tɔ. Ʋ aa kpa dɩ ʋ saga fɩŋtɩŋdaaŋ nyuu tɩyaŋ nɛ dɩ ʋ kyaanɩ dɩya hʋ tɩyaŋ a tɩya nala hʋ buloŋ aa ko kɩ gyʋʋ."
34,"Your eyes are the lamp for your body. When your eyes are good, you have all the light you need. But when your eyes are bad, everything is dark.","Ɩ sɩya rɛ yaa ɩ teŋ kyaanʋʋ. Dɩ ɩ sɩya rɛ weliye, ɩ teŋ buloŋ aa kaŋ kyaanʋʋ rɛ, amɛ dɩ ɩ sɩya rɛ bɩ weliye, ɩ teŋ buloŋ we bilhuu tɩyaŋ nɛ."
35,So be sure your light isn't darkness.,Ma pɔ dɩ kyaanʋʋ hʋ ma aa kana ta ko bɩrɩmɩ bilhuu.
40,You fools! Didn't God make both the outside and the inside?,"Ɛɛ dɔŋ bambugo! Wɩɩsɩ hʋ aa marɩ ma teŋbiye, ʋ rɛ marɩ ma tɩsɩ mɛ."
47,"Yes, you are really in for trouble. You build monuments to honor the prophets your own people murdered long ago.",Ma sɩ na tʋwara yʋga! Ma aa saa bilweliye rɛ a we Wɩɩsɩ tɩŋdaala hʋ tɩɩ ma naabaala aa kpʋwa.
41,"If you would only give what you have to the poor, everything you do would please God.","Dɩ mamaa rɛ aa kyɛ dɩ ma tɩsɩ pʋllɩ, ma kpa gbaŋsɩ hʋ tɩya kɩna tɩya nyaaba."
44,But you are in for trouble! You are like unmarked graves that people walk on without even knowing it.,"Ma sɩ na tʋwara yʋga! Ma kɩɩ gɛɛ rɛ anɩɩ bilni bee taŋha aa pɩŋ maga dɔmɔŋ, nala bɩ gyɩma aŋ kɩ vala ba nyuu, a kyogi ba sɩna.”"
46,"Jesus replied: You teachers are also in for trouble! You load people down with heavy burdens, but you won't lift a finger to help them carry the loads.","Ɛɛ rɛ Yesu bɩl baa, “Mamaa Wɩɩsɩ Teŋ dɩdagɩla mɛ, ma sɩ na tʋwara yʋga. Ma aa kpa kyʋgɩyoho rɛ a kyʋgɩ nala, ba bɩl lɔlɔ ba kyʋŋ. Aŋka ma tɩɩ mɛ bɩ sɩ laa nyʋwa pɛ ba tɩyaŋ mʋhʋ mɛ dɩ ba wuwo kyʋŋ kyʋgɩsɩ hʋ."
48,"You must think that was the right thing for your people to do, or else you would not have built monuments for the prophets they murdered.","Nyɛ daga anɩɩ ma laa di anɩɩ wɩɩ hʋ ma naabaala aa yaa kpaa ŋmanɩɩ rɛ. Beewɩya, ba kpʋʋ Wɩɩsɩ tɩŋdaala hʋ rɛ, ma mɛ saa bilni we ba."
49,"Because of your evil deeds, the Wisdom of God said, “I will send prophets and apostles to you. But you will murder some and mistreat others.”","Wɩɩ no wɩya, Wɩɩsɩ wɩgyʋŋ tɩyaŋ, ʋ basa rɛ a baa, ‘Ŋ sɩ ta ŋ tɩŋdaala abee ŋ kpambɩsɩ dɩ ba mʋ ba lee. Ba sɩ kpʋ ba badɔmɔŋ aŋ dɔgɩsɩ ba badɔmɔŋ mɛ.’"
50,You people living today will be punished for all the prophets who have been murdered since the beginning of the world.,"Wɩɩsɩ sɩ dɔgɩsɩ gyɩnaŋ nala akuu Wɩɩsɩ tɩŋdaala hʋ ba aa kpʋwa a lɩɩ dʋnɩya piili tɩyaŋ buloŋ wɩya,"
51,"This includes every prophet from the time of Abel to the time of Zechariah, who was murdered between the altar and the temple. You people will certainly be punished for all of this.","a lɩɩ saŋa hʋ ba aa kpʋʋ Abɛl a kaŋ mʋ pele saŋa hʋ ba aa kpʋʋ Zakarɩya Wɩɩkyʋwaldɩɩbal hʋ gyaŋwuwo tɩyaŋ, kogu hʋ tɩyaŋ ba aa kpa kɩna a lɩɩ wɩɩsʋlɩɩ kɩ tɩya Wɩɩsɩ abee Wɩɩkyʋwaldɩɩbal hʋ tɩɩ paga tɩyaŋ. Wɩtɩɩ rɛ ŋ basɩ kɩ tɩya ma, Wɩɩsɩ sɩ dɔgɩsɩ gyɩnaŋ nala buloŋ kɩŋkaŋ akuu nala no buloŋ wɩya."
52,"You teachers of the Law of Moses are really in for trouble! You carry the keys to the door of knowledge about God. But you never go in, and you keep others from going in.","Mamaa Wɩɩsɩ Teŋ dɩdagɩla, ma mɛ sɩ na tʋwara yʋga! Ma kaŋ dɩya hʋ nala aa sɩ gyʋʋ a na wɩgyʋŋ lara rɛ, aŋ lɩɩ saafɩɩbiye hʋ faŋa. Ma tɩɩ bee kyɛ dɩ ma gyʋʋ dɩya hʋ aŋ pɔ dɩ nala hʋ aa kyɛ dɩ ba gyʋʋ mɛ ta gyʋwa.”"
53,"Jesus was about to leave, but the teachers and the Pharisees wanted to get even with him. They tried to make him say what he thought about other things,","Yesu aa basɩ wɩya no tɩya ba ko teŋ, aŋ kɩ lɩɩ, Wɩɩsɩ teŋ dɩdagɩla hʋ abee Farasiima hʋ piili kɩ basɩ ʋ wɩya abee baaŋ, a kɩ pɩyɛsɩ ʋ wɩgyamaa."
1,"As thousands of people crowded around Jesus and were stepping on each other, he told his disciples: Be sure to guard against the dishonest teaching of the Pharisees! It is their way of fooling people.","Gyamaa hʋ gyɩ aa ko laŋŋɩ Yesu lee gyɩ bɩ kyalla, lee hʋ buloŋ gyɩ su abee nala, haalɩ ba kɩ fɩrɩgɩ dɔmɔŋ lee buloŋ. Ɛɛ rɛ Yesu laa sɩya basɩ tɩya ʋ hatɩnna hʋ a baa, “Ma gyɩŋ tɩya ma tɩɩ ma weliŋ abee Farasiima hʋ wɩya, beewɩya ba yaa minaafigi tɩmma rɛ. Ba wɩdagɩya kɩɩ gɛɛ rɛ anɩɩ sɩbʋl. ."
28,"God gives such beauty to everything that grows in the fields, even though it is here today and thrown into a fire tomorrow. Won't he do even more for you? You have such little faith!","Wɩɩsɩ rɛ aa leŋ ɔhɔ nyʋ, a waa, a weliye, ka ba aa bee pɩɩsɩ aŋ hɩla, ba kpa diŋ nyɔgɔ ta. Dɩ Wɩɩsɩ rɛ aa wuwo leŋ ɔhɔ weliye gɛɛ, bee rɛ tɩŋ ma kɩ bɩɩnɩ anɩɩ ʋ bɩ sɩ wuwo tɩya ma ma teŋbii kɩna? Ma bɩ laa Wɩɩsɩ di yʋga!"
31,"But put God's work first, and these things will be yours as well. Treasures in Heaven (Matthew","Ɛɛwɩya, ma laa sɩya leŋ dɩ Wɩɩsɩ koro hʋ wɩya kyɩl ma. Ʋ sɩ kpa ma kɩkyɛɛlɩya buloŋ pɛ tɩya ma.” Wɩɩsɩbee dʋwa Matiwu"
4,"My friends, don't be afraid of people. They can kill you, but after that, there is nothing else they can do.","Ɛɛ rɛ Yesu bɩl baa, “Ŋ kyaŋsɩ, ŋ basɩ kɩ tɩya ma rɛ, ma ta kɩ fáá nal hʋ aa sɩ wuwo kpʋ ma teŋbiye dʋŋ, aŋ bɩ sɩ wuwo yaa ma wɩbɔŋ buloŋ pɛ."
7,Even the hairs on your head are counted. So don't be afraid! You are worth much more than many sparrows. Telling Others about Christ (Matthew,"Ɛɛwɩya, ma ta leŋ dɩ wɩɩ buloŋ wɩya yaa ma kambɩŋ, beewɩya Wɩɩsɩ paalɩ gyɩŋ ma nyupʋna mɛ gba nyʋwa rɛ. Wɩɩsɩ lee tɩyaŋ, ma kɩdɩgɩ buloŋ kaŋ tɔnɔ te kokogyamaa rɛ."
33,"Sell what you have and give the money to the poor. Make yourselves moneybags that never wear out. Make sure your treasure is safe in heaven, where thieves cannot steal it and moths cannot destroy it.","Ma kpa ma kɩna buloŋ yallɩ a kpa molbiye hʋ tɩya nyaaba. Ma kɩ kyɛ kɩna hʋ aa bee kyogi a biŋ ma tɩɩ Wɩɩsɩbee tɩyaŋ. Doŋ nɛ ba bɩ sɩ teŋ, beewɩya gaal tuwo doŋ aa sɩ gaa ba, tuyi mɛ tuwo doŋ aa sɩ di ba."
12,At that time the Holy Spirit will tell you what to say. A Rich Fool,"Saŋa hʋ tɩɩ tɩyaŋ, Wɩɩsɩ Wiyesi Welii hʋ rɛ sɩ daga ma wɩɩ hʋ ma aa sɩ basɩ.” Yesu maga kɩna tɩɩna kɩdɩgɩ aa yaa bambugi namaga"
20,"But God said to him, “You fool! Tonight you will die. Then who will get what you have stored up?”","Ɛɛ rɛ Wɩɩsɩ basɩ tɩya ʋ, ‘Ɛɛ dɔŋ bambugi! Tebine no buloŋ ŋ sɩ laa ɩ mɩɩbol ɩ lee. Ka dɩ á na nal hʋ aa sɩ tɩŋ kɩna hʋ ɩ aa kyɛɛ biŋ.’"
8,"If you tell others that you belong to me, the Son of Man will tell God's angels that you are my followers.","Wɩtɩɩ rɛ ŋ basɩ kɩ tɩya ma, nal hʋ buloŋ aa sɩ suri ʋ nyʋwa gyamaa tɩyaŋ a baa dɩ ʋ yaa ŋ hatɩnna rɛ, Mɩyaŋ Nihuwobiŋ Biye mɛ sɩ basɩ gɛɛ tɩɩ tɩya ʋ Wɩɩsɩ malɩkasɩ sɩya tɩyaŋ."
9,"But if you reject me, you will be rejected in front of them.","Amɛ nal hʋ mɛ buloŋ aa vɩya ŋ wɩya gyamaa tɩyaŋ, Mɩyaŋ Nihuwobiŋ Biye mɛ sɩ vɩya ʋ wɩya Wɩɩsɩ malɩkasɩ sɩya tɩyaŋ."
11,"When you are brought to trial in the synagogues or before rulers or officials, don't worry about how you will defend yourselves or what you will say.","Dɩ ba aa rɛ kaŋ ma gyʋʋ Gyuuma wɩɩkyʋwaldɩɩsɩ, koo a kaŋ ma mʋ kuworo abee nɩhɩyasɩ sɩya dɩ ba di ma sarɩya, ma ta leŋ dɩ ma bembiye kɩ sii abee gɛɛ ma aa sɩ basɩ a laa ma tɩɩ, koo wɩɩ kɛ buloŋ ma aa sɩ basɩ."
13,"A man in a crowd said to Jesus, “Teacher, tell my brother to give me my share of what our father left us when he died.”","Yesu fa aa basɩ wɩya kɩ tɩya nɩgyamaa hʋ tɩyaŋ, baal kɩdɩgɩ sii basɩ tɩya ʋ a baa, “Nɩhɩyawʋ, á kuwo sʋba rɛ aŋ ka ʋ kyaŋ. Ŋ aa sʋla ɩ dɩ ɩ basɩ tɩya ŋ maana dɩ ʋ kaŋ kyaŋ hʋ kpaa, a kpa ŋ tol tɩya ŋ.”"
14,"Jesus answered, “Who gave me the right to settle arguments between you and your brother?”","Ɛɛ rɛ Yesu basɩ tɩya ʋ a baa, “Ŋ bagyʋwa, aŋnɛ rɛ lɩɩ ŋ dɩ ŋ di ma wɩɩ no sarɩya, koo dɩ ŋ kaŋ ma kuwo kyaŋ kpaa ma.”"
17,"and he said to himself, “What can I do? I don't have a place large enough to store everything.”","Ɛɛ rɛ ʋ gyɩ kɩ bɩɩnɩ ʋ tɩya tɩyaŋ a baa, ‘Ɛɛ rɛ ŋ sɩ yaa? Ŋ bɩ kaŋ lee ŋ aa sɩ we ŋ kɩna no buloŋ.’"
18,"Later, he said, “Now I know what I'll do. I'll tear down my barns and build bigger ones, where I can store all my grain and other goods.","Doŋ nɛ ʋ liisi ʋ tɩya tɩyaŋ a baa, ‘Nyɛ rɛ ŋ sɩ yaa! Ŋ sɩ kyeŋŋi ŋ busolo ŋ aa kana, aŋ marɩ saa kɩbala, a yaŋ kpa ŋ panyʋwa kɩna hʋ buloŋ a we doŋ."
27,Look how the wild flowers grow! They don't work hard to make their clothes. But I tell you Solomon with all his wealth wasn't as well clothed as one of these flowers.,"Ma na tɩɩfɩɩla! Ba bee tʋŋ tʋma, ba bɩ sʋwa gannɩ mɛ kɩ laalɩ, amɛ ba weliye rɛ kɩŋkaŋ. Saŋa hʋ Kuwori Solomɔn fa aa we ʋ mɩɩbol tɩyaŋ, ʋ fa kaŋ kɩna rɛ weliŋ. Amɛ ʋ gannɩ mɛ gba fa bɩ weliye maga tɩɩfɩɩla no."
30,Only people who don't know God are always worrying about such things. Your Father knows what you need.,"Nala hʋ aa bɩ gyɩŋ Wɩɩsɩ dʋnɩya no tɩyaŋ, ba aa rɛ aa lʋga kɩ kyɛ kɩna no. Ma Kuwo Wɩɩsɩ gyɩma anɩɩ ma aa kyɛ kɩna no rɛ."
45,But suppose one of the servants thinks that the master won't return until late. Suppose that servant starts beating all the other servants and eats and drinks and gets drunk.,"Amɛ dɩ tʋŋtʋnnɩ hʋ rɛ ko liisi ʋ tɩya tɩyaŋ anɩɩ ʋ dɩya hʋ tɩɩna sɩ pɩɩsɩ, ka dɩ ʋ piili kɩ dɔgɩsɩ ʋ tʋŋtʋnnɩ dɔŋtɩŋsɩ hʋ, ba baala abee haana buloŋ, aŋ kɩ di kɩdigalma, a nyʋwa sɩŋ kɩ bugo,"
51,Do you think that I came to bring peace to earth? No indeed! I came to make people choose sides.,Ma bɩɩna anɩɩ fɩyɛlʋʋ rɛ ŋ kaŋ ko dʋnɩya? Fɩyɛlʋʋ daa! Ŋ ko rɛ dɩ nala kuu ŋ wɩya a porigi dɔmɔŋ.
37,Servants are fortunate if their master finds them awake and ready when he comes! I promise you he will get ready and let his servants sit down so he can serve them.,"Ʋ sɩ yaa wɩwelii rɛ a tɩya tʋŋtʋnna hʋ dɩ ba dɩya tɩɩna hʋ rɛ ko puu ba dɩ ba hɔŋ kɩ gyegili ʋ. Wɩtɩɩ rɛ ŋ basɩ kɩ tɩya ma, ʋ sɩ wuri ʋ gabal, aŋ leŋ dɩ tʋŋtʋnna hʋ hɔŋ dɩ ʋ yaa kɩdiiliye tɩya ba dɩ ba di."
38,"Those servants are really fortunate if their master finds them ready, even though he comes late at night or early in the morning.","Dɩ ʋ rɛ mɩɩgɩ ko tekere koo saŋa kɛ buloŋ, aŋ ko puu ba dɩ ba hɔŋ kɩ gyegili ʋ, ʋ sɩ yaa wɩwelii rɛ kɩŋkaŋ a tɩya ba."
39,"You would surely not let a thief break into your home, if you knew when the thief was coming.","Ma bɩɩnɩ wɩɩ no na weliŋ! Dɩ nal lɛ gyɩŋ saŋa hʋ gaala aa sɩ ko gaa ʋ dɩya kɩna, ʋ sɩ bara doo a hɔŋ pɔ ʋ dɩya hʋ dɩ gaala hʋ ta ko gaa ʋ kɩna."
41,"Peter asked Jesus, “Did you say this just for us or for everyone?”","Ɛɛ rɛ Piita pɩyɛsɩ Yesu a baa, “Tɩɩna, á dʋŋ nɛ ɩ maga namaga no kɩ tɩya koo, ɩ maga kɩ tɩya nal buloŋ nɛ?”"
42,The Lord answered: Who are faithful and wise servants? Who are the ones the master will put in charge of giving the other servants their food supplies at the proper time?,"Ɛɛ rɛ á Tɩɩna Yesu mɩɩgɩ pɩyɛsɩ ba a baa, “Kɩbee rɛ yaŋ yaa tʋŋtʋnnɩ hʋ aa kaŋ wɩtɩɩ abee wɩgyʋŋ? Ʋ rɛ yaa nal hʋ ʋ nɩhɩyawʋ aa lɩya dɩ ʋ kɩ deŋ ʋ dɩya, aŋ pɛ kɩ tɩya ʋ tʋŋtʋnnɩ dɔŋtɩŋsɩ mɛ kɩdiiliye saŋa hʋ ʋ aa maga dɩ ʋ tɩya ba."
44,A servant who is always faithful will surely be put in charge of everything the master owns.,"Wɩtɩɩ rɛ ŋ basɩ kɩ tɩya ma, ʋ nɩhɩyawʋ hʋ sɩ kpa ʋ kɩna buloŋ we tʋŋtʋnnɩ no nosi tɩyaŋ dɩ ʋ kɩ deŋ."
46,"If that happens, the master will come on a day and at a time when the servant least expects him. That servant will then be punished and thrown out with the servants who cannot be trusted.","Kyɛɛ hʋ tʋŋtʋnnɩ no aa bɩ yɩyɛla abee saŋa hʋ ʋ aa bɩ gyɩma, haŋ kyɛɛ hʋ rɛ ʋ nɩhɩyawʋ hʋ sɩ mɩɩgɩ ko. Doŋ tɩyaŋ nɛ ʋ sɩ kana ʋ, a dɔgɩsɩ ʋ weliŋ, aŋ kile ʋ ta, a leŋ dɩ ʋ na tʋwara hʋ nala hʋ aa bɩ laa Wɩɩsɩ di aa sɩ na."
47,"If servants are not ready or willing to do what their master wants them to do, they will be beaten hard.","Tʋŋtʋnnɩ hʋ aa gyɩŋ wɩɩ hʋ ʋ nɩhɩyawʋ aa kyɛ dɩ ʋ yaa aŋ bɩ yaa siri dɩ ʋ yaa haŋ wɩɩ hʋ, ʋ nɩhɩyawʋ hʋ sɩ vɩɩrɩ ʋ kɩŋkaŋ."
48,"But servants who don't know what their master wants them to do will not be beaten so hard for doing wrong. If God has been generous with you, he will expect you to serve him well. But if he has been more than generous, he will expect you to serve him even better. Not Peace, but Trouble (Matthew","Amɛ tʋŋtʋnnɩ hʋ aa bɩ gyɩŋ wɩɩ hʋ ʋ nɩhɩyawʋ aa kyɛ dɩ ʋ yaa, aŋ yaa wɩɩ hʋ aa maga dɩ ba vɩɩrɩ ʋ mɛ, ba sɩ vɩɩrɩ ʋ mʋhʋ. Dɩ ba kpaa kɩna yʋga a tɩya nal dɩ ʋ kɩ deŋ, ba sɩ kɩ kyɛ kɩna yʋga rɛ a lɩɩ ʋ lee. Dɩ ba kpaa kɩna yʋga kɩŋkaŋ mɛ a tɩya nal dɩ ʋ kɩ deŋ, ba sɩ kɩ kyɛ kɩna yʋga kɩŋkaŋ a lɩɩ ʋ lee.” Nala sɩ kuu Yesu wɩya a porigi dɔmɔŋ Matiwu"
49,"I came to set fire to the earth, and I wish it were already on fire!","Ɛɛ rɛ Yesu bɩl baa, “Ŋ ko dɩ ŋ we dʋnɩya diŋ nɛ. Ŋ kɛ wɩkyɛɛlɩɩ rɛ fa gba yaa dɩ diŋ hʋ fa piili kɩ di lagɩlagɩ no."
50,I am going to be put to a hard test. And I will have to suffer a lot of pain until it is over.,"Nɩɩfori kɩdɩgɩ rɛ we doŋ ba aa sɩ fo ŋ. Dɩ ba aa rɛ bɩ foo ŋ teŋ, ŋ hakɩla bɩ sɩ pɩŋ lɩdɩgɩ."
53,"Fathers and sons will turn against one another, and mothers and daughters will do the same. Mothers-in-law and daughters-in-law will also turn against each other. Knowing What To Do (Matthew","Kuwoma bee ba biibaala sɩ gʋla kɩ kaa dɔmɔŋ, dɩ nɩmma bee ba toliye mɛ gʋla kɩ kaa dɔmɔŋ. Balama nɩmma bee ba biihaana sɩ gʋla kɩ kaa dɔmɔŋ.” Ʋ maga dɩ ma gyɩŋ saŋa hʋ wɩya no aa sɩ yaa rɛ Matiwu"
54,"Jesus said to all the people: As soon as you see a cloud coming up in the west, you say, “It's going to rain,” and it does.","Ɛɛ rɛ Yesu bɩl basɩ tɩya nala hʋ a baa, “Dɩ mamaa rɛ ko na taala sɩŋ ma dosɩɩ tɩyaŋ, ma aa baa dɩ duwoŋ aa kyɛ dɩ ʋ nɩɩ rɛ. Duwoŋ mɛ kɔnɩ aa nɩɩ rɛ."
55,"When the south wind blows, you say, “It's going to get hot,” and it does.","Dɩ mamaa rɛ bɩl ko na puwo lɩɩ fuwomemii dɩɩlaŋ, ma aa baa dɩ lee sɩ nɩma. Lee mɛ kɔnɩ aa nɩma rɛ."
56,"Are you trying to fool someone? You can predict the weather by looking at the earth and sky, but you don't really know what's going on right now.",Minaafigi tɩmma! Ma aa wuwo deŋ taŋha rɛ a deŋ wɩɩsɩnyuu mɛ a wuwo daga wɩɩ hʋ aa sɩ yaa. Bee rɛ yaŋ tɩŋ ma bɩ sɩ wuwo gyɩŋ wɩya hʋ aa yaa dʋnɩya tɩyaŋ lagɩlagɩ no memii?” Dɔmɔŋ mɩɩgɩ marɩɩ Matiwu
58,"When someone accuses you of something, try to settle things before you are taken to court. If you don't, you will be dragged before the judge. Then the judge will hand you over to the jailer, and you will be locked up.","Dɩ nal lɛ sama ɩ, a kana ɩ kɩ mʋ sarɩya lidiilii, yaa kuwokeri dɩ ma basɩ wɩɩ hʋ we dɔmɔŋ ŋmanɩɩ tɩyaŋ aŋ na pele. Dɩ gɛɛ daa, ʋ sɩ kana ɩ tarɩ mʋ sarɩdiil lee, dɩ ʋ mɛ kpa ɩ we porisi noŋ tɩyaŋ dɩ ba kana ɩ mʋ tɔ dɩya tɩyaŋ."
59,You won't get out until you have paid the last cent you owe.,"Ŋ basɩ kɩ tɩya ma rɛ, ba bɩ sɩ lɩɩ ɩ dɩya no tɩyaŋ, see dɩ ɩ tuŋ kyɩŋ hʋ ba aa kere tɩya ɩ teŋ.”"
1,About this same time Jesus was told that Pilate had given orders for some people from Galilee to be killed while they were offering sacrifices.,"Yesu ha gyɩ aa basɩ wɩya kɩ tɩya nala hʋ gɛɛ rɛ, nala badɔmɔŋ basɩ tɩya ʋ gɛɛ hʋ Pilato gyɩ aa leŋ ba kpʋ Galili tɩmma badɔmɔŋ. Galili tɩmma no gyɩ aa kyʋwalɩ Wɩɩsɩ rɛ, a kpa kɩna kɩ sʋla Wɩɩsɩ, ka Pilato gyɩ kpʋ ba."
2,Jesus replied: Do you think that these people were worse sinners than everyone else in Galilee just because of what happened to them?,"Ɛɛ rɛ Yesu pɩyɛsɩ ba a baa, “Ma bɩɩna anɩɩ gɛɛ hʋ Pilato gyɩ aa kpʋʋ Galili tɩmma no daga anɩɩ ba aa rɛ yaa wɩbɔmɔ a te Galili tɩmma buloŋ koo?"
3,"Not at all! But you can be sure that if you don't turn back to God, every one of you will also be killed.","Aayɩ, ɛɛ daa. Dɩ mamaa rɛ bɩ bɩrɩma lɩɩ ma wɩbɔmɔ tɩyaŋ, ma buloŋ mɛ sɩ sʋba."
18,"Jesus said, “What is God's kingdom like? What can I compare it with?","Ɛɛ rɛ Yesu pɩyɛsɩ nala hʋ a baa, “Ɛɛ rɛ Wɩɩsɩ koro hʋ kɩɩ? Bekiŋ nɛ ŋ sɩ kpa ʋ magɩsɩ?"
5,"Not at all! But you can be sure that if you don't turn back to God, every one of you will also die. A Story about a Fig Tree","Aayɩ, ɛɛ daa. Ma leŋ dɩ ŋ basɩ tɩya ma, dɩ ma bɩ bɩrɩma lɩɩ ma wɩbɔmɔ tɩyaŋ, ma buloŋ mɛ sɩ sʋba.” Tɩya hʋ aa bee nɔnɔ namaga"
6,"Jesus then told them this story: A man had a fig tree growing in his vineyard. One day he went out to pick some figs, but he didn't find any.","Ɛɛ rɛ Yesu maga namaga tɩya ba a baa, “Baal kɩdɩgɩ rɛ gyɩ pɔɔ tutogo ʋ baga tɩyaŋ. Nyɛ rɛ kyɛɛ kɩdɩgɩ ʋ mʋ dɩ ʋ tɔrɩ ʋ nɔnɔ dɩ tɩya hʋ bɩ nɔnɔ."
8,"The gardener answered, “Master, leave it for another year. I'll dig around it and put some manure on it to make it grow.","Doŋ nɛ bagɩdaal hʋ basɩ tɩya ʋ a baa, ‘Ŋ nɩhɩyawʋ, leŋ dɩ ʋ ha sɩŋ bɩndɩgɩ pɛ dɩ á na. Ŋ sɩ hulo baarɩ ʋ memii, a we nɔbɩŋ."
9,"Maybe it will have figs on it next year. If it doesn't, you can have it cut down.” Healing a Woman on the Sabbath","Bɩna dɩɩlaŋ dɩ ʋ rɛ ko nɔnɔ, ʋ yaa wɩwelii rɛ. Amɛ dɩ ʋ rɛ ko bɩ nɔnɔ, ɛɛ kɛ ɩ sɩ wuwo leŋ dɩ ŋ ŋmaŋ ta.”’ Yesu tɩɩbɩ haaŋ kɩdɩgɩ Kyɛwiyesii hʋ kyɛɛ"
10,"One Sabbath, Jesus was teaching in a synagogue,",Kyɛwiyesii hʋ kyɛɛ kɩdɩgɩ Yesu gyɩ aa daga nala Wɩɩsɩ wɩya gyuuma wɩɩkyʋwaldɩya tɩyaŋ nɛ.
12,"When Jesus saw the woman, he called her over and said, “You are now well.”","Yesu aa naa haaŋ hʋ, ʋ yɩrɩ ʋ a baa, “Haŋtolibiye, ɩ wɩɩla hʋ lɩɩ ɩ tɩyaŋ nɛ.”"
15,"The Lord replied, “Are you trying to fool someone? Won't any one of you untie your ox or donkey and lead it out to drink on a Sabbath?","Ɛɛ rɛ á Tɩɩna Yesu basɩ tɩya ʋ a baa, “Ɛɛ dɔŋ minaafigi tɩmma! Ma kɩbee rɛ we doŋ aa bɩ sɩ puri ʋ nɔpalɩya koo ʋ kokumo a kaŋ mʋ dɩ ba nyʋwa nɩɩ Kyɛwiyesii hʋ kyɛɛ?"
16,"This woman belongs to the family of Abraham, but Satan has kept her bound for",Haaŋ no yaa Abɩraham doho nal lɛ. Sɩtaanɩ kana ʋ vʋwa biŋ bɩsɩ fi abee kyori. Ʋ yaŋ bɩ maga dɩ á laa ʋ ta Kyɛwiyesii hʋ kyɛɛ koo?”
17,Jesus' words made his enemies ashamed. But everyone else in the crowd was happy about the wonderful things he was doing. A Mustard Seed and Yeast (Matthew,"Yesu aa basɩ gɛɛ, hɩɩsɩ kaŋ ʋ dɔmɔ hʋ buloŋ, aŋka nɩkaalɩya hʋ kɛ tenni fɩyɛlɩ wɩmagɩla hʋ Yesu aa yaa wɩya. Yesu maga namagɩsɩ balɩya a daga ɛɛ hʋ Wɩɩsɩ koro hʋ aa kɩya Matiwu"
31,"At that time some Pharisees came to Jesus and said, “You had better get away from here, because Herod wants to kill you!”","Saŋa no tɩɩ tɩyaŋ nɛ Farasiima badɔmɔŋ mʋ Yesu lee, a basɩ tɩya ʋ a baa, “Ʋ maga dɩ ɩ lɩɩ Galili paalʋʋ tɩyaŋ nɛ, beewɩya Kuwori Hɛrɔtɩ aa kyɛ dɩ ʋ kpʋ ɩ rɛ.”"
33,"But I am going on my way today and tomorrow and the next day. After all, Jerusalem is the place where prophets are killed. Jesus Loves Jerusalem (Matthew","Abee gɛɛ buloŋ, ʋ maga dɩ ŋ we ŋmanɩɩ tɩyaŋ nɛ gyɩnaŋ abee kyiye abee kyiyetuwo buloŋ, a kɩ mʋ Gyerusalɛm. Beewɩya, ka doŋ dʋŋ tɩyaŋ nɛ ba foŋ kɩ kpʋ Wɩɩsɩ tɩŋdaala buloŋ."
30,"There the ones who are now least important will be the most important, and those who are now most important will be least important. Jesus and Herod","Wɩtɩɩ rɛ, nala aa yaa nɩbiisi gyɩnaŋ, ba sɩ mɩɩgɩ ko yaa nɩbala, ka dɩ nala mɛ aa yaa nɩbala gyɩnaŋ mɩɩgɩ ko yaa nɩbiisi.” Yesu kyo Gyerusalɛm nala Matiwu"
32,"Jesus said to them: Go tell that fox, “I am going to force out demons and heal people today and tomorrow, and three days later I'll be through.”","Ɛɛ rɛ Yesu basɩ tɩya ba a baa, “Ma mʋ basɩ tɩya haŋ badarɩ hʋ, dɩ ŋ aa kile gyɩŋbɔmɔ rɛ nala tɩyaŋ, aŋ kɩ tɩɩbɩ nala mɛ daha gyɩnaŋ abee kyiye, dɩ kyiyetuwo rɛ ŋ sɩ teŋ ŋ tʋma."
19,"It is like what happens when someone plants a mustard seed in a garden. The seed grows as big as a tree, and birds nest in its branches.”","Ʋ kɩɩ kɩdoho kɩdɩgɩ bii aa muro kɩŋkaŋ nɛ ba kɩ yɩrɩ masɩtadɩ. Baal kɩdɩgɩ kpa doho ʋ baga tɩyaŋ. Ʋ nyʋ, a waa, a bɩrɩmɩ tɩɩbal. Ɛɛ rɛ digibiisi ko sʋwa ba gyannɩ ʋ naasɩ tɩyaŋ.”"
20,"Then Jesus said, “What can I compare God's kingdom with?","Ɛɛ rɛ Yesu bɩl pɩyɛsɩ ba a baa, “Bekiŋ nɛ ŋ bɩl sɩ kpa Wɩɩsɩ koro hʋ magɩsɩ?"
22,"As Jesus was on his way to Jerusalem, he taught the people in the towns and villages.","Yesu gyɩ sii kɩ mʋ Gyerusalɛm nɛ, a gɔllɩ tɩŋ tɔnɩ hʋ buloŋ aa we doŋ dɩɩlaŋ, a kɩ daga nala Wɩɩsɩ wɩya."
25,"Once the owner of the house gets up and locks the door, you will be left standing outside. You will knock on the door and say, “Sir, open the door for us!” But the owner will answer, “I don't know a thing about you!”","Kyɛɛ kɩdɩgɩ dɩya hʋ tɩɩna sɩ kaŋ ʋ dimbee tɔ. Ka dɩ ma ko sɩŋ gyaŋhala tɩyaŋ, a kɩ ŋmaa boro hʋ a baa, ‘Á Tɩɩna, kaŋ dimbeenyʋwa hʋ suri tɩya ma.’ Doŋ tɩyaŋ nɛ ʋ sɩ basɩ tɩya ma a baa, ‘Ŋ kɛ bɩ gyɩŋ ma lee buloŋ tɩyaŋ.’"
27,"But he will say, “I really don't know who you are! Get away from me, you evil people!”","Ɛɛ rɛ ʋ bɩl sɩ basɩ tɩya ma a baa, ‘Ŋ baa ŋ bɩ gyɩŋ lee hʋ ma aa lɩya. Ma fasɩ lɩɩ ŋ sɩya tɩyaŋ. Ɛɛ dɔŋ nɩbɔmɔ!’"
28,"Then when you have been thrown outside, you will weep and grit your teeth because you will see Abraham, Isaac, Jacob, and all the prophets in God's kingdom.","Kyɛɛ kɩdɩgɩ ma sɩ na Abɩraham abee Azɩkɩ abee Gyeekɔbɩ, abee Wɩɩsɩ tɩŋdaala buloŋ, dɩ ba hɔŋ Wɩɩsɩ koro hʋ tɩyaŋ, ka dɩ ma kɛ sɩŋ gyaŋhal tɩyaŋ. Ɛɛ tɩyaŋ nɛ ma sɩ wii sɩnɩɩl, a kyaŋ ma nyɩŋa, aŋ bɩ sɩ wuwo gyʋʋ doŋ."
29,People will come from all directions and sit down to feast in God's kingdom.,"Nala sɩ lɩɩ dʋnɩya logiŋ logiŋ buloŋ a gyʋʋ Wɩɩsɩ koro hʋ, a hɔŋ kɩ di kɩna aŋ kɩ gbɩyalɩ."
34,"Jerusalem, Jerusalem! Your people have killed the prophets and have stoned the messengers who were sent to you. I have often wanted to gather your people, as a hen gathers her chicks under her wings. But you wouldn't let me.","O! Gyerusalɛm tɩmma! Mamaa rɛ aa kpʋ Wɩɩsɩ tɩŋdaala hʋ buloŋ, aŋ paa bʋwa kɩ yaga nala hʋ buloŋ Wɩɩsɩ aa tɩma dɩ ba ko ma lee. Ŋ lʋga rɛ dɩ ŋ fa kaŋ ma buloŋ ko laŋŋɩ dɔmɔŋ, a kyige tɔ ma anɩɩ gyimii aa kyige tɔ ʋ biisi gɛɛ, ka ma bɩ laa."
35,"Now your temple will be deserted. You won't see me again until the time when you say, “Blessed is the one who comes in the name of the Lord.”","Ɛɛwɩya, Wɩɩsɩ baanɩ ma bee tɩya ma rɛ. Wɩtɩɩ rɛ ŋ basɩ kɩ tɩya ma, ma bɩl bɩ sɩ na ŋ a kaŋ kɩ mʋ kyɛɛ hʋ ma aa sɩ na ŋ a baa, ‘Wɩɩsɩ sɩ kyiyeli nal hʋ aa ko á Tɩɩna Wɩɩsɩ feŋ tɩyaŋ.”’"
2,All of a sudden a man with swollen legs stood up in front of him.,Dɩ baal kɩdɩgɩ naasɩ bee ʋ nosi buloŋ aa pʋʋsa mɛ gyɩ we doŋ. Ɛɛ rɛ ʋ sii kpa mʋ Yesu lee.
3,"Jesus turned and asked the Pharisees and the teachers of the Law of Moses, “Is it right to heal on the Sabbath?”","Doŋ nɛ Yesu pɩyɛsɩ Wɩɩsɩ Teŋ dɩdagɩla abee Farasiima hʋ a baa, “Wɩɩsɩ mɩrɩsɩ hʋ tɩya ŋmanɩɩ dɩ á kɩ tɩɩbɩ nala Kyɛwiyesii hʋ kyɛɛ koo gɛɛ ŋmanɩɩ tuwo?”"
4,But they did not say a word. Jesus took hold of the man. Then he healed him and sent him away.,"Ba buloŋ tallɩ ba nyʋʋsɩ. Ɛɛ rɛ Yesu kaŋ baal hʋ, a tɩɩbɩ ʋ aŋ leŋ ʋ mʋ dɩya."
6,There was nothing they could say. How To Be a Guest,"Ʋ aa basɩ nyɛ, ba kɩdɩgɩ buloŋ bɩ wuwo laa wɩɩ basɩ. Yesu basɩ á tɩɩ kaŋ hʋwɔlɩɩ abee bɔnyɛ wɩya"
7,Jesus saw how the guests had tried to take the best seats. So he told them:,"Doŋ nɛ Yesu na dɩ nala hʋ ba aa yɩra ko gyʋʋ bagɩsɩ lɩɩ nɩbala lɩhɔnɩya a kɩ hɔŋ. Ɛɛ rɛ ʋ maga namaga no tɩya ba a baa,"
8,"When you are invited to a wedding feast, don't sit in the best place. Someone more important may have been invited.","“Dɩ ba yɩrɩ ɩ dɩ ɩ ko laŋŋɩbal, ta laa sɩya mʋ bagɩsɩ lɩɩ nɩbal lɩhɔnɩɩ a hɔŋ. Kapuwo ba yɩrɩ nal mɛ aa te ɩ rɛ dɩ ʋ ko laŋŋʋʋ hʋ."
11,"If you put yourself above others, you will be put down. But if you humble yourself, you will be honored.","Nal hʋ buloŋ aa gyigisi ʋ tɩɩ, Wɩɩsɩ sɩ kana ʋ hʋwɔlɩ. Nal hʋ mɛ aa kaŋ ʋ tɩɩ kɩ hʋwɔlɩ, Wɩɩsɩ sɩ kpa ʋ yohuŋ.”"
12,"Then Jesus said to the man who had invited him: When you give a dinner or a banquet, don't invite your friends and family and relatives and rich neighbors. If you do, they will invite you in return, and you will be paid back.","Ɛɛ rɛ Yesu basɩ tɩya nal hʋ aa yɩrɩ ʋ dɩ ʋ ko di kɩdiiliye hʋ a baa, “Dɩ ɩ rɛ ko yaa kɩdiiliye, ta yɩrɩ ɩ kyaŋsɩ koo ɩ naabalɩya, koo ɩ lʋlla, koo ɩ dɔŋtɩŋsɩ kɩna tɩmma. Beewɩya ba mɛ sɩ wuwo maakyiye yɩrɩ ɩ dɩ ɩ ko di kɩdiiliye ba lee a tuŋ ɩ kyɩŋ."
14,They cannot pay you back. But God will bless you and reward you when his people rise from death. The Great Banquet (Matthew,"Dɩ ɩ rɛ yaa gɛɛ, Wɩɩsɩ mɛ sɩ pɛ ɩ tɩyaŋ, beewɩya ba aa rɛ bɩ sɩ wuwo tuŋ ɩ kyɩŋ. Wɩɩsɩ sɩ tuŋ ɩ kyɩŋ kyɛɛ hʋ tɩpʋlʋŋ tɩmma aa sɩ sii sʋʋ tɩyaŋ.” Yesu maga laŋŋɩbal namaga Matiwu"
22,"When the servant returned, he said, “Master, I've done what you told me, and there is still plenty of room for more people.”","Lagɩlagɩ dɩ tʋŋtʋnnɩ hʋ lɩya rɛ, a yɩrɩ nala hʋ buloŋ ba ko gyʋʋ. Ka ʋ gyʋʋ basɩ tɩya ʋ nɩhɩyawʋ hʋ anɩɩ nala hʋ ko rɛ, dɩ amɛ lee ha kaa rɛ."
15,"After Jesus had finished speaking, one of the guests said, “The greatest blessing of all is to be at the banquet in God's kingdom!”","Yesu aa basɩ wɩɩ no, ɛɛ rɛ nala hʋ aa hɔŋ kɩ di kɩna hʋ kɩdɩgɩ basɩ tɩya ʋ a baa, “Nyusʋŋtɩmma rɛ yaa nala hʋ aa sɩ di kɩna Wɩɩsɩ koro hʋ tɩyaŋ.”"
16,Jesus told him: A man once gave a great banquet and invited a lot of guests.,"Ɛɛ rɛ Yesu maga namaga no a baa, “Baal kɩdɩgɩ rɛ gyɩ sii yɩrɩ laŋŋɩbal, a leŋ ba yaa kɩdiiliye su lee buloŋ."
17,"When the banquet was ready, he sent a servant to tell the guests, “Everything is ready! Please come.”","Kɩdiiliye hʋ gyɩ aa ko yaa siri, ʋ tɩŋ ʋ tʋŋtʋnna kɩdɩgɩ dɩ ʋ mʋ basɩ tɩya nala hʋ ʋ aa yɩra anɩɩ wɩɩ buloŋ yaa siri rɛ, dɩ ba kɩ ko."
18,"One guest after another started making excuses. The first one said, “I bought some land, and I've got to look it over. Please excuse me.”","Ʋ aa mʋʋ yɩrɩ ba, ba buloŋ vɩya, ka kɩdɩgɩ buloŋ kɩ daga wɩɩ hʋ aa tɩŋ ʋ bɩ sɩ wuwo mʋ. Laa sɩya nal hʋ baa, ‘Baga rɛ ŋ yɔbɔ a kɩ kyɛ dɩ ŋ mʋ na. Ɛɛwɩya, ŋ aa sʋla ɩ rɛ, ŋ bɩ sɩ wuwo ko.’"
19,"Another guest said, “I bought five teams of oxen, and I need to try them out. Please excuse me.”","Kɩdɩgɩ mɛ baa, ‘Nɔpalɩya tʋŋnyʋwa bʋnɔŋ nɛ ŋ yɔbɔ a kɩ kyɛ dɩ ŋ kaŋ mʋ pala na. Ɛɛwɩya, sʋlɩɩ rɛ, ŋ mɛ bɩ sɩ wuwo ko.’"
21,"The servant told his master what happened, and the master became so angry he said, “Go as fast as you can to every street and alley in town! Bring in everyone who is poor or paralyzed or blind or lame.”","Ɛɛ rɛ tʋŋtʋnnɩ hʋ mɩɩgɩ mʋ basɩ tɩya ʋ nɩhɩyawʋ hʋ. Ʋ aa nɩɩ gɛɛ, ʋ baaŋ sii kɩŋkaŋ. Ɛɛ rɛ ʋ bɩl basɩ tɩya ʋ a baa, ‘Lɩɩ lagɩlagɩ, a mʋ ŋmaŋbala hʋ nyʋʋsɩ abee bee hʋ tɩyaŋ ŋmaŋbiisi buloŋ, a yɩrɩ nyaaba abee gbarɩga abee nyʋlɩma, abee nala hʋ naasɩ abee ba nosi aa sʋba buloŋ.’"
23,"His master then told him, “Go out along the back roads and make people come in, so my house will be full.","Ɛɛ rɛ ʋ nɩhɩyawʋ hʋ bɩl basɩ tɩya ʋ a baa, ‘Bɩl lɩɩ mʋ bagɩsɩ ŋmaŋsɩ abee bagɩsɩ hʋ tɩɩ, a yɩrɩ nala dɩ ba ko gyʋʋ, dɩ dɩya hʋ su.’"
24,Not one of the guests I first invited will get even a bite of my food!” Being a Disciple (Matthew,"Ŋ basɩ kɩ tɩya ma rɛ, nala hʋ ŋ aa laa sɩya yɩrɩ hʋ, ba kɩdɩgɩ buloŋ nyʋwa paalɩ bɩ sɩ dige kɩdiiliye no.” Yesu hal tɩŋɩɩ memii Matiwu"
25,"Large crowds were walking along with Jesus, when he turned and said:","Yesu bɩl aa lɩɩ kpa ŋmanɩɩ kɩ mʋ, nɩgyamaa sii paa tɩŋa ʋ hal. Nyɛ rɛ ʋ mɩɩgɩ basɩ tɩya ba a baa,"
26,"You cannot be my disciple, unless you love me more than you love your father and mother, your wife and children, and your brothers and sisters. You cannot follow me unless you love me more than you love your own life.","“Dɩ nal buloŋ nɛ sɩ ko ŋ lee, see dɩ ʋ tɩɩna kyo ŋ a te gɛɛ ʋ aa kyo ʋ kuwo abee ʋ naa, abee ʋ haaŋ bee ʋ balɩya, abee ʋ naabalɩya abee ʋ tɩɩ. Dɩ gɛɛ daa, ʋ bɩ sɩ wuwo yaa ŋ hatɩnnɩ."
27,You cannot be my disciple unless you carry your own cross and follow me.,"Nal hʋ buloŋ aa bɩ kpaa ʋ tɩɩ daagarɩɩ baasɩ a kɩ tɩŋa ŋ hal, ʋ bɩ maga dɩ ʋ yaa ŋ hatɩnnɩ."
28,Suppose one of you wants to build a tower. What is the first thing you will do? Won't you sit down and figure out how much it will cost and if you have enough money to pay for it?,"Dɩ nal lɛ aa kyɛ dɩ ʋ saa dɩya, ʋ aa laa sɩya hɔŋ nɛ, a bɩɩnɩ na dɩ molbiye hʋ ʋ aa kana sɩ wuwo saa dɩya hʋ teŋ koo ba bɩ sɩ wuwo."
29,"Otherwise, you will start building the tower, but not be able to finish. Then everyone who sees what is happening will laugh at you.","Dɩ ʋ rɛ bɩ yaa gɛɛ, aŋ piili dɩya hʋ sayɩ, dɩ molbiye hʋ ko buwo dɩ ʋ bɩ saa dɩya hʋ teŋ, nala sɩ na wɩboriye hʋ ʋ aa yaa, a mʋma ʋ."
30,"They will say, “You started building, but could not finish the job.”","Ba sɩ baa, ‘Baal no piile dɩ ʋ saa dɩya rɛ aŋ bɩ wuwo saa teŋ.’"
32,"If he thinks he won't be able to defend himself, he will send messengers and ask for peace while the other king is still a long way off.","Dɩ ʋ rɛ ko bɩɩnɩ na anɩɩ ʋ bɩ sɩ wuwo yuwo di ʋ kuwori dɔŋtɩɩna hʋ, see dɩ ʋ ta tɩŋdaala dɩ ba mʋ kyeŋ ʋ kuwori dɔŋtɩɩna hʋ libolii tɩyaŋ, a sʋla ʋ dɩ ʋ leŋ dɩ ba marɩ dɔmɔŋ.’"
34,"Salt is good, but if it no longer tastes like salt, how can it be made to taste salty again?","“Yɩsɩ sʋma, amɛ dɩ ʋ sʋmɩŋ nɛ ko lɩɩ, ɩ bɩl bɩ sɩ wuwo yaa dɩ ʋ sʋma."
35,"It is no longer good for the soil or even for the manure pile. People simply throw it out. If you have ears, pay attention!","Ɩ bɩl bɩ sɩ wuwo kpa ʋ we baga tɩyaŋ mɛ gba dɩ ʋ leŋ dɩ kɩna marɩ. See ɩ aa kpaa yuwo ta, beewɩya ʋ bɩl bɩ kaŋ tɔnɔ buloŋ. Nala hʋ aa kaŋ dɩgɩna, ma gyegili nɩɩ wɩya no weliŋ.”"
18,"I will go to my father and say to him, ‘Father, I have sinned against God in heaven and against you.","Ŋ sɩ sii a mɩɩgɩ mʋ ŋ kuwo lee. Dɩ mɩyaŋ nɛ ko mʋ, ŋ sɩ basɩ tɩya ʋ a baa, Ŋ kuwo, wɩɩ hʋ ŋ aa yaa, ŋ yaa kyogi Wɩɩsɩ rɛ, a yaa kyogi ɩ mɛ."
12,"The younger son said to his father, “Give me my share of the property.” So the father divided his property between his two sons.","Ɛɛ rɛ haŋbiye hʋ tɩɩna sii basɩ tɩya ʋ kuwo a baa, ‘Ŋ kuwo, kyaŋ hʋ ɩ aa sɩ sʋba aŋ ka tɩya ma, kpa ŋ tol tɩya ŋ.’ Ɛɛ rɛ ʋ kaŋ kɩna hʋ kpaa ba."
14,"He had spent everything, when a bad famine spread through that whole land. Soon he had nothing to eat.","Saŋa hʋ ʋ kɩŋ kɩŋ buloŋ aa tene tɩyaŋ nɛ losi sii gyʋʋ doŋ paalʋʋ kɩŋkaŋ, ʋ kyɛ kɩdiilii buloŋ lɔlɔ dɩ ʋ di."
1,Tax collectors and sinners were all crowding around to listen to Jesus.,"Kyɛɛ kɩdɩgɩ lampolaala abee wɩbɔŋyaala yʋga sii ko Yesu lee rɛ, dɩ ba gyegili nɩɩ ʋ wɩbasɩɩ."
2,"So the Pharisees and the teachers of the Law of Moses started grumbling, “This man is friendly with sinners. He even eats with them.”","Ɛɛ rɛ Farasiima abee Wɩɩsɩ Teŋ dɩdagɩla hʋ piili kɩ gʋrɩmɩ wɩya a baa, “Baal no leŋ wɩbɔŋyaala kɩ ko ʋ lee rɛ, haalɩ ʋ beel-ba laŋŋɩ kɩ di kɩna.”"
3,Then Jesus told them this story:,"Yesu aa nɩɩ gɛɛ, ʋ maga namaga no tɩya ba a baa,"
5,"And when you find it, you will be so glad that you will put it on your shoulder","Dɩ ʋ rɛ ko na ʋ, ʋ aa kpa ʋ rɛ ʋ baasɩ mʋ dɩya abee teŋfɩyɛlʋʋ."
6,"and carry it home. Then you will call in your friends and neighbors and say, “Let's celebrate! I've found my lost sheep.”","Dɩ ʋ ko pele dɩya, ʋ aa yɩrɩ ʋ kyaŋsɩ abee ʋ dɔŋtɩŋsɩ rɛ, ʋ basɩ tɩya ba a baa, ‘Ma leŋ dɩ á buloŋ tenni fɩyɛlɩ. Beewɩya, ŋ naa ŋ piyesi hʋ aa nyʋgɩsa hʋ rɛ.’"
8,"Jesus told the people another story: What will a woman do if she has ten silver coins and loses one of them? Won't she light a lamp, sweep the floor, and look carefully until she finds it?","“Koo ma leŋ á kpa anɩɩ haaŋ kɩdɩgɩ rɛ kaŋ molbinʋʋ kɩna fi, dɩ kɩdɩgɩ nyʋgɩsɩ, ɛɛ rɛ ʋ sɩ yaa? Ʋ aa kyol diŋ nɛ, dɩ ʋ tige ʋ dɩya buloŋ, a deŋ weliŋ a ko mʋ na ʋ."
10,"Jesus said, “In the same way God's angels are happy when even one person turns to him.” Two Sons","Ɛɛ rɛ Yesu baa, ‘Ŋ basɩ kɩ tɩya ma rɛ, nyɛ tɩɩ rɛ Wɩɩsɩ malɩkasɩ mɛ tenni aa fɩyɛlɩ, dɩ wɩbɔŋyaaldɩgɩ rɛ ko bɩrɩma lɩɩ ʋ wɩbɔmɔ tɩyaŋ.”’ Yesu maga biye hʋ aa nyʋgɩsa namaga"
11,Jesus told them yet another story: Once a man had two sons.,"Yesu bɩl maga namaga kɩdɩgɩ a baa, “Baal kɩdɩgɩ rɛ gyɩ we doŋ a kaŋ ʋ biibaala balɩya."
13,"Not long after that, the younger son packed up everything he owned and left for a foreign country, where he wasted all his money in wild living.","Ʋ bɩ pɩɩsa, ka haŋbiye hʋ tɩɩna sii kpa kɩna hʋ buloŋ ʋ aa laa, a yallɩ, a sii kpa mʋ we paalʋʋ bolii kɩdɩgɩ tɩyaŋ. Doŋ nɛ ʋ kaŋ molbiye hʋ mʋ, a kpa yaa wɩvɩyagyɩmɩya, ba buloŋ teŋ."
15,"He went to work for a man in that country, and the man sent him out to take care of his pigs.",Nyɛ rɛ ʋ sii mʋ na tʋma tɔɔ hʋ tɩmma baal kɩdɩgɩ lee. Baal hʋ kana ʋ mʋ dɩ ʋ kɩ deŋ ʋ porikusi ʋ baga tɩyaŋ.
16,"He would have been glad to eat what the pigs were eating, but no one gave him a thing.","Ʋ aa deŋ porikusi hʋ mɛ, ka nal buloŋ bee tɩya ʋ kɩdiiliye. Ʋ aa hɔŋ deŋ anɩɩ dɩ ʋ rɛ fa naa porikusi hʋ kɩdiiliye badɔmɔŋ mɛ gba, ʋ aa dii rɛ."
19,I am no longer good enough to be called your son. Treat me like one of your workers.’ ”,Ŋ bɩl bɩ maga dɩ ɩ kana ŋ yaa ɩ biye. Kpa ŋ dɩ ŋ yaa ɩ tʋŋtʋnna hʋ kɩdɩgɩ á tʋma kɩ tɩya ɩ.’ Ɛɛ rɛ ka ʋ sii kpa kɩ mʋ ʋ kuwo lee.
20,"The younger son got up and started back to his father. But when he was still a long way off, his father saw him and felt sorry for him. He ran to his son and hugged and kissed him.","Ʋ ha gyɩ mʋʋ we libolii rɛ a kɩ ko, ka ʋ kuwo hʋ na ʋ. Sikii buloŋ kana ʋ. Ʋ sii fá mʋ guwori ʋ."
21,"The son said, “Father, I have sinned against God in heaven and against you. I am no longer good enough to be called your son.”","Ɛɛ rɛ biye hʋ basɩ tɩya ʋ kuwo a baa, ‘Ŋ yaa kyogi Wɩɩsɩ rɛ, a yaa kyogi ɩ mɛ. Ŋ bɩl bɩ maga dɩ ɩ kana ŋ yaa ɩ biye.’"
22,"But his father said to the servants, “Hurry and bring the best clothes and put them on him. Give him a ring for his finger and sandals for his feet.","Amɛ ʋ kuwo basɩ tɩya ʋ dɩya tʋŋtʋnna a baa, ‘Ma mʋ lagɩlagɩ, a paa gaweliye kaŋ ko laalɩ ʋ. Ma kpa nonipiri a we ʋ noŋ aŋ paa naatɔbɔ mɛ a we ʋ."
23,"Get the best calf and prepare it, so we can eat and celebrate.","Ma lɩɩ kaŋ nɔfara ko gyʋʋ kpʋ, dɩ á buloŋ kyaŋ, dɩ á tenni fɩyɛlɩ."
24,"This son of mine was dead, but has now come back to life. He was lost and has now been found.” And they began to celebrate.","Ʋ kɩɩ gɛɛ anɩɩ ŋ biye no fa sʋba rɛ aŋ sii. Ʋ fa nyʋgɩsa rɛ, ka á bɩl na ʋ nyɛ. Ɛɛ rɛ ba kɩ di kɩna, a kɩ gbɩyalɩ abee teŋfɩyɛlʋʋ.”’"
25,"The older son had been out in the field. But when he came near the house, he heard the music and dancing.","Saŋa no tɩyaŋ dɩ biye hʋ maana mɛ we baga tɩyaŋ. Ʋ bee koyi saŋa aa ko pele, ʋ sii kɩ ko bee. Ʋ ko kɩ kpaga dɩya, dɩ ʋ nɩɩ ba aa ŋmaa kɩna a kɩ gʋwa."
26,"So he called one of the servants over and asked, “What's going on here?”","Ɛɛ rɛ ʋ yɩrɩ ʋ kuwo dɩya tʋŋtʋnna kɩdɩgɩ a pɩyɛsɩ ʋ a baa, “Bekine wɩya rɛ ba kɩ yaa daha?”"
27,"The servant answered, “Your brother has come home safe and sound, and your father ordered us to kill the best calf.”","Ɛɛ rɛ ʋ basɩ tɩya ʋ a baa, “Ɩ naabiye hʋ rɛ mɩɩgɩ ko. Ɛɛ rɛ ɩ kuwo kaŋ nɔfara kpʋ a tɩya ʋ, beewɩya ʋ mɩɩgɩ ko dɩya abee laaŋfɩya rɛ.”"
28,The older brother got so angry that he would not even go into the house. His father came out and begged him to go in.,"Nyɛ rɛ biye hʋ maana hʋ na baaŋ kɩŋkaŋ, aŋ vɩya dɩya gyʋʋyɩ. Ɛɛ rɛ ʋ kuwo ko lɩɩ, a sʋla ʋ dɩ ʋ ko gyʋʋ dɩya."
29,"But he said to his father, “For years I have worked for you like a slave and have always obeyed you. But you have never even given me a little goat, so that I could give a dinner for my friends.","Doŋ nɛ ʋ basɩ tɩya ʋ kuwo a baa, “Bɩsɩ no buloŋ tɩyaŋ ŋ tʋŋ tʋma rɛ weliŋ a tɩya ɩ anɩɩ yoŋ. Ŋ ha bɩ maakyiye vɩya ɩ nyʋwa kyɛdɩgɩ mɛ. Ba buloŋ tɩyaŋ, bekiŋ nɛ ɩ yaa tɩya ŋ? Ɩ ha bɩ kaŋ bʋʋŋ mɛ gba tɩya ŋ dɩ ŋ bee ŋ kyaŋsɩ mɛ kpʋ kyaŋ."
30,"This other son of yours wasted your money on prostitutes. And now that he has come home, you ordered the best calf to be killed for a feast.”","Ka ɩ biye no kaŋ ɩ kɩna buloŋ mʋ kyogi ta gyaŋtɩrɩsɩ tɩyaŋ, aŋ mɩɩgɩ ko dɩya, ɩ ha bɩl sii kaŋ nɔfara kpʋ tɩya ʋ.”"
31,"His father replied, “My son, you are always with me, and everything I have is yours.","Ɛɛ rɛ biye hʋ kuwo basɩ tɩya ʋ a baa, “Ŋ biye, ɩ kɛ we dɩya tɩyaŋ nɛ saŋa buloŋ. Kɩŋ buloŋ ŋ aa kana, ɩ rɛ tɩŋa ʋ."
32,"But we should be glad and celebrate! Your brother was dead, but he is now alive. He was lost and has now been found.”","Amɛ ʋ maga dɩ á leŋ á tenni fɩyɛlɩ rɛ dɩ á gbɩyalɩ, beewɩya ʋ kɩɩ gɛɛ anɩɩ ɩ naabiye no fa sʋba rɛ aŋ sii. Ʋ fa nyʋgɩsa rɛ, ka á bɩl na ʋ nyɛ.”"
1,Jesus said to his disciples: A rich man once had a manager to take care of his business. But he was told that his manager was wasting money.,"Yesu gyɩ maga namaga no tɩya ʋ hatɩnna rɛ a baa, “Kɩna tɩɩna kɩdɩgɩ rɛ gyɩ we doŋ, a kaŋ tʋŋtʋnnɩ kɩdɩgɩ, a leŋ ʋ kɩ deŋ ʋ kɩna. Ɛɛ rɛ nala ko basɩ tɩya kɩna tɩɩna hʋ anɩɩ ʋ tʋŋtʋnnɩ hʋ kaŋ ʋ dʋwa buloŋ kyogi kɩ ta rɛ."
2,"So the rich man called him in and said, “What is this I hear about you? Tell me what you have done! You are no longer going to work for me.”","Ʋ aa nɩɩ gɛɛ, ʋ leŋ ba mʋ yɩrɩ ʋ ko, ʋ pɩyɛsɩ ʋ a baa, ‘Deŋ na ɩ wɩkanɩya hʋ ŋ aa nɩɩ. Ɩ bɩl bɩ maga dɩ ɩ yaa ŋ tʋŋtʋnnɩ-hɩyawʋ. Ɛɛwɩya, leŋ dɩ ŋ gyɩŋ ɛɛ bee ɛɛ buloŋ ɩ aa kpaa ŋ molbiye tʋma.’"
3,"The manager said to himself, “What shall I do now that my master is going to fire me? I can't dig ditches, and I'm ashamed to beg.","Ɛɛ rɛ baal hʋ bɩɩnɩ ʋ tɩya tɩyaŋ a baa, ‘Ŋ nɩhɩyawʋ aa kyɛ dɩ ʋ kile ŋ tʋma tɩyaŋ nyɛ, ɛɛ rɛ ŋ sɩ yaa? Ŋ bɩ kaŋ dee ŋ aa sɩ pala di. Ŋ bɩl bɩ sɩ wuwo gɔllɩ kɩ sʋla kɩna mɛ. Ŋ sɩ kɩ fá hɩɩsɩ."
4,"I know what I'll do, so that people will welcome me into their homes after I've lost my job.”","Ŋ gyɩŋ gɛɛ ŋ aa sɩ yaa a wuwo kaŋ kyaŋsɩ rɛ, dɩ ŋ tʋma no rɛ ko kyogi mɛ, dɩ ba kana ŋ weliŋ ba dɩɩsɩ tɩyaŋ.’"
6,"“A hundred barrels of olive oil,” the man answered. So the manager said, “Take your bill and sit down and quickly write ‘","Ɛɛ rɛ ʋ baa dɩ nʋʋ aŋkʋrɩsɩ kɔɔ rɛ ʋ kyɩma. Ɛɛ rɛ tʋŋtʋnnɩ-hɩyawʋ hʋ kpaa teŋ hʋ aa daga ʋ kyɩŋ a tɩya ʋ aŋ baa, ‘Teŋ no daga anɩɩ ɩ kyɩŋ yaa nʋʋ aŋkʋrɩsɩ kɔɔ rɛ. Amɛ mɩɩgɩ kaŋ sabɩ aŋkʋrɩsɩ mɔllɩbalɩya abee fi.’"
7,"The manager asked someone else who was in debt to his master, “How much do you owe?” “A thousand sacks of wheat,” the man replied. The manager said, “Take your bill and write ‘","Ɛɛ rɛ ʋ bɩl yɩrɩ kɩdɩgɩ tɩɩna mɛ a pɩyɛsɩ ʋ a baa, ‘Ka ɩ mɛ?’ Ʋ mɛ baa dɩ ʋ kyɩŋ yaa mɩbʋwara tusi rɛ. Ɛɛ rɛ tʋŋtʋnnɩ-hɩyawʋ hʋ basɩ tɩya ʋ a baa, ‘Teŋ hʋ aa daga ɩ kyɩŋ nɛ nyɛ. Amɛ mɩɩgɩ kaŋ sabɩ bʋwara kɔɔsɩ kyori."
8,The master praised his dishonest manager for looking out for himself so well. That's how it is! The people of this world look out for themselves better than the people who belong to the light.,"Ɛɛ hal tɩyaŋ nɛ kɩna tɩɩna hʋ bigisi sɩŋgɩrɩŋtɩɩna no aŋ baa dɩ ʋ yaa kuwokeri rɛ abee wɩgyʋŋ no ʋ aa kana a kaŋ kɩ yaa wɩbɔmɔ. Beewɩya nala hʋ aa kyo dʋnɩya kɩna kɩŋkaŋ, ba kaŋ kɩ kyɛ wɩgyʋŋ nɛ weliŋ, a kɩ pɛ dɔmɔŋ tɩyaŋ a te nala hʋ aa tɩŋ Wɩɩsɩ.’"
9,"My disciples, I tell you to use wicked wealth to make friends for yourselves. Then when it is gone, you will be welcomed into an eternal home.","Ɛɛ rɛ Yesu bɩl basɩ tɩya ʋ hatɩnna hʋ a baa, ‘Ŋ basɩ kɩ tɩya ma rɛ, ma kpa ma dʋnɩya kɩna a kyɛ kyaŋsɩ. Dɩ kɩna hʋ rɛ ko teŋ, dɩ Wɩɩsɩ laa ma we ʋ lee, dɩ ma we doŋ a kaŋ kɩ mʋ deŋdeŋ.’"
31,"So Abraham said, “If they won't pay attention to Moses and the prophets, they won't listen even to someone who comes back from the dead.”","Ɛɛ rɛ Abɩraham bɩl basɩ tɩya ʋ a baa, ‘Dɩ ba aa rɛ bɩ sɩ gyegili nɩɩ wɩya hʋ Moosi abee Wɩɩsɩ tɩŋdaala hʋ aa saba, ɛɛ daga anɩɩ dɩ nal lɛ sii sʋʋ tɩyaŋ a mʋ basɩ tɩya ba mɛ, ba ha bɩ sɩ laa di.”’"
14,"The Pharisees really loved money. So when they heard what Jesus said, they made fun of him.","Farasiima hʋ aa nɩɩ wɩya hʋ Yesu aa basa, ba kɩ kyʋʋsɩ lee lee buloŋ, beewɩya ba fa kyo molbiye rɛ weliŋ."
15,"But Jesus told them: You are always making yourselves look good, but God sees what is in your heart. The things that most people think are important are worthless as far as God is concerned.","Doŋ nɛ Yesu bɩl basɩ tɩya ba a baa, “Na ma aa kyɛ dɩ nala bɩɩnɩ anɩɩ ma kaŋ wɩtɩɩ rɛ, amɛ Wɩɩsɩ kɛ gyɩŋ ma tɩsɩ rɛ. Kɩna hʋ aa yaa sɩfɩyaŋ kɩna nihuwobisi lee, ba aa rɛ yaa kɩtɔɔnɩ Wɩɩsɩ kɛ lee.”"
17,Heaven and earth will disappear before the smallest letter of the Law does.,"Wɩɩsɩnyuu abee taŋha buloŋ aa sɩ pirigi dɩɩgɩ, ʋ rɛ sɩ yaa mɔl a te wɩbiibiye mɛ aa sɩ dɩsɩ mɩrɩsɩ hʋ Moosi aa saba tɩyaŋ."
18,It is a terrible sin for a man to divorce his wife and marry another woman. It is also a terrible sin for a man to marry a divorced woman. Lazarus and the Rich Man,"Baal hʋ buloŋ aa vɩya ʋ haaŋ, aŋ bɩl mʋ kpa hadɩma, ʋ yaa sɔŋsɔnnɩ rɛ. Baal hʋ mɛ buloŋ aa kpaa haaŋ aa vɩya ʋ bala, ʋ mɛ yaa sɔŋsɔnnɩ.” Yesu maga kɩna tɩɩna kɩdɩgɩ abee Laazʋrɔsɩ namaga"
19,There was once a rich man who wore expensive clothes and every day ate the best food.,"Ɛɛ rɛ Yesu bɩl maga namaga a baa, “Kɩna tɩɩna kɩdɩgɩ rɛ gyɩ we doŋ, a gyɩ kɩ laalɩ gabala dʋŋ, aŋ we sʋma dʋŋ tɩyaŋ kyɛɛ bee ʋ nyʋwa buloŋ."
22,"The poor man died, and angels took him to the place of honor next to Abraham. The rich man also died and was buried.","Ɛɛ rɛ nyaabʋ hʋ sii sʋba. Malɩkasɩ ko kpa ʋ a kaŋ mʋ holli Abɩraham logiŋ Wɩɩsɩbee tɩyaŋ, ʋ kɩ nɩɩ sʋma."
23,"He went to hell and was suffering terribly. When he looked up and saw Abraham far off and Lazarus at his side,","Ka kɩna tɩɩna hʋ mɛ sii sʋba, ba kpa ʋ hogo. Ʋ mʋ gyʋʋ diŋ a we tʋwara tɩyaŋ. Ɛɛ rɛ ʋ deŋ mʋ na Abɩraham dɩ ʋ hɔŋ libolii, ka Laazʋrɔsɩ mɛ hɔŋ ʋ logiŋ."
24,"he said to Abraham, “Have pity on me! Send Lazarus to dip his finger in water and touch my tongue. I'm suffering terribly in this fire.”","Ɛɛ rɛ ʋ yɩrɩ Abɩraham a baa, ‘Ŋ kuwo Abɩraham, fá ŋ sikii aŋ tɩŋ Laazʋrɔsɩ dɩ ʋ kaŋ ʋ nonii taga nɩɩ, a kaŋ ko lulo we ŋ naŋdeliŋ tɩyaŋ. Ŋ aa na tʋwara rɛ weliŋ diŋ no tɩyaŋ.’"
25,"Abraham answered, “My friend, remember that while you lived, you had everything good, and Lazarus had everything bad. Now he is happy, and you are in pain.","Ɛɛ rɛ Abɩraham basɩ tɩya ʋ a baa, ‘Ŋ biye, liisi mʋ pele saŋa hʋ ɩ gyɩ aa we ɩ mɩɩbol tɩyaŋ, ɩ fa aa nɩɩ sʋma rɛ weliŋ, aŋka Laazʋrɔsɩ fa we tʋwara tɩyaŋ. Amɛ lagɩlagɩ no, Wɩɩsɩ leŋ Laazʋrɔsɩ bembii fɩyɛlɩ rɛ daha, aŋka ɩ mɛ we tʋwara tɩyaŋ."
28,"Let him warn my five brothers, so they won't come to this horrible place.”",Ŋ naabalɩya bɔnɔŋ ha we doŋ. Leŋ dɩ ʋ mʋ kʋrɩsɩ ba dɩgɩna dɩ ba mɛ ta maakyiye ko gyʋʋ tʋwara no tɩyaŋ.’
29,"Abraham answered, “Your brothers can read what Moses and the prophets wrote. They should pay attention to that.”","Ɛɛ rɛ Abɩraham basɩ tɩya ʋ a baa, ‘Wɩya hʋ Moosi abee Wɩɩsɩ tɩŋdaala hʋ aa saba biŋ, ɩ naabalɩya hʋ gyɩŋ ba rɛ. Leŋ dɩ ba gyegili nɩɩ ba aŋ kɩ tɩŋ ba.’"
30,"Then the rich man said, “No, that's not enough! If only someone from the dead would go to them, they would listen and turn to God.”","Ɛɛ rɛ kɩna tɩɩna hʋ bɩl baa, ‘Ŋ kuwo, ɛɛ dʋŋ bɩ maga. Amɛ dɩ nal lɛ sii sʋʋ tɩyaŋ a mʋ ba lee, ɛɛ kɛ ba sɩ bɩrɩmɩ lɩɩ ba wɩbɔmɔ tɩyaŋ.’"
18,Why was this foreigner the only one who came back to thank God?”,Bee rɛ tɩŋ baal no aa bɩ yaa Gyuu dʋŋ mɩɩgɩ ko dɩ ʋ kyʋwalɩ Wɩɩsɩ aŋgyʋwasʋ?”
6,"Jesus replied: If you had faith no bigger than a tiny mustard seed, you could tell this mulberry tree to pull itself up, roots and all, and to plant itself in the ocean. And it would!","Ɛɛ rɛ á Tɩɩna Yesu basɩ tɩya ba a baa, “Dɩ mamaa rɛ fa laa Wɩɩsɩ di mʋhʋ tɩɩ mɛ, ma sɩ wuwo basɩ tɩya tɩya no dɩ ʋ bee ʋ naaliliye buloŋ sii kyuri mʋ pɔ mpʋwɔnʋʋ tɩyaŋ, dɩ ʋ kɔnɩ tɩŋ ma nyʋwa.” Tʋŋtʋnnɩ-welii wɩyaalɩya"
7,"If your servant comes in from plowing or from taking care of the sheep, would you say, “Welcome! Come on in and have something to eat”?","Ɛɛ rɛ Yesu bɩl baa, “Dɩ ma kɩdɩgɩ rɛ kaŋ tʋŋtʋnnɩ dɩ ʋ kɩ pala ɩ baga, koo ʋ kɩ daa ɩ piyese, dɩ ʋ rɛ lɩɩ baga koo pedaa ko, ɩ sɩ basɩ tɩya ʋ a baa dɩ ʋ yaa lagɩ a di ʋ kɩdiiliye koo?"
21,"There is no use saying, ‘Look! Here it is’ or ‘Look! There it is.’ God's kingdom is here with you.”","Wɩɩsɩ koro hʋ we ma tɩyaŋ nɛ. Ɛɛwɩya, nal buloŋ bɩ sɩ wuwo baa, ‘Ma deŋ na, ʋ we daha, koo ʋ we lee kɩdɩgɩ dɔŋ.”’"
22,"Jesus said to his disciples: The time will come when you will long to see one of the days of the Son of Man, but you will not.","Doŋ nɛ Yesu mɩɩgɩ basɩ tɩya ʋ hatɩnna hʋ a baa, “Saŋa kɩdɩgɩ sɩ pele dɩ ma kɩ kyɛ dɩ ma hɔŋ Mɩyaŋ Nihuwobiŋ Biye lee kyɛdɩgɩ dʋŋ mɛ gba, amɛ ma bɩ sɩ na gɛɛ.”"
9,Servants don't deserve special thanks for doing what they are supposed to do.,Ɩ sɩ laa nyʋwa kyʋwalɩ ɩ tʋŋtʋnnɩ akuu ʋ aa tʋŋ tʋma hʋ ɩ aa daga ʋ wɩya koo?
1,Jesus said to his disciples: There will always be something that causes people to sin. But anyone who causes them to sin is in for trouble. A person who causes even one of my little followers to sin,"Yesu gyɩ basɩ tɩya ʋ hatɩnna hʋ rɛ a baa, “Wɩya hʋ aa sɩ leŋ dɩ nala yaa wɩbɔmɔ, ba sɩ we doŋ. Amɛ nal hʋ aa sɩ leŋ dɩ nala yaa wɩbɔmɔ, ʋ tɩɩna sɩ na tʋwara kɩŋkaŋ."
3,"So be careful what you do. Correct any followers of mine who sin, and forgive the ones who say they are sorry.","Ma pɔ ma tɩɩ ma weliŋ. Dɩ ɩ dɔŋtɩɩna ko yaa ɩ wɩbɔŋ, leŋ dɩ ʋ gyɩma. Dɩ ʋ rɛ ko baa ʋ kyogo rɛ, kpa kyɛ ʋ."
4,"Even if one of them mistreats you seven times in one day and says, “I am sorry,” you should still forgive that person.","Dɩ ɩ dɔŋtɩɩna rɛ villi yaa wɩɩ kyogi ɩ kyɛdɩgɩ a maga gɛɛ buloŋ mɛ, ka dɩ ʋ ko yaa buloŋ, ʋ mɩɩgɩ ko a baa dɩ ʋ kyogo rɛ, kpa kyɛ ʋ.” Wɩɩsɩ laadii"
5,"The apostles said to the Lord, “Make our faith stronger!”","Ɛɛ rɛ Yesu kpambɩsɩ hʋ basɩ tɩya ʋ a baa, “Á Tɩɩna, leŋ dɩ á marɩ laa Wɩɩsɩ di yʋga.”"
8,"No, you wouldn't say that. You would say, “Prepare me something to eat. Get ready to serve me, so I can have my meal. Then later on you can eat and drink.”","Aayɩ, ɩ sɩ basɩ tɩya ʋ dɩ ʋ sii yaa kɩdiiliye tɩya ɩ, aŋ yaa siri a ko tɩga tɩya ɩ, aŋ yaa wɩɩ hʋ buloŋ ɩ aa kyɛ a tɩya ɩ. Dɩ ɩ rɛ ko di teŋ, dɩ ʋ mɛ yaŋ na di."
10,"And that's how it should be with you. When you've done all you should, then say, “We are merely servants, and we have simply done our duty.” Ten Men with Leprosy","Ɛɛ rɛ ma mɛ yaŋ kɩɩ! Dɩ mamaa rɛ ko tʋŋ tʋma hʋ ba aa tɩya ma dɩ ma tʋma, ʋ maga dɩ ma baa, ‘Á yaa tʋŋtʋnna rɛ, á bɩ maga dɩ ba lɔllɩ ma, beewɩya á tʋma rɛ á tʋma.”’ Yesu tɩɩbɩ gbegisi fi"
11,"On his way to Jerusalem, Jesus went along the border between Samaria and Galilee.","Ɛɛ rɛ Yesu gyɩ bɩl sii kɩ mʋ Gyerusalɛm, a gyɩ mʋ tɩŋ Samaarɩya abee Galili paalʋʋ paga a kɩ mʋ."
12,"As he was going into a village, ten men with leprosy came toward him. They stood at a distance","Ʋ mʋʋ dɩ ʋ gyʋʋ tɔɔ kɩdɩgɩ, dɩ gbegisi fi rɛ ko kɩ kyeme ʋ gɛɛ."
15,"When one of them discovered that he was healed, he came back, shouting praises to God.","Ba tɩyaŋ kɩdɩgɩ aa yaa Samaarɩya tɩɩna aa naa dɩ ʋ deye gɛɛ, ʋ mɩɩgɩ ko Yesu lee a kɩ dannɩ Wɩɩsɩ yʋga."
16,He bowed down at the feet of Jesus and thanked him. The man was from the country of Samaria.,A mʋ tuu gbinni Yesu sɩya tɩyaŋ aŋ kyʋwalɩ ʋ aŋgyʋwasʋ.
17,"Jesus asked, “Weren't ten men healed? Where are the other nine?","Ɛɛ rɛ Yesu pɩyɛsɩ ʋ a baa, “Ma nala fi hʋ buloŋ daa ŋ tɩɩbɩ? Lee rɛ nibi hʋ kɛ we?"
19,"Then Jesus told the man, “You may get up and go. Your faith has made you well.” God's Kingdom (Matthew","Ɛɛ rɛ Yesu basɩ tɩya baal hʋ a baa, “Sii kɩ mʋ, ɩ aa laa Wɩɩsɩ di rɛ tɩŋ ɩ deye.” Yesu basɩ Wɩɩsɩ koro hʋ koyi wɩya Matiwu"
24,The day of the Son of Man will be like lightning flashing across the sky.,"Kyɛɛ hʋ Mɩyaŋ Nihuwobiŋ Biye aa sɩ mɩɩgɩ ko, nal buloŋ sɩ na ŋ anɩɩ duwoŋ aa lɩgɩsɩ a kyaanɩ wɩɩsɩnyuu nal nal buloŋ na ʋ gɛɛ."
37,"Then Jesus' disciples spoke up, “But where will this happen, Lord?” Jesus said, “Where there is a corpse, there will always be vultures.”","Ɛɛ rɛ Yesu hatɩnna hʋ pɩyɛsɩ ʋ a baa, “Á Tɩɩna, lee tɩyaŋ nɛ wɩya no sɩ yaa?” Ɛɛ rɛ Yesu basɩ tɩya ba a baa, “Lee hʋ kɩpʋwa aa pɩna, doŋ nɛ duuno kɩ laŋŋɩ.”"
25,But first he must suffer terribly and be rejected by the people of today.,"Amɛ ŋ sɩ laa sɩya na tʋwara, ka dɩ ma gyɩnaŋ nala ha vɩya ŋ."
26,"When the Son of Man comes, things will be just as they were when Noah lived.","Saŋa hʋ mɩyaŋ Nihuwobiŋ Biye aa sɩ mɩɩgɩ ko, ʋ sɩ kɩɩ gɛɛ anɩɩ saŋa hʋ Nowa gyɩ aa we ʋ mɩɩbol tɩyaŋ."
27,"People were eating, drinking, and getting married right up to the day when Noah went into the big boat. Then the flood came and drowned everyone on earth.","Nowa saŋa hʋ tɩyaŋ, nal nal buloŋ gyɩ we doŋ nɛ, a di aŋ kɩ nyʋwa, haana kɩ yala balama, baala mɛ kɩ paa haana, a mʋ pele kyɛɛ hʋ Nowa gyɩ aa gyʋʋ nɩɩduworiboro hʋ, ka nɩɩ ko kpʋ nɩkaalɩya hʋ buloŋ."
29,"But on the very day Lot left Sodom, fiery flames poured down from the sky and killed everyone.","Ka kyɛɛ hʋ Lɔɔtɩ aa lɩɩ Sodɔm tɩyaŋ, diŋ abee gyɩrɩbʋyɩ gyɩ lɩɩ wɩɩsɩnyuu rɛ, a ko tuu kpa nɩkaalɩya hʋ buloŋ aa we doŋ di."
30,The same will happen on the day when the Son of Man appears.,Ɛɛ tɩɩ rɛ ba sɩ kɩɩ kyɛɛ hʋ mɩyaŋ Nihuwobiŋ Biye mɛ aa sɩ mɩɩgɩ ko.
31,At that time no one on a rooftop should go down into the house to get anything. No one in a field should go back to the house for anything.,"Haŋ kyɛɛ hʋ dɩ nal lɛ we salnyuu, ʋ ta bɩl kɩ lʋga dɩ ʋ tuu gyʋʋ ʋ dɩya a paa ʋ kɩna. Ɛɛ tɩɩ rɛ, dɩ nal mɛ rɛ we baga tɩyaŋ, ʋ ta bɩl kɩ lʋga dɩ ʋ mɩɩgɩ mʋ dɩya a kpa kɩŋ buloŋ."
32,Remember what happened to Lot's wife.,Ma liisi mʋ na wɩɩ hʋ gyɩ aa yaa Lɔɔtɩ haaŋ.
34,"On that night two people will be sleeping in the same bed, but only one will be taken. The other will be left.","Ŋ basɩ kɩ tɩya ma rɛ, haŋ kyɛɛ hʋ, nala balɩya sɩ pɩŋ doo gododɩgɩ tɩyaŋ tebine, dɩ ba kpa kɩdɩgɩ aŋ leŋ kɩdɩgɩ ta."
1,Jesus told his disciples a story about how they should keep on praying and never give up:,"Ɛɛ rɛ Yesu bɩl maga namaga tɩya ʋ hatɩnna hʋ, a daga ba anɩɩ ba aa yaa ba kɩ kyʋwalɩ Wɩɩsɩ saŋa buloŋ, aŋ ta leŋ dɩ ba tenni kɩ yʋwɔrɩ."
2,In a town there was once a judge who didn't fear God or care about people.,"Ʋ baa, “Sarɩdiil kɩdɩgɩ rɛ gyɩ we tɔɔ kɩdɩgɩ tɩyaŋ. Ʋ gyɩ bee fá Wɩɩsɩ, a bee tɩya nihuwobisi mɛ gyɩrɩma."
3,"In that same town there was a widow who kept going to the judge and saying, “Make sure that I get fair treatment in court.”","Lohaaŋ kɩdɩgɩ mɛ rɛ gyɩ we tɔɔ hʋ tɩyaŋ. Saŋa buloŋ, ʋ gyɩ aa sii mʋ sarɩdiil no lee, a kɩ sʋla ʋ dɩ ʋ kyiyeli ʋ, a di sarɩya lo ʋ dɔŋtɩɩna kɩdɩgɩ tɩya ʋ."
5,"I will help this widow because she keeps on bothering me. If I don't help her, she will wear me out.”","Amɛ lohaaŋ no aa vala kɩ dɔmɔ ŋ nyɛ, ŋ sɩ pɛ ʋ tɩyaŋ, a di sarɩya no tɩya ʋ. Dɩ gɛɛ daa, ʋ ha sɩ vɩya aŋ vala kɩ dɔmɔ ŋ dɩ ŋ lɔgʋ mʋ lɩɩ.’"
8,"He will surely hurry and help them. But when the Son of Man comes, will he find on this earth anyone with faith? A Pharisee and a Tax Collector","Ŋ basɩ kɩ tɩya ma rɛ, ʋ sɩ di ba sarɩya lagɩlagɩ, a kpa wɩsʋma tɩya ba. Amɛ kyɛɛ hʋ Mɩyaŋ Nihuwobiŋ Biye aa sɩ mɩɩgɩ ko, ŋ sɩ na nala aa laa Wɩɩsɩ di?” Yesu maga Farasii kɩdɩgɩ abee lampolaal namaga"
9,Jesus told a story to some people who thought they were better than others and who looked down on everyone else:,"Nyɛ rɛ Yesu bɩl maga namaga no a tɩya nala hʋ aa laa ba tɩɩ di anɩɩ ba aa rɛ kaŋ tɩpʋlʋŋ a te nal buloŋ, aŋ kaŋ ba dɔŋtɩŋsɩ kɩ kʋwasɩ."
11,"The Pharisee stood over by himself and prayed, “God, I thank you that I am not greedy, dishonest, and unfaithful in marriage like other people. And I am really glad that I am not like that tax collector over there.","Ɛɛ rɛ Farasii hʋ sii sɩŋ, a kyʋwalɩ Wɩɩsɩ ʋ tɩya tɩyaŋ a baa, ‘Ŋ Tɩɩna Wɩɩsɩ, ŋ aa kyʋwalɩ ɩ aŋgyʋwasʋ rɛ, beewɩya ŋ bɩ kɩɩ nala hʋ aa gɔllɩ kaŋ nala kɩna kɩ fasɩ, koo nala hʋ aa bɩ kaŋ wɩtɩɩ, koo nala hʋ aa gɔllɩ kyɛ nala haana kɩ baŋ. Ŋ bɩ kɩɩ lampolaal no mɛ aa we daha."
12,"I go without eating for two days a week, and I give you one tenth of all I earn.”","Ŋ aa vʋwa nyʋwa bʋlɩya rɛ yɔbɔ buloŋ tɩyaŋ. Kɩŋ hʋ buloŋ mɛ ŋ aa naa, ŋ aa kaŋ kpaa leye fi rɛ, a kpa lɩdɩgɩ tɩya ɩ.’"
14,"Then Jesus said, “When the two men went home, it was the tax collector and not the Pharisee who was pleasing to God. If you put yourself above others, you will be put down. But if you humble yourself, you will be honored.” Jesus Blesses Little Children (Matthew","Ɛɛ rɛ Yesu bɩl baa, “Wɩtɩɩ rɛ ŋ basɩ kɩ tɩya ma, saŋa hʋ ba aa kyʋwalɩ Wɩɩsɩ hʋ teŋ, ba balɩya tɩyaŋ, lampolaal hʋ rɛ yaa tɩpʋlʋŋ tɩɩna Wɩɩsɩ sɩya tɩyaŋ. Nal hʋ buloŋ aa kpa ʋ tɩɩ yohuŋ, Wɩɩsɩ sɩ kana ʋ fʋŋɩsɩ. Amɛ nal hʋ buloŋ aa kaŋ ʋ tɩɩ kɩ hʋwɔlɩ, Wɩɩsɩ sɩ kpa ʋ yohuŋ.” Yesu sʋla Wɩɩsɩ tɩya biibiisi Matiwu"
15,"Some people brought their little children for Jesus to bless. But when his disciples saw them doing this, they told the people to stop bothering him.","Nala badɔmɔŋ mɛ rɛ gyɩ sii kaŋ ba biibiisi ko Yesu lee dɩ ʋ kpa ʋ nosi dɔbɔ ba tɩyaŋ, a sʋla Wɩɩsɩ tɩya ba. Yesu hatɩnna hʋ na ba, a nɔsɩ ba."
30,will be given much more in this life. And in the future world they will have eternal life.” Jesus Again Tells about His Death (Matthew,"Wɩɩsɩ sɩ tɩya ʋ tɩɩna kɩna yʋga a te kɩna hʋ ʋ aa leŋ ta. Dɩ ʋ rɛ ko sʋba mɛ, Wɩɩsɩ sɩ tɩya ʋ mɩɩbol hʋ aa bɩ kaŋ tenii.” Yesu bɩl basɩ ʋ sʋʋ wɩya Matiwu"
31,Jesus took the twelve apostles aside and said: We are now on our way to Jerusalem. Everything that the prophets wrote about the Son of Man will happen there.,"Ɛɛ rɛ Yesu kaŋ ʋ hatɩnna fi abee balɩya hʋ gɩɩgɩ lɩɩ, a basɩ tɩya ba a baa, “Ma gyegili nɩɩ daha. Á aa mʋ Gyerusalɛm nɛ. Doŋ tɩyaŋ, Mɩyaŋ Nihuwobiŋ Biye wɩya hʋ Wɩɩsɩ tɩŋdaala hʋ aa saba biŋ, ba buloŋ sɩ ko su ba bʋʋsɩ."
18,"An important man asked Jesus, “Good Teacher, what must I do to have eternal life?”","Ɛɛ rɛ Gyuuma nɩhɩyawʋ kɩdɩgɩ ko Yesu lee a pɩyɛsɩ ʋ a baa, “Nɩhɩyawelii, ɛɛ rɛ ŋ sɩ yaa a kaŋ mɩɩbol aa bɩ kaŋ tenii?”"
21,"He told Jesus, “I have obeyed all these commandments since I was a young man.”","Ɛɛ rɛ baal hʋ baa, “Ŋ aa tɩŋ wɩya no kɛ buloŋ nɛ a lɩɩ ŋ biibiri tɩyaŋ buloŋ.”"
22,"When Jesus heard this, he said, “There is one thing you still need to do. Go and sell everything you own! Give the money to the poor, and you will have riches in heaven. Then come and be my follower.”","Ʋ aa basɩ gɛɛ, Yesu bɩl basɩ tɩya ʋ a baa, “Wɩdɩgɩ rɛ kaa ɩ ha aa sɩ yaa. Mʋ kpa ɩ kɩŋ kɩŋ buloŋ yallɩ, a kpa molbiye hʋ tɩya nyaaba, aŋ ko kɩ tɩŋa ŋ. Dɩ ɩ rɛ yaa gɛɛ, ɩ sɩ kaŋ kɩna wɩɩsɩbee tɩyaŋ.”"
23,"When the man heard this, he was sad, because he was very rich.","Baal hʋ aa nɩɩ wɩɩ no, ʋ tɩya buloŋ kyogi, beewɩya ʋ gyɩ kaŋ kɩna rɛ weliŋ."
24,"Jesus saw how sad the man was. So he said, “It's terribly hard for rich people to get into God's kingdom!","Yesu aa naa dɩ ʋ tɩya kyogo gɛɛ, ʋ baa, “Ʋ yaa wɩduwo rɛ anɩɩ kɩna tɩmma aa sɩ wuwo gyʋʋ Wɩɩsɩ koro hʋ tɩyaŋ."
25,"In fact, it's easier for a camel to go through the eye of a needle than for a rich person to get into God's kingdom.”","Nyɔgɩmaa aa sɩ tɩŋ gahaŋ sɩɩ lɩɩ, ʋ rɛ yaa mɔl a te gɛɛ kɩna tɩɩna aa sɩ yaa a gyʋʋ Wɩɩsɩ koro hʋ.”"
26,"When the crowd heard this, they asked, “How can anyone ever be saved?”","Nala hʋ aa nɩɩ Yesu aa basɩ gɛɛ, ba pɩyɛsɩ ʋ a baa, “Kɩbee rɛ yaŋ Wɩɩsɩ sɩ laa ta?”"
27,"Jesus replied, “There are some things that people cannot do, but God can do anything.”","Ɛɛ rɛ Yesu basɩ tɩya ba a baa, “Wɩɩ hʋ aa kperi nihuwobiŋ, ʋ bɩ kpere Wɩɩsɩ kɛ.”"
32,"He will be handed over to foreigners, who will make fun of him, mistreat him, and spit on him.",Ba sɩ kpa ŋ we nala hʋ aa bɩ yaa Gyuuma nosi tɩyaŋ dɩ ba yaa ŋ sɩya. Ba sɩ tʋʋsɩ ŋ aŋ pɛ tʋ naŋtʋwɔl mɛ we ŋ tɩyaŋ.
33,"They will beat him and kill him, but three days later he will rise to life.","Ba sɩ vɩɩrɩ ŋ aŋ kpʋ ŋ, amɛ ŋ sɩ sii sʋʋ tɩyaŋ ʋ kyɛtoo kyɛɛ.”"
36,The man heard the crowd walking by and asked what was happening.,"Nyʋlʋŋ hʋ aa nɩɩ nɩgyamaa hʋ aa baŋ dɔmɔ, ʋ pɩyɛsɩ a baa, “Bee rɛ aa yaa?”"
37,Some people told him that Jesus from Nazareth was passing by.,Ɛɛ rɛ ba basɩ tɩya ʋ anɩɩ Yesu aa lɩɩ Nazarɛti rɛ aa baŋ.
38,"So the blind man shouted, “Jesus, Son of David, have pity on me!”","Ɛɛ rɛ ʋ yɩrɩ Yesu a baa, “Yesu, Deviti nihii, fá ŋ sikii.”"
39,"The people who were going along with Jesus told the man to be quiet. But he shouted even louder, “Son of David, have pity on me!”","Nala hʋ aa we ʋ sɩya nɔsɩ ʋ, dɩ ʋ leŋ ʋ kyagɩŋsɩ hʋ. Amɛ ʋ marɩ yɩrɩ yʋga a te gɛɛ a baa, “Yesu, Deviti nihii, fá ŋ sikii.”"
40,"Jesus stopped and told some people to bring the blind man over to him. When the blind man was getting near, Jesus asked,",Ɛɛ rɛ Yesu sɩŋ aŋ baa dɩ ba kaŋ nyʋlʋŋ hʋ ko ʋ lee.
42,"Jesus replied, “Look and you will see! Your eyes are healed because of your faith.”","Ɛɛ rɛ Yesu basɩ tɩya ʋ, “Ɩ sɩya suro rɛ. Ɩ aa laa Wɩɩsɩ dɩ rɛ rɛ tɩŋ ɩ deye.”"
43,"At once the man could see, and he went with Jesus and started thanking God. When the crowds saw what happened, they praised God.","Doŋ nɛ ʋ sɩya pirigi suri, ʋ sii kɩ tɩŋ Yesu hal a kɩ dannɩ Wɩɩsɩ. Nɩgyamaa hʋ buloŋ aa naa gɛɛ, ba buloŋ mɛ kɩ dannɩ Wɩɩsɩ."
4,"Jesus was heading his way, and Zacchaeus wanted to see what he was like. But Zacchaeus was a short man and could not see over the crowd. So he ran ahead and climbed up into a sycamore tree.","Ɛɛ rɛ ʋ parɩ nala hʋ buloŋ ta, aŋ fá mʋ sɩya, a gyɩŋ tɩya dɩ ʋ wuwo na Yesu. Ʋ gyɩ gyɩma anɩɩ Yesu sɩ ko tɩŋ tɩya hʋ memii baŋ nɛ."
5,"When Jesus got there, he looked up and said, “Zacchaeus, hurry down! I want to stay with you today.”","Yesu aa ko tɩŋ tɩya hʋ memii kɩ baŋ, ʋ wil deŋ tɩya hʋ nyuu a na Zakiyo, a basɩ tɩya ʋ a baa, “Zakiyo, ko tuu lagɩ, beewɩya ɩ dɩyaŋ nɛ ŋ sɩ pɩŋ gyɩnaŋ.”"
7,"Everyone who saw this started grumbling, “This man Zacchaeus is a sinner! And Jesus is going home to eat with him.”","Nala hʋ buloŋ aa we doŋ aa naa gɛɛ, ba piili kɩ gʋrɩmɩ wɩya a baa, “A! Ma na baal no kɔnɩ aa mʋ dɩ ʋ pɩŋ wɩbɔŋyaal no dɩya tɩyaŋ.”"
8,"Later that day Zacchaeus stood up and said to the Lord, “I will give half of my property to the poor. And I will now pay back four times as much to everyone I have ever cheated.”","Saŋa hʋ á Tɩɩna Yesu aa we Zakiyo dɩya tɩyaŋ, Zakiyo sii sɩŋ a basɩ tɩya ʋ a baa, “Ŋ nɩhɩyawʋ, ŋ sɩnɩɩ no tɩyaŋ, ŋ sɩ kaŋ ŋ kɩna buloŋ kpaa leye balɩya, a kpa lɩdɩgɩ tɩya nyaaba. Ka dɩ mɩyaŋ nɛ fa firimi nal buloŋ mɛ, ŋ sɩ tuŋ ʋ tɩɩna maga gɛɛ ŋ aa firimi ʋ naaŋsɩɩnyʋwa bʋnaa.”"
9,"Jesus said to Zacchaeus, “Today you and your family have been saved, because you are a true son of Abraham.","Ɛɛ rɛ Yesu basɩ tɩya ʋ a baa, “Wɩɩsɩ laa ɩ bee ɩ dɩya nala buloŋ ta rɛ gyɩnaŋ. Beewɩya ɩ mɛ yaa Abɩraham doho nal lɛ."
10,The Son of Man came to look for and to save people who are lost.” A Story about Ten Servants (Matthew,"Mɩyaŋ Nihuwobiŋ Biye ko dɩ ŋ kyɛ na nala hʋ aa nyʋgɩsa rɛ, a laa ba ta.” Yesu maga salma molbinʋʋ namaga Matiwu"
25,"But they said, “Sir, he already has ten times as much!”","Ɛɛ rɛ ba basɩ tɩya ʋ a baa, ‘Nɩhɩyawʋ, na ʋ kɛ foŋ kaŋ molbiye fi rɛ.’"
14,"But the people of his country hated him, and they sent messengers to the foreign country to say, “We don't want this man to be our king.”","Amɛ nɩbal no bee nala gyɩ haasɩ ʋ rɛ weliŋ. Ʋ gyɩ aa mʋ ko teŋ, ba mɛ gyɩ sii tɩŋ tɩŋdaala dɩ ba kile ʋ lugo, a mʋ basɩ tɩya kuworibal hʋ lee ʋ aa mʋ dɩ ʋ holli ʋ koro hʋ, anɩɩ ba bɩ kyo dɩ baal hʋ yaa ba kuwori."
30,"He told them, “Go into the next village, where you will find a young donkey that has never been ridden. Untie the donkey and bring it here.","“Ma mʋ tɔɔ hʋ aa we ma sɩya. Dɩ mamaa rɛ ko mʋ, ma sɩ na kokubiye dɩ ba kaŋ vʋwa sɩgɩ. Nal buloŋ ha bɩ maakyiye gyɩna ʋ. Ma puri a kaŋ ko."
16,"The first servant came and said, “Sir, with the money you gave me I have earned ten times as much.”","Nyɛ rɛ buŋbuŋ tʋŋtʋnnɩ ko basɩ tɩya ʋ a baa, ‘Ŋ nɩhɩyawʋ, molbii hʋ ɩ aa kpaa tɩya ŋ hʋ, ŋ mɛ kaŋ tʋma rɛ a na maga gɛɛ fi a pɛ.’"
18,"The second one came and said, “Sir, with the money you gave me, I have earned five times as much.”","Ɛɛ rɛ tʋŋtʋnnɩlɩya hʋ tɩɩna mɛ ko ʋ lee a baa, ‘Ŋ nɩhɩyawʋ, molbii hʋ ɩ aa kpaa tɩya ŋ hʋ, ŋ mɛ kaŋ tʋma rɛ a na maga gɛɛ bʋnɔŋ a pɛ.’"
20,"Another servant came and said, “Sir, here is your money. I kept it safe in a handkerchief.","Ɛɛ rɛ tʋŋtʋnna hʋ kɩdɩgɩ mɛ ko a basɩ tɩya ʋ a baa, ‘Ŋ nɩhɩyawʋ, na ɩ molbii hʋ ɩ aa kpaa tɩya ŋ. Ŋ kaŋ mʋ gulo gakɔsʋŋ tɩyaŋ nɛ a kpa faŋa."
23,"Why didn't you put my money in the bank? On my return, I could have had the money together with interest.”","Bee rɛ yaŋ tɩŋ ɩ fa bɩ kaŋ ŋ molbii hʋ mʋ biŋ bangi tɩyaŋ? Ŋ fa aa mɩɩgɩ ko nyɛ, ŋ fa sɩ laa molbii hʋ abee ʋ tɔnɔ buloŋ.’"
24,"Then he said to some other servants standing there, “Take the money away from him and give it to the servant who earned ten times as much.”","Ɛɛ rɛ ʋ basɩ tɩya ʋ tʋŋtʋnnɩ dɔŋtɩŋsɩ hʋ fa aa sɩŋ doŋ a baa, ‘Ma laa salɩŋbidɩgɩ hʋ ʋ lee, a kpa tɩya nal hʋ aa kaŋ kɩna fi hʋ.’"
26,"The king replied, “Those who have something will be given more. But everything will be taken away from those who don't have anything.","Ɛɛ rɛ Yesu basɩ tɩya ba a baa, ‘Nal hʋ aa kaŋ kɩna yʋga, Wɩɩsɩ sɩ marɩ kpa kɩna yʋga a pɛ a tɩya ʋ, amɛ nal hʋ aa bɩ kaŋ kɩna yʋga, mʋhʋ hʋ mɛ ʋ aa kana, Wɩɩsɩ sɩ kaŋ ba laa ʋ lee."
27,Now bring me the enemies who didn't want me to be their king. Kill them while I watch!” Jesus Enters Jerusalem (Matthew,"Ka nala hʋ mɛ aa haasɩ ŋ, a bɩ kyo dɩ ŋ yaa ba kuwori hʋ, ma kasɩ ba ko ŋ sɩya daha, a kpʋ ba ŋ sɩɩ tɩyaŋ.”’ Yesu gyʋʋ Gyerusalɛm abee gandarɩ Matiwu"
28,"When Jesus had finished saying all this, he went on toward Jerusalem.","Yesu aa basɩ wɩya no ko teŋ, ʋ sii kpa ŋmanɩɩ, a laa ʋ hatɩnna hʋ sɩya, ba kɩ mʋ Gyerusalɛm."
29,"As he was getting near Bethphage and Bethany on the Mount of Olives, he sent two of his disciples on ahead.","Ba aa ko kpaga Bɛtifage abee Bɛɛtani, a ko pele Olivi dogimo hʋ lee, ɛɛ rɛ Yesu lɩɩ ʋ hatɩnna hʋ tɩyaŋ nala balɩya a tɩŋ ba a baa,"
31,"If anyone asks why you are doing this, just say, ‘The Lord needs it.’ ”","Dɩ nal buloŋ nɛ ko pɩyɛsɩ ma a baa dɩ bee rɛ tɩŋ ma kɩ puri, ma baa dɩ Tɩɩna hʋ rɛ baa dɩ ma puri kaŋ ko.”"
32,They went off and found everything just as Jesus had said.,"Ba aa mʋʋ doŋ, wɩya hʋ buloŋ kɔnɩ yaa rɛ anɩɩ gɛɛ Yesu aa basɩ tɩya ba."
33,"While they were untying the donkey, its owners asked, “Why are you doing that?”","Ba aa puri kokubiye hʋ tɩyaŋ nɛ, ʋ tɩmma pɩyɛsɩ ba a baa, “Bee rɛ tɩŋ ma kɩ puri kokubiye hʋ?”"
35,Then they led the donkey to Jesus. They put some of their clothes on its back and helped Jesus get on.,"Ɛɛ rɛ ba kaŋ kokubiye hʋ mʋ tɩya Yesu, a wuri ba gabala a dɔbɔ kokubiye hʋ tɩyaŋ, aŋ tɩga tɩya Yesu ʋ gyɩŋ."
36,"And as he rode along, the people spread clothes on the road in front of him.","Ʋ aa gyɩŋ kokubiye hʋ kɩ mʋ tɩyaŋ, nala kpa ba gabala a gyarɩ ŋmanɩɩ hʋ tɩyaŋ, ʋ kɩ vala ba tɩyaŋ."
37,"When Jesus started down the Mount of Olives, his large crowd of disciples were happy and praised God because of all the miracles they had seen.","Yesu aa mʋʋ kpaga Gyerusalɛm, lee hʋ ŋmanɩɩ hʋ a lɩɩ Olivi dogimo hʋ nyuu tuu, nɩgyamaa hʋ fa aa tɩŋ ʋ hal piili kɩ gyʋwɔsɩ, a kɩ dannɩ Wɩɩsɩ yʋga akuu wɩmagɩla hʋ buloŋ ba aa naa wɩya."
38,"They shouted, “Blessed is the king who comes in the name of the Lord! Peace in heaven and glory to God.”","Ba baa, “Wɩɩsɩ sɩ pɛ kuwori hʋ aa ko á Tɩɩna Wɩɩsɩ feŋ tɩyaŋ. Fɩyɛlʋʋ sɩ we Wɩɩsɩbee tɩyaŋ, ka dɩ Wɩɩsɩ feŋ mɛ yɩrɩ.”"
39,"Some Pharisees in the crowd said to Jesus, “Teacher, make your disciples stop shouting!”","Ɛɛ rɛ Farasiima badɔmɔŋ fa aa we nɩgyamaa hʋ tɩyaŋ basɩ tɩya Yesu a baa, “Nɩhɩyawʋ, basɩ tɩya ɩ hatɩnna hʋ dɩ ba leŋ kyagɩŋsɩ.”"
42,and said: It is too bad that today your people don't know what will bring them peace! Now it is hidden from them.,"“Ŋ fa kyo dɩ ma bee no nala gyɩŋ wɩɩ hʋ ma aa sɩ yaa a hɔŋ abee laaŋfɩya rɛ gyɩnaŋ, amɛ lagɩlagɩ no ʋ yaa wɩfaŋɩɩ rɛ ma lee."
43,"Jerusalem, the time will come when your enemies will build walls around you to attack you. Armies will surround you and close in on you from every side.","Kyɛɛ kɩdɩgɩ sɩ pele dɩ ma dɔmɔ ko kyige ma bee no, a tɔ ma we, dɩ ma kyɛ lee lɔlɔ dɩ ma lɩɩ fá."
44,They will level you to the ground and kill your people. Not one stone in your buildings will be left on top of another. This will happen because you did not see that God had come to save you. Jesus in the Temple (Matthew,"Ba sɩ kpʋ bee no nal nal buloŋ, aŋ kyeŋŋi bee hʋ mɛ buloŋ. Bʋdɩgɩ mɛ bɩ sɩ ka dɔbɔ ʋ dɔŋtɩɩna tɩyaŋ. Beewɩya, saŋa hʋ tɩyaŋ Wɩɩsɩ aa ko dɩ ʋ laa ma ta, ma vɩya ʋ nyʋwa rɛ.” Yesu gyʋʋ Wɩɩkyʋwaldɩɩbal hʋ Matiwu"
45,"When Jesus entered the temple, he started chasing out the people who were selling things.","Nyɛ rɛ Yesu sii mʋ gyʋʋ Wɩɩkyʋwaldɩɩbal hʋ, a na dɩ nala aa yallɩ kɩna doŋ. Ɛɛ rɛ ʋ piili kil ba kɩ ta ba kɩ lɩɩ,"
46,"He told them, “The Scriptures say, ‘My house should be a place of worship.’ But you have made it a place where robbers hide!”","aŋ basɩ tɩya ba a baa, “Ba saba Wɩɩsɩ teŋ tɩyaŋ nɛ a baa dɩ Wɩɩsɩ baa: ‘Ŋ dɩya sɩ yaa lee hʋ nala aa sɩ kɩ kyʋwalɩ ŋ nɛ’. Aŋka ma kɛ mɩɩgɩ kaŋ bɩrɩmɩ gaala dɩya.”"
47,"Each day, Jesus kept on teaching in the temple. So the chief priests, the teachers of the Law of Moses, and some other important people tried to have him killed.",Kyɛɛ kɛ buloŋ nɛ Yesu gyɩ aa kɩ daga nala Wɩɩkyʋwaldɩɩbal hʋ tɩyaŋ. Ɛɛ rɛ Gyuuma wɩɩkyʋwal sɩlaala nɩhɩyasɩ abee Wɩɩsɩ Teŋ dɩdagɩla abee Gyuuma nɩhɩyasɩ kɩ kyɛ dɩ ba kpʋ ʋ.
21,"The spies said to him, “Teacher, we know you teach the truth about what God wants people to do. And you treat everyone with the same respect, no matter who they are.","Ɛɛ rɛ nala hʋ ba aa turo we hʋ sii mʋ Yesu lee, a pɩyɛsɩ ʋ a baa, “Nɩhɩyawʋ, á gyɩma anɩɩ wɩya hʋ ɩ aa basɩ abee wɩya hʋ ɩ daga ma buloŋ yaa wɩtɩɩ rɛ. Á gyɩma anɩɩ ɩ aa daga Wɩɩsɩ ŋmanɩɩ tɩɩ rɛ, aŋ bee fá nal buloŋ mɛ sɩɩ."
27,The Sadducees did not believe that people would rise to life after death. So some of them came to Jesus,"Ɛɛ rɛ Sadusiima badɔmɔŋ mɛ sii ko Yesu lee. Nala no gyɩ laa di rɛ anɩɩ nala hʋ aa sʋba bɩl bɩ sɩ wuwo sii sʋʋ tɩyaŋ. Ɛɛ rɛ ba pɩyɛsɩ Yesu a baa,"
33,"When God raises people from death, whose wife will this woman be? All seven brothers had married her.","Kyɛɛ hʋ nala aa sɩ mɩɩgɩ sii sʋʋ tɩyaŋ, baala no bapɛ tɩyaŋ kɩbee rɛ sɩ tɩŋ haaŋ hʋ? Beewɩya ba buloŋ bapɛ rɛ ʋ yala ko baŋ parɩ.”"
2,"asked him, “What right do you have to do these things? Who gave you this authority?”","A pɩyɛsɩ ʋ a baa, “Degɛɛ rɛ ɩ kana a wuwo kɩ yaa wɩya no? Kɩbee rɛ tɩya ɩ ŋmanɩɩ ɩ kɩ yaa wɩya no buloŋ?”"
4,Who gave John the right to baptize? Was it God in heaven or merely some human being?”,"Aŋnɛ rɛ gyɩ tɩya Gyɔɔŋ ŋmanɩɩ ʋ kɩ fo nala wɩɩkyʋwalnɩɩ gɛɛ, Wɩɩsɩ rɛ koo nihuwobisi rɛ?”"
6,"And we can't say it was merely some human who gave John the right to baptize. The crowd will stone us to death, because they think John was a prophet.”","Dɩ ámaa rɛ bɩl baa dɩ nihuwobisi rɛ tɩya ʋ gɛɛ ŋmanɩɩ, gyamaa no aa laŋŋa daha sɩ paa bʋwa yaga ma, beewɩya ba buloŋ laa di anɩɩ Gyɔɔŋ fa yaa Wɩɩsɩ tɩŋdaal lɛ.”"
7,"So they told Jesus, “We don't know who gave John the right to baptize.”","Ɛɛ rɛ ba basɩ tɩya ʋ a baa, “Á bɩ gyɩŋ nal hʋ aa tɩya ʋ gɛɛ ŋmanɩɩ.”"
8,"Jesus replied, “Then I won't tell you who gave me the right to do what I do.” Renters of a Vineyard (Matthew","Doŋ nɛ Yesu mɛ basɩ tɩya ba a baa, “Tɔɔ, ŋ mɛ bɩ sɩ daga ma nal hʋ aa tɩya ŋ ŋmanɩɩ ŋ kɩ yaa wɩya no.” Yesu maga baga tʋŋtʋnna badɔmɔŋ namaga Matiwu"
46,"Guard against the teachers of the Law of Moses! They love to walk around in long robes, and they like to be greeted in the market. They want the front seats in the synagogues and the best seats at banquets.","“Ma pɔ ma tɩɩ ma weliŋ abee Wɩɩsɩ Teŋ dɩdagɩla no wɩya. Ba aa gɔllɩ kɩ baŋ abee ba gadoliye rɛ gyiyegyiye, a kɩ kyɛ dɩ nala yʋwɔgɩ kɩ kyʋwalɩ ba. Dɩ ba aa rɛ ko mʋ wɩɩkyʋwaldɩya koo laŋŋɩbal buloŋ, ba aa kɩ kyɛ dɩ ba hɔŋ nɩbala lɩhɔnɩya rɛ."
10,"When it was time to harvest the crop, he sent a servant to ask the renters for his share of the grapes. But they beat up the servant and sent him away without anything.","Nyɛ rɛ tɩɩsɩ hʋ ko nɔnɔ a yaa tɔrɩɩ. Baga hʋ tɩɩna sii tɩŋ ʋ dɩya tʋŋtʋnna kɩdɩgɩ dɩ ʋ mʋ baga tʋŋtʋnna hʋ lee a laa ʋ tɩɩnɔnɔ tol ko tɩya ʋ. Ʋ sii mʋ, ba kana ʋ a ŋmaa ʋ weliŋ, aŋ kile ʋ ta, ʋ mɩɩgɩ kaŋ nohɩllɩ mʋ baga hʋ tɩɩna lee."
14,"When the renters saw the owner's son, they said to one another, “Someday he will own the vineyard. Let's kill him! Then we can have it all for ourselves.”","Tʋŋtʋnna hʋ aa naa biye hʋ dɩ ʋ aa ko, ɛɛ rɛ ba basɩ tɩya dɔmɔŋ a baa, ‘Baga hʋ tɩɩna biye tɩɩ rɛ nyɛ. Dɩ baga hʋ tɩɩna rɛ ko sʋba, biye no rɛ sɩ di ʋ kɩna hʋ buloŋ kyaŋ. Ma leŋ dɩ á kpʋ ʋ, aŋka dɩ baga hʋ bɩrɩmɩ á kɩŋ.’"
16,"I'll tell you what. He will come and kill those renters and let someone else have his vineyard.” When the people heard this, they said, “This must never happen!”","Ʋ sɩ ko kpʋ tʋŋtʋnna hʋ buloŋ, aŋ kpa baga hʋ a tɩya nɩdʋŋsɩ.’ Nala hʋ aa nɩɩ wɩya hʋ Yesu aa basa, ba baa dɩ Wɩɩsɩ ta laa nyʋwa dɩ gɛɛ yaa."
19,"The chief priests and the teachers of the Law of Moses knew that Jesus was talking about them when he was telling this story. They wanted to arrest him right then, but they were afraid of the people. Paying Taxes (Matthew","Ɛɛ rɛ Wɩɩsɩ Teŋ dɩdagɩla abee Gyuuma wɩɩkyʋwal sɩlaala nɩhɩyasɩ kɩ lʋga dɩ ba kaŋ Yesu doŋ tɩyaŋ, beewɩya ba gyɩma anɩɩ ba aa rɛ ʋ maga namaga hʋ kɩ daga. Amɛ ba gyɩ aa fá nala hʋ aa we doŋ nɛ."
25,"Then he told them, “Give the Emperor what belongs to him and give God what belongs to God.”","Ɛɛ rɛ Yesu baa, “Ɛɛ kɛ, kɩŋ hʋ aa yaa Roma paalʋʋ kuworibal hʋ kɩŋ, ma kpa tɩya ʋ, ka kɩŋ hʋ mɛ aa yaa Wɩɩsɩ kɩŋ, ma kpa tɩya Wɩɩsɩ.”"
26,Jesus' enemies could not catch him saying anything wrong there in front of the people. They were amazed at his answer and kept quiet. Life in the Future World (Matthew,"Ʋ aa basɩ gɛɛ, ba bɩl bɩ naa wɩɩ buloŋ ba aa sɩ wuwo tɩŋ gɛɛ tɩyaŋ kana ʋ nala aa we doŋ sɩya tɩyaŋ. Wɩya hʋ ʋ aa basa yaa ba wɩkperii rɛ, ba nyʋʋsɩ buloŋ mɛ fɩyɛlɩ. Ba pɩyasɩ Yesu sʋʋnɩ mɩɩgɩ siiyi wɩya Matiwu"
28,"and said: Teacher, Moses wrote that if a married man dies and has no children, his brother should marry the widow. Their first son would then be thought of as the son of the dead brother.","“Á nɩhɩyawʋ, Wɩɩsɩ teŋ tɩyaŋ, Moosi daga ma anɩɩ dɩ baal lɛ kpaa haaŋ, dɩ ʋ bee haaŋ hʋ bɩ kaŋ biye, aŋka dɩ baal hʋ sʋba, dɩ ʋ maga ʋ naabiye kpa lohaaŋ hʋ rɛ a lʋl biisi tɩya ʋ maana hʋ aa sʋba."
29,"There were once seven brothers. The first one married, but died without having any children.","Tɔɔ, nɩmmabalɩya bapɛ rɛ gyɩ we doŋ, ba buloŋ yaa baala. Ba kɩhɩyawʋ tɩɩna kpa haaŋ. Ʋ bee haaŋ hʋ bɩ lʋl biye, ka ʋ sʋba."
30,"The second one married his brother's widow, and he also died without having any children.","Ɛɛ rɛ ʋ katɩyal kpa haaŋ hʋ. Ʋ beel-ʋ mɛ bɩ lʋl biye, aŋ ka ʋ mɛ sʋba."
31,"The same thing happened to the third one. Finally, all seven brothers married this woman and died without having any children.","Too hʋ tɩɩna mɛ kpa haaŋ hʋ. Ɛɛ tɩɩ puu ʋ mɛ. Nyɛ rɛ nɩmmabalɩya no bapɛ buloŋ kpa haaŋ hʋ, a sʋba mʋ teŋ dɩ ba kɩdɩgɩ buloŋ bee haaŋ hʋ bɩ lʋl biye."
32,At last the woman died.,Ɛɛ hal tɩyaŋ nɛ haaŋ hʋ mɛ sii sʋba.
39,"Some of the teachers of the Law of Moses said, “Teacher, you have given a good answer!”","Ɛɛ rɛ Wɩɩsɩ Teŋ dɩdagɩla badɔmɔŋ basɩ tɩya ʋ a baa, “Nɩhɩyawʋ, ɩ bee nyɩya! Ɩ basɩ ba bʋʋsɩŋ nɛ.”"
41,"Jesus asked, “Why do people say that the Messiah will be the son of King David?","Ɛɛ rɛ Yesu pɩyɛsɩ ba a baa, “Ɛɛ rɛ ba sɩ wuwo baa dɩ Krisita hʋ, laataal hʋ Wɩɩsɩ aa lɩya, sɩ yaa Deviti nihii rɛ?"
42,"In the book of Psalms, David himself says, ‘The Lord said to my Lord, Sit at my right side","Deviti tɩɩ basa Wɩɩsɩ teŋ logiŋ kɩdɩgɩ ba aa yɩrɩ Yɩɩla tɩyaŋ nɛ a baa, “Ŋ Tɩɩna Wɩɩsɩ basɩ tɩya ŋ Tɩɩna rɛ a baa, ‘hɔŋ ŋ noduu logiŋ,"
43,until I make your enemies into a footstool for you.’,ka dɩ ŋ yuwo di ɩ dɔmɔ buloŋ teŋ’.
44,"David spoke of the Messiah as his Lord, so how can the Messiah be his son?” Jesus and the Teachers of the Law of Moses (Matthew",Deviti tɩɩ yɩrɩ nal no ʋ Tɩɩna rɛ. Ɛɛ rɛ ʋ yaŋ sɩ yaa a yaa Deviti nihii dʋŋ?” Yesu basɩ Wɩɩsɩ Teŋ dɩdagɩla hʋ wɩya Matiwu
45,"While everyone was listening to Jesus, he said to his disciples:","Nala hʋ buloŋ gyɩ aa gyegile kɩ nɩɩ Yesu wɩbasɩɩ hʋ tɩyaŋ nɛ, ʋ mɩɩgɩ basɩ tɩya ʋ hatɩnna hʋ a baa,"
47,But they cheat widows out of their homes and then pray long prayers just to show off. These teachers will be punished most of all.,"Ba aa fugo kyʋwalɩ Wɩɩsɩ kɩ pɩɩsɩ rɛ, a kaŋ lohaana kɩna kɩ fasɩ. Saŋa hʋ Wɩɩsɩ aa sɩ di dʋnɩya sarɩya, ba tʋwara bɩ sɩ kyallɩ.”"
12,"Before all this happens, you will be arrested and punished. You will be tried in your synagogues and put in jail. Because of me you will be placed on trial before kings and governors.","Aŋka dɩ wɩya no buloŋ na yaa, ba sɩ kasɩ ma, a dɔgɩsɩ ma. Ba sɩ kaŋ ma gyʋʋ wɩɩkyʋwaldɩɩsɩ, a di ma sarɩya aŋ kaŋ ma tɔ dɩɩsɩ tɩyaŋ. Ba sɩ kuu ŋ wɩya, a kaŋ ma mʋ kuworo abee nɩbala sɩya."
4,Everyone else gave what they didn't need. But she is very poor and gave everything she had.” The Temple Will Be Destroyed (Matthew,"Beewɩya, nala hʋ buloŋ aa kpaa molbiye a sʋla Wɩɩsɩ, ba lɩya rɛ aŋ ka. Amɛ haaŋ no kɛ, abee ʋ nyaabʋsɩ hʋ buloŋ, ʋ dɩya abee ʋ bee buloŋ nɛ ʋ kpa sʋla Wɩɩsɩ gɛɛ.” Yesu basɩ Wɩɩkyʋwaldɩɩbal hʋ telii wɩya Matiwu"
5,"Some people were talking about the beautiful stones used to build the temple and about the gifts that had been placed in it. Jesus said,","Yesu hatɩnna hʋ badɔmɔŋ gyɩ aa basɩ Wɩɩkyʋwaldɩɩbal hʋ wɩya rɛ, a baa dɩ ʋ weliye, dɩ bʋwa hʋ ba aa kpaa saa ʋ mɛ weliye, abee kɩweliye hʋ iriŋ nala aa kpaa sʋla Wɩɩsɩ ba kpa marɩ dɩya hʋ tɩya, dɩ ba buloŋ nɛ leŋ dɩya hʋ weliye gɛɛ."
6,“Do you see these stones? The time is coming when not one of them will be left in place. They will all be knocked down.” Warning about Trouble (Matthew,"Nyɛ rɛ Yesu baa, “Dɩya no bee ʋ kɩweliye hʋ buloŋ ma aa naa nyɛ, saŋa kɩdɩgɩ sɩ pele dɩ ba ŋmaa ba buloŋ lo. Bʋdɩgɩ mɛ paalɩ bɩ sɩ ka a dɔbɔ ʋ dɔŋtɩɩna tɩyaŋ.” Yesu basa ba aa sɩ dɔgɩsɩ nala hʋ aa tɩŋa ʋ wɩya Matiwu"
7,"Some people asked, “Teacher, when will all this happen? How can we know when these things are about to take place?”","Ɛɛ rɛ ba pɩyɛsɩ Yesu a baa, “Nɩhɩyawʋ, saŋa bee tɩyaŋ nɛ wɩya no sɩ yaa? Bekiŋ wɩɩ rɛ sɩ yaa dɩ á na a gyɩma anɩɩ wɩya no kpaga yayɩ rɛ?”"
8,"Jesus replied: Don't be fooled by those who will come and claim to be me. They will say, “I am Christ!” and “Now is the time!” But don't follow them.","Ɛɛ rɛ Yesu basɩ tɩya ba a baa, “Ma kɩ gyɩma weliŋ dɩ nal buloŋ ta ko mʋrɩ ma. Nala yʋga sɩ ko a kpa ŋ feŋ anɩɩ ba aa rɛ yaa Krisita hʋ, a baa dɩ saŋa hʋ dʋnɩya aa sɩ teŋ kpaga rɛ. Amɛ ma ta ko kɩ tɩŋ ba hal."
9,"When you hear about wars and riots, don't be afraid. These things will have to happen first, but this isn't the end.","Ma sɩ nɩɩ yuwo abee kaasɩ dɔmɔ lɩkpagɩsɩ abee liboliye tɩyaŋ. Dɩ mamaa rɛ ko nɩɩ ba wɩya, ma ta leŋ dɩ ma bembiye kɩ sii. Wɩya no buloŋ sɩ laa sɩya yaa, amɛ gɛɛ bɩ daga nɩɩ dʋnɩya hʋ tenii pele rɛ.”"
11,"There will be great earthquakes, and in many places people will starve to death and suffer terrible diseases. All sorts of frightening things will be seen in the sky.","Taŋha sɩ gyigili kɩŋkaŋ, dɩ losi mɛ gyʋʋ. Wɩɩla sɩ gyʋʋ nala lee buloŋ tɩyaŋ, wɩbɔŋlɔrɩnɩ abee wɩmagɩla buloŋ sɩ yaa wɩɩsɩnyuu tɩyaŋ."
16,"You will be betrayed by your own parents, brothers, family, and friends. Some of you will even be killed.","Ma kuwoma abee ma nɩmmabalɩya abee ma lʋlla tɩɩ abee ma kyaŋsɩ sɩ kpa ma yallɩ tɩya ma dɔmɔ, dɩ ba kpʋ ma badɔmɔŋ."
17,"Because of me, you will be hated by everyone.",Nal nal buloŋ sɩ haasɩ ma ŋ wɩya.
21,"If you are living in Judea at this time, run to the mountains. If you are in the city, leave it. And if you are out in the country, don't go back into the city.","Ɛɛ tɩyaŋ, ma leŋ dɩ nala hʋ aa we Gyudɩya paalʋʋ tɩyaŋ fá mʋ gyɩŋ dogiŋsi nyuni. Nala hʋ mɛ aa we bee hʋ tɩyaŋ, ʋ maga dɩ ba lɩɩ bee hʋ tɩyaŋ nɛ. Nala hʋ mɛ aa we ba bagɩsɩ tɩyaŋ, ba mɛ ta mɩɩgɩ gyʋʋ bee hʋ tɩyaŋ."
20,"When you see Jerusalem surrounded by soldiers, you will know that it will soon be destroyed.","Ɛɛ rɛ Yesu bɩl baa, “Dɩ mamaa rɛ ko na dɩ laal tɔɔ Gyerusalɛm, ma gyɩma anɩɩ bee hʋ kyeŋŋii pele rɛ."
23,It will be an awful time for women who are expecting babies or nursing young children! Everywhere in the land people will suffer horribly and be punished.,"Saŋa no tɩyaŋ, haluwokanna abee biifɩllɩ nɩmma sɩ na tʋwara rɛ weliŋ. Wɩɩsɩ sɩ na baaŋ paalʋʋ no nala nyuu tɩyaŋ, a dɔgɩsɩ ba kɩŋkaŋ."
29,Then Jesus told them a story: When you see a fig tree or any other tree,"Ɛɛ rɛ Yesu maga namaga no tɩya ba a baa, “Ma deŋ na tutogo abee tɩɩsɩ buloŋ."
31,"So, when you see these things happening, you know that God's kingdom will soon be here.","Ɛɛ tɩɩ rɛ, dɩ mamaa rɛ ko na wɩya no buloŋ ŋ aa daga ma piile kɩ yaa, ma gyɩma anɩɩ Wɩɩsɩ koro hʋ kpaga rɛ."
27,"Then the Son of Man will be seen, coming in a cloud with power and great glory.","Ɛɛ tɩyaŋ nɛ ma sɩ na mɩyaŋ Nihuwobiŋ Biye dɩ ŋ we taala tɩyaŋ ko kɩ tuu, a kaŋ dee abee gaŋdarɩ."
25,"Strange things will happen to the sun, moon, and stars. The nations on earth will be afraid of the roaring sea and tides, and they won't know what to do.","Ɛɛ rɛ Yesu bɩl baa, “Wɩmagɩla sɩ yaa wɩɩpɔsɩɩ abee pene abee kyɩŋwʋlɩya tɩyaŋ. Dʋnɩya buloŋ tɩyaŋ, nala tɩsɩ sɩ kyogi dɩ ba bɩ gyɩŋ wɩɩ hʋ buloŋ tɩyaŋ ba aa wee. Beewɩya mpʋwɔnʋʋ sɩ dɔŋ, dɩ kambɩŋ gyʋʋ nala."
26,People will be so frightened that they will faint because of what is happening to the world. Every power in the sky will be shaken.,"Kambɩŋ sɩ gyʋʋ nala dɩ ba yiyegi, akuu ba aa lurimi na wɩɩ hʋ aa sɩ yaa dʋnɩya buloŋ tɩyaŋ wɩya. Beewɩya ba sɩ kile wɩɩsɩnyuu kɩna buloŋ aa kaŋ dee dɩ ba lɩɩ ba liweeliye tɩyaŋ."
32,You can be sure that some of the people of this generation will still be alive when all of this takes place.,"Wɩtɩɩ rɛ ŋ basɩ kɩ tɩya ma, ma nala no aa we ma mɩɩbol tɩyaŋ gyɩnaŋ, ma buloŋ bɩ sɩ sʋba, aŋka dɩ wɩya no yaa."
35,like a trap. This day will surprise everyone on earth.,Beewɩya kyɛɛ hʋ aa puu nal buloŋ aa we dʋnɩya logiŋ buloŋ tɩyaŋ nɛ.
30,"putting out leaves, you know that summer will soon come.","Dɩ mamaa rɛ ko na tɩɩsɩ piile kɩ tɔsɔ, ma aa gyɩma anɩɩ yʋʋ kpaga rɛ."
36,Watch out and keep praying that you can escape all that is going to happen and that the Son of Man will be pleased with you.,"Ma gyɩŋ tɩya ma tɩɩ, a kɩ kyʋwalɩ Wɩɩsɩ saŋa buloŋ dɩ ma wuwo gyʋʋ wɩya no buloŋ tɩyaŋ a lɩɩ bee laaŋfɩya, aŋ wuwo maakyiye sɩŋ Mɩyaŋ Nihuwobiŋ Biye sɩya tɩyaŋ.”"
37,"Jesus taught in the temple each day, and he spent each night on the Mount of Olives.","Yesu fa aa we Wɩɩkyʋwaldɩɩbal hʋ tɩyaŋ nɛ kyɩkyʋwala abee wɩhaa buloŋ a kɩ daga nala. Dɩ dɩdaana rɛ ko pele buloŋ, ʋ aa mʋ Olivi dogimo hʋ nyuu rɛ a kyʋwa doŋ."
38,Everyone got up early and came to the temple to hear him teach.,"Sɩgballɩya buloŋ, nala aa mʋ Wɩɩkyʋwaldɩɩbal hʋ rɛ dɩ ba gyegile nɩɩ wɩya hʋ ʋ aa basɩ."
5,They were very pleased and offered to pay Judas some money.,"Ba tenni gyɩ fɩyɛlɩ weliŋ, ba laa nyʋwa anɩɩ ba sɩ tɩya ʋ molbiye."
16,I tell you I will not eat another Passover meal until it is finally eaten in God's kingdom.”,"Beewɩya, ŋ bɩl bɩ sɩ maakyiye di kɩdiiliye no iriŋ, see saŋa hʋ Wɩɩsɩ koro hʋ aa sɩ ko. Ɛɛ tɩyaŋ nɛ ma sɩ gyɩŋ kɩdiiliye no dii memii.”"
2,"The chief priests and the teachers of the Law of Moses were looking for a way to get rid of Jesus, because they were afraid of what the people might do.","Ɛɛ rɛ Gyuuma wɩɩkyʋwal sɩlaala nɩhɩyasɩ abee Wɩɩsɩ Teŋ dɩdagɩla hʋ kɩ lʋga dɩ ba na ŋmanɩɩ hʋ ba aa sɩ tɩŋa a lʋwɔlɩ kpʋ Yesu, beewɩya ba gyɩ aa fá nala hʋ rɛ. Gyudasɩ laa nyʋwa dɩ ʋ kpa Yesu yallɩ Matiwu"
10,"Jesus told them, “As you go into the city, you will meet a man carrying a jar of water. Follow him into the house","Ʋ basɩ tɩya ba a baa, “Dɩ mamaa rɛ ko mʋ kɩ gyʋʋ bee hʋ, ma sɩ na baal kɩdɩgɩ dɩ ʋ baasɩ vii abee nɩɩ. Ma tɩŋa ʋ hal mʋ gyʋʋ dɩya hʋ ʋ aa sɩ gyʋʋ."
45,Jesus got up from praying and went over to his disciples. They were asleep and worn out from being so sad.,"Ʋ aa kyʋwalɩ Wɩɩsɩ hʋ teŋ, ʋ sii a mɩɩgɩ mʋ ʋ hatɩnna hʋ lee, dɩ ba pɩŋ doo, beewɩya tɩkyogi hʋ gyɩ leŋ lɔl gyʋʋ ba rɛ weliŋ."
4,Judas went to talk with the chief priests and the officers of the temple police about how he could help them arrest Jesus.,"Nyɛ rɛ ʋ sii mʋ, ʋ bee Gyuuma wɩɩkyʋwal sɩlaala nɩhɩyasɩ abee nala hʋ aa pɔ Wɩɩkyʋwaldɩɩbal hʋ nɩhɩyasɩ vʋʋlɩ gɛɛ ʋ aa sɩ yaa a kpa Yesu yallɩ tɩya ba."
6,He agreed and started looking for a good chance to betray Jesus when the crowds were not around. Jesus Eats with His Disciples (Matthew,"Ɛɛ rɛ Gyudasɩ mɛ laa nyʋwa, aŋ piili kɩ kyɛ ŋmanɩɩ hʋ ʋ aa sɩ tɩŋa a kpa Yesu yallɩ tɩya ba dɩ nala bɩ gyɩma. Yesu bee ʋ hatɩnna dii Dɩɩsɩ-parɩ-banɩɩ Kyɛbal hʋ kɩdiiliye Matiwu"
17,"Jesus took a cup of wine in his hands and gave thanks to God. Then he told the apostles, “Take this wine and share it with each other.","Ɛɛ rɛ Yesu kpa gbaŋbiye bee sɩŋ, a kyʋwalɩ Wɩɩsɩ aŋgyʋwasʋ, aŋ kpa tɩya ʋ hatɩnna hʋ aŋ baa, “Ma laa gbaŋbiye bee sɩŋ no a kaŋ kpaa dɔmɔŋ nyʋwa."
21,The one who will betray me is here at the table with me!,"Amɛ ma naa rɛ? Nal hʋ aa sɩ kpa ŋ yallɩ, ʋ we á tɩyaŋ daha. Ŋ beel-ʋ rɛ laŋŋa kɩ di kɩna hʋ nyɛ."
30,"You will eat and drink with me in my kingdom, and you will each sit on a throne to judge the twelve tribes of Israel. Jesus' Disciples Will Be Tested (Matthew",Dɩ ŋ beel-ma buloŋ maakyiye wuwo di kɩdiiliye ŋ koro hʋ tɩyaŋ. Ma sɩ hɔŋ kuworikpasɩnɩ nyuni a kɩ deŋ Iziral tɩmma bekyige fi abee balɩya hʋ nyuu.” Yesu baa dɩ Piita sɩ tʋwa a baa ʋ bɩ gyɩma ʋ Matiwu
7,"The day had come for the Festival of Thin Bread, and it was time to kill the Passover lambs.","Dɩɩsɩ-parɩ-banɩɩ Kyɛbal hʋ tɩyaŋ, kyɛɛ kɩdɩgɩ rɛ we doŋ ba aa kyaŋ paanʋʋ ba aa bɩ wee sɩbʋl. Kyɛɛ no tɩɩ mɛ rɛ ba aa kpʋ pepɔrɔ hʋ ba aa sɩ kpa marɩ Kyɛbal hʋ kɩdiiliye."
8,"So Jesus said to Peter and John, “Go and prepare the Passover meal for us to eat.”","Ɛɛ rɛ Yesu tɩŋ Piita abee Gyɔɔŋ, a baa dɩ ba mʋ marɩ Dɩɩsɩ-parɩ-banɩɩ Kyɛbal hʋ kɩdiiliye dɩ ba di."
9,"But they asked, “Where do you want us to prepare it?”","Nyɛ rɛ ba pɩyɛsɩ ʋ a baa, “Lee tɩyaŋ nɛ ɩ kɩ kyɛ dɩ á mʋ marɩ kɩdiiliye hʋ?”"
22,"The Son of Man will die in the way that has been decided for him, but it will be terrible for the one who betrays him!”","Mɩyaŋ Nihuwobiŋ Biye, ŋ sɩ sʋba anɩɩ Wɩɩsɩ aa daga gɛɛ, amɛ nal hʋ aa sɩ kpa ŋ yallɩ, ʋ sɩ na tʋwara yʋga.”"
23,Then the apostles started arguing about who would ever do such a thing. An Argument about Greatness,Ɛɛ rɛ Yesu kpambɩsɩ hʋ piili kɩ pɩyɛsɩ dɔmɔŋ anɩɩ ba tɩyaŋ kɩbee rɛ sɩ yaa wɩɩ no? Yesu hatɩnna kaŋ nɩbalɩŋ wɩya kɩ kpa dɔmɔŋ
15,"he said to them, “I have very much wanted to eat this Passover meal with you before I suffer.","Ɛɛ rɛ Yesu basɩ tɩya ba a baa, “Ŋ fa paalɩ kyo dɩ ŋ beel-ma di kɩna no rɛ, aŋka dɩ ŋ na na tʋwara."
20,"After the meal he took another cup of wine in his hands. Then he said, “This is my blood. It is poured out for you, and with it God makes his new agreement.","Ba aa dii kɩna hʋ teŋ, ʋ bɩl kpa gbaŋbiye hʋ abee sɩŋ a tɩya ba aŋ baa, “Gbaŋbiye no sɩŋ nɛ yaa nyʋʋfalɩɩ hʋ Wɩɩsɩ aa wee tɩya ma. Ŋ kyal hʋ aa gyaasa ma wɩya rɛ Wɩɩsɩ kpa we nyʋwa no."
28,You have stayed with me in all my troubles.,"Ŋ tʋwara nayɩ tɩyaŋ, mamaa rɛ yaa nala hʋ aa sɩna ŋ hal, a bɩ vɩya ŋ ta."
29,"So I will give you the right to rule as kings, just as my Father has given me the right to rule as a king.",Ŋ Kuwo tɩya ŋ ŋmanɩɩ rɛ dɩ ŋ yaa kuworibal. Ɛɛ tɩɩ rɛ ŋ mɛ sɩ tɩya ma ŋmanɩɩ dɩ ma yaa kuworibala.
31,"Jesus said, “Simon, listen to me! Satan has demanded the right to test each one of you, as a farmer does when he separates wheat from the husks.","Ɛɛ rɛ Yesu basɩ tɩya Siimɔŋ Piita a baa, “Siimɔŋ, gyegili nɩɩ daha! Sɩtaanɩ ko sʋla ŋmanɩɩ rɛ dɩ ʋ magɩsɩ ma, a tʋwasɩ ma niweliye a lɩɩ ma nɩbɔmɔ tɩyaŋ, anɩɩ ba aa kyaarɩ mɩya, a lɩɩ miŋbii aŋ ka mɩŋgyɔrʋ gɛɛ."
34,"Jesus replied, “Peter, I tell you that before a rooster crows tomorrow morning, you will say three times that you don't know me.” Moneybags, Traveling Bags, and Swords","Ɛɛ rɛ Yesu baa, “Piita, ŋ basɩ kɩ tɩya ɩ rɛ, gyibala ha bɩ sɩ wɩɩ gyɩnaŋ tebine no, aŋka dɩ ɩ tʋwa naaŋsɩɩnyʋwa bʋto anɩɩ ɩ bɩ gyɩma ŋ.” Yesu basɩ molbiye abee takoobiye wɩya"
37,"Do this because the Scriptures say, ‘He was considered a criminal.’ This was written about me, and it will soon come true.”","Ba saba Wɩɩsɩ teŋ tɩyaŋ nɛ a baa, ‘Ba kana ʋ pɛ wɩbɔŋyaala tɩyaŋ nɛ’. Wɩya no buloŋ, ŋ wɩya rɛ ba sabɩ gɛɛ. Ba buloŋ sɩ yaa ŋ tɩyaŋ nɛ, dɩ wɩya hʋ buloŋ ba aa saba ŋ wɩya kɔnɩ su ba bʋʋsɩ.”"
46,"He said to them, “Why are you asleep? Wake up and pray that you won't be tested.” Jesus Is Arrested (Matthew","Ɛɛ rɛ Yesu ko pɩyɛsɩ ba a baa, “Ma kɔnɩ pɩŋ kɩ pɩŋ doo rɛ? Ma sii a kɩ sʋla Wɩɩsɩ, dɩ Sɩtaanɩ ta wuwo mʋrɩ ma.” Ba kaŋ Yesu Matiwu"
42,"“Father, if you will, please don't make me suffer by drinking from this cup. But do what you want, and not what I want.”","“Ŋ Kuwo, dɩ ʋ ko yaa ɩ kyɛrɩ, lɩɩ ŋ tʋwara no aa ko tɩyaŋ. Amɛ mɩyaŋ kɛ kyɛrɩ daa, leŋ dɩ ɩ kyɛrɩ yaa.”"
39,"Jesus went out to the Mount of Olives, as he often did, and his disciples went with him.","Ɛɛ rɛ Yesu sii lɩɩ Gyerusalɛm tɩyaŋ, a mʋ gyɩŋ Olivi dogimo hʋ nyuu, anɩɩ ʋ aa kɩ yaa gɛɛ saŋa buloŋ. Ɛɛ rɛ ʋ hatɩnna hʋ mɛ sii tɩŋa ʋ hal mʋ."
40,"When they got there, he told them, “Pray that you won't be tested.”","Ba aa mʋʋ pele doŋ, ʋ basɩ tɩya ba a baa, “Ma kɩ sʋla Wɩɩsɩ, dɩ Sɩtaanɩ ta wuwo mʋrɩ ma.”"
41,"Jesus walked on a little way before he knelt down and prayed,","Ʋ aa basɩ gɛɛ teŋ, ʋ parɩ ʋ hatɩnna hʋ mʋ sɩya mʋhʋ, a tuu gbinni a kyʋwalɩ Wɩɩsɩ, a baa,"
44,Jesus was in great pain and prayed so sincerely that his sweat fell to the ground like drops of blood.,Ʋ tɩya gyɩ kyogo rɛ kɩŋkaŋ buloŋ. Ɛɛ rɛ ʋ faasɩ kyʋwalɩ Wɩɩsɩ abee sɩfɩyasɩ. Ʋ suwolii paalɩ kɩ tuu taŋha gɛɛ anɩɩ kyal.
47,"While Jesus was still speaking, a crowd came up. It was led by Judas, one of the twelve apostles. He went over to Jesus and greeted him with a kiss.","Yesu ha gyɩ aa basɩ wɩya hʋ tɩyaŋ nɛ, dɩ Yesu hatɩnna fi abee balɩya hʋ kɩdɩgɩ ba aa yɩrɩ Gyudasɩ rɛ gyɩ mʋ laa nɩygamaa sɩya gɛɛ ba kɩ ko ʋ lee. Ba aa ko pele, Gyudasɩ vala a mʋ guwori Yesu."
50,One of the disciples even struck at the high priest's servant with his sword and cut off the servant's right ear.,"Nyɛ rɛ Yesu hatɩnna hʋ kɩdɩgɩ teŋ kyuri takoobii, a ŋmaŋ Gyuuma wɩɩkyʋwal sɩlaala nɩhɩyawʋ dɩya yoŋ noduu dɩgɩŋ kyɔl."
48,"Jesus asked Judas, “Are you betraying the Son of Man with a kiss?”","Ɛɛ rɛ Yesu baa, “Gyudasɩ, ɩ kɔnɩ ko guwori ŋ nɛ dɩ ɩ kpa Mɩyaŋ Nihuwobiŋ Biye yallɩ koo?”"
49,"When Jesus' disciples saw what was about to happen, they asked, “Lord, should we attack them with a sword?”","Yesu hatɩnna hʋ fa aa we doŋ a na wɩɩ hʋ aa kyɛ dɩ ʋ yaa, ɛɛ rɛ ba pɩyɛsɩ Yesu a baa, “Á Tɩɩna, á kyuri á takoobiye koo?”"
51,“Enough of that!” Jesus said. Then he touched the servant's ear and healed it.,"Ɛɛ rɛ Yesu baa, “Ʋ maga rɛ. Ma leŋ.” Ʋ basɩ gɛɛ rɛ, aŋ dige baal hʋ dɩgɩŋ, ʋ mɩɩgɩ taasɩ."
52,"Jesus spoke to the chief priests, the temple police, and the leaders who had come to arrest him. He said, “Why do you come out with swords and clubs and treat me like a criminal?","Ɛɛ rɛ Yesu pɩyɛsɩ Gyuuma wɩɩkyʋwal sɩlaala nɩhɩyasɩ abee nala hʋ aa pɔ Wɩɩkyʋwaldɩɩbal hʋ nɩhɩyasɩ abee ba bee nɩhɩyasɩ hʋ aa ko dɩ ba kana ʋ, a baa, “Ŋ yaa biibɔŋ nɛ, ma sii kol takoobiye abee daŋgulo a kɩ ko dɩ ma kana ŋ?"
57,"Peter said, “Woman, I don't even know that man!”","Ɛɛ rɛ Piita baa, “Haŋtolibiye, ŋ paalɩ bɩ gyɩma ʋ mɛ gba.”"
58,"A little later someone else saw Peter and said, “You are one of them!” “No, I'm not!” Peter replied.","Mʋhʋ sʋwaa dɩ baal kɩdɩgɩ mɛ na ʋ a baa, “Ɩ mɛ yaa ba kɩdɩgɩ rɛ.” Ɛɛ rɛ Piita bɩl baa, “Ŋ bagyʋwa, ŋ kɛ daa.”"
54,"Jesus was arrested and led away to the house of the high priest, while Peter followed at a distance.","Ɛɛ rɛ ba kaŋ Yesu, a kana ʋ kɩ mʋ Gyuuma wɩɩkyʋwal sɩlaala nɩhɩyawʋ dɩya, ka Piita mɛ daasɩ kɩ tɩŋ ba hal."
66,"At daybreak the nation's leaders, the chief priests, and the teachers of the Law of Moses got together and brought Jesus before their council.","Ʋ sɩgballɩya, Gyuuma bee nɩhɩyasɩ abee Gyuuma wɩɩkyʋwal sɩlaala nɩhɩyasɩ abee Wɩɩsɩ Teŋ dɩdagɩla buloŋ laŋŋɩ, aŋ leŋ ba kaŋ Yesu ko ba sɩya."
60,"Peter replied, “I don't know what you are talking about!” Right then, while Peter was still speaking, a rooster crowed.","Ɛɛ rɛ Piita bɩl basɩ tɩya ʋ mɛ a baa, “Ŋ bagyʋwa, ŋ paalɩ bɩ gyɩŋ wɩɩ hʋ ɩ aa basɩ tɩyaŋ.” Piita aa yaŋ basɩ gɛɛ, ʋ nyʋwa ha bɩ tele taŋha, dɩ gyibal wiye."
61,"The Lord turned and looked at Peter. And Peter remembered that the Lord had said, “Before a rooster crows tomorrow morning, you will say three times that you don't know me.”","Ɛɛ rɛ á Tɩɩna Yesu galdaasɩ, a deŋ Piita sɩya tɩyaŋ. Doŋ nɛ ʋ liisi wɩɩ hʋ Yesu fa aa basɩ tɩya ʋ anɩɩ ʋ sɩ tʋwa naaŋsɩɩnyʋwa bʋto a baa dɩ ʋ bɩ gyɩma ʋ, ka dɩ gyibal na wii."
63,The men who were guarding Jesus made fun of him and beat him.,"Ɛɛ rɛ nala hʋ aa pɔ Yesu kɩ huuri ʋ, aŋ kɩ ŋmaa ʋ."
65,They kept on insulting Jesus in many other ways. Jesus Is Questioned by the Council (Matthew,Ba gyɩ basɩ wɩya mɛ rɛ yʋga a tʋʋsɩ ʋ. Ba kaŋ Yesu mʋ bee-hɩyarɩ sɩya Matiwu
68,"And if I asked you a question, you wouldn't answer.","Dɩ mɩyaŋ nɛ yaŋ bɩl pɩyɛsɩ ma wɩɩ mɛ, ma bɩ sɩ lɩɩ ʋ sɩɩ tɩya ŋ."
69,"But from now on, the Son of Man will be seated at the right side of God All-Powerful.”","Amɛ a lɩɩ nyɛ a kaŋ kɩ mʋ, Mɩyaŋ Nihuwobiŋ Biye sɩ hɔŋ Wɩɩbal hʋ noduu logiŋ tɩyaŋ.”"
71,"They replied, “Why do we need more witnesses? He said it himself!”","Ɛɛ rɛ nala hʋ baa, “Á bɩl bee kyɛ daŋsɩya tɩɩna buloŋ. Á tɩɩ mɛ nɩɩ wɩɩ hʋ ʋ tɩɩ nyʋwa tɩyaŋ nɛ.”"
11,Herod and his soldiers made fun of Jesus and insulted him. They put a fine robe on him and sent him back to Pilate.,"Hɛrɔtɩ bee ʋ laalyuwolo mɛ yaa Yesu sɩya weliŋ, aŋ leŋ ba kpa gawil kɩdɩgɩ laalɩ ʋ, aŋ mɩɩgɩ kana ʋ mʋ Pilato lee."
14,"He told them, “You brought Jesus to me and said he was a troublemaker. But I have questioned him here in front of you, and I have not found him guilty of anything that you say he has done.","“Ma kaŋ baal no ko ŋ lee rɛ, a basɩ tɩya ŋ anɩɩ ʋ aa mʋrɩ nala rɛ. Ŋ pɩyɛsɩ ʋ wɩya rɛ ma buloŋ sɩɩ tɩyaŋ. Wɩya hʋ buloŋ ma aa baa dɩ ʋ yaa kyogi, ŋ kɛ bɩ naa ʋ wɩkyogii ba tɩyaŋ."
5,"But they all kept on saying, “He has been teaching and causing trouble all over Judea. He started in Galilee and has now come all the way here.” Jesus Is Brought before Herod","Amɛ nala hʋ ha hara a baa, “Ʋ daga nala Gyudɩya paalʋʋ buloŋ tɩyaŋ nɛ a leŋ ba kɩ laa taawɛɛ. Galili paalʋʋ tɩyaŋ nɛ ʋ piili wɩɩ no, aŋ sii kpa ko daha mɛ nyɛ.” Ba kaŋ Yesu mʋ Hɛrɔtɩ sɩya"
18,"But the whole crowd shouted, “Kill Jesus! Give us Barabbas!”","Ɛɛ rɛ nala hʋ buloŋ kyɩɩrɩ a baa, “Kpʋ Yesu aŋ lɩɩ Barabaasɩ tɩya ma.”"
3,"Pilate asked Jesus, “Are you the king of the Jews?” “Those are your words,” Jesus answered.","Ɛɛ rɛ Pilato pɩyɛsɩ ʋ a baa, “Ɩ rɛ yaa Gyuuma kuwori hʋ koo?” Yesu basɩ tɩya ʋ a baa, “Na ɛɛ rɛ ɩ basɩ gɛɛ.”"
7,"After Pilate learned that Jesus came from the region ruled by Herod, he sent him to Herod, who was in Jerusalem at that time.","Pilato aa ko gyɩma anɩɩ Galili paalʋʋ rɛ Yesu lɩɩ, ʋ leŋ ba kana ʋ mʋ Hɛrɔtɩ lee, beewɩya Hɛrɔtɩ rɛ gyɩ aa deŋ doŋ paalʋʋ. Saŋa no tɩyaŋ dɩ Hɛrɔtɩ gyɩ we Gyerusalɛm tɩyaŋ nɛ."
8,For a long time Herod had wanted to see Jesus and was very happy because he finally had this chance. He had heard many things about Jesus and hoped to see him work a miracle.,"Hɛrɔtɩ teŋ buloŋ gyɩ fɩyɛla rɛ weliŋ ʋ aa naa Yesu, beewɩya ʋ gyɩ nɩɩ ʋ wɩya rɛ faafaa buloŋ, a kɩ kyɛ dɩ ʋ na ʋ. Ʋ fa aa kyɛ dɩ Yesu yaa wɩmagɩl lɛ dɩ ʋ na."
9,"Herod asked him a lot of questions, but Jesus did not answer.","Ɛɛ rɛ Hɛrɔtɩ pɩyɛsɩ Yesu wɩya yʋga, amɛ ʋ gyɩ bɩ laa wɩɩ buloŋ basɩ."
10,Then the chief priests and the teachers of the Law of Moses stood up and accused him of all kinds of bad things.,"Gyuuma wɩɩkyʋwal sɩlaala nɩhɩyasɩ abee Wɩɩsɩ Teŋ dɩdagɩla hʋ sii tarɩsɩ mʋ Yesu tɩyaŋ, a daga wɩya yʋga ba aa bɩɩna anɩɩ ʋ yaa kyogi."
12,"That same day Herod and Pilate became friends, even though they had been enemies before this. The Death Sentence (Matthew",Hɛrɔtɩ bee Pilato fa bee na dɔmɔŋ sɩɩ. Haŋ kyɛɛ hʋ rɛ ba mɩɩgɩ bɩrɩmɩ kyaŋsɩ. Ba kpaa kyogisi tɩya Yesu aŋ baa dɩ ba kpʋ ʋ Matiwu
26,"As Jesus was being led away, some soldiers grabbed hold of a man named Simon who was from Cyrene. He was coming in from the fields, but they put the cross on him and made him carry it behind Jesus.","Ɛɛ rɛ laalyuwolo hʋ kaŋ Yesu lɩɩ dɩ ba kana ʋ mʋ kpaasɩ mal daagarɩɩ hʋ tɩyaŋ. Ba aa mʋʋ hʋ tɩyaŋ nɛ, ba kyeŋ baal kɩdɩgɩ aa lɩɩ Sariini ba kɩ yɩrɩ Siimɔŋ, dɩ ʋ lɩɩ baga a ko kɩ gyʋʋ Gyerusalɛm. Ɛɛ rɛ ba kana ʋ, a kpa daagarɩɩ hʋ tɩya ʋ ʋ baasɩ, a kɩ tɩŋ Yesu hal."
20,"Pilate wanted to set Jesus free, so he spoke again to the crowds.","Pilato fa aa kyɛ dɩ ʋ kpa Yesu ta rɛ, ɛɛ rɛ ʋ bɩl marɩ basɩ wɩya tɩya nɩgyamaa hʋ."
22,"Pilate spoke to them a third time, “But what crime has he done? I have not found him guilty of anything for which he should be put to death. I will have him beaten with a whip and set free.”","Ɛɛ rɛ Pilato bɩl basɩ tɩya ba a baa, “Bekiŋ wɩɩ rɛ baal no yaa kyogi? Ŋ kɛ bɩ naa wɩɩ hʋ ʋ aa yaa kyogi a maga dɩ ba kpʋ ʋ. Ɛɛwɩya, ŋ sɩ leŋ dɩ ba vɩɩrɩ ʋ, aŋka dɩ ŋ kpa ʋ ta.”"
25,"He freed the man who was in jail for rioting and murder, because he was the one the crowd wanted to be set free. Then Pilate handed Jesus over for them to do what they wanted with him. Jesus Is Nailed to a Cross (Matthew",Ɛɛ rɛ Pilato leŋ ba lɩɩ Barabaasɩ ta. Baal hʋ ba gyɩ aa kaŋ tɔ dɩya tɩyaŋ akuu taawɛɛ aa siye bee hʋ tɩyaŋ ba kpʋ nala wɩya. Aŋ kpa Yesu mɛ tɩya ba dɩ ba kaŋ mʋ yaa gɛɛ hʋ buloŋ ba aa sɩ yaa. Ba kpaasɩ Yesu mal daagarɩɩ tɩyaŋ Matiwu
31,"If this can happen when the wood is green, what do you think will happen when it is dry?","Dɩ daasɔnɔ rɛ ko kɩ di diŋ, aŋnɛ rɛ bɩl sɩ kɩ basɩ daahɩlɩya mɛ wɩya?”"
44,Around noon the sky turned dark and stayed that way until the middle of the afternoon.,"Wɩɩsɩ aa ko maga nyutʋtʋʋ saŋa gɛɛ, wɩɩsɩ pirigi nyʋgɩsɩ, ka lee buloŋ bɩl gɛɛ timm, a mʋ pele dɩdaana kerifi boto, ka lee bɩl na kyaanɩ."
32,Two criminals were led out to be put to death with Jesus.,"Ba gyɩ aa kaŋ Yesu kɩ mʋ dɩ ba kpʋ gɛɛ, wɩbɔŋyaala balɩya mɛ rɛ ba gyɩ kaŋ pɛ ʋ tɩyaŋ."
35,"Jesus said, “Father, forgive these people! They don't know what they're doing.” While the crowd stood there watching Jesus, the soldiers gambled for his clothes. The leaders insulted him by saying, “He saved others. Now he should save himself, if he really is God's chosen Messiah!”","Nala badɔmɔŋ mɛ gyɩ sɩŋ doŋ a kɩ deŋ, aŋka Gyuuma nɩhɩyasɩ kɩ yaa ʋ sɩya, a baa, “Na ʋ baa ʋ rɛ yaa Krisita hʋ, laataal hʋ Wɩɩsɩ aa lɩya, a laa nala kɩ ta, ma leŋ dɩ ʋ laa ʋ tɩɩ ta dɩ á na.”"
36,The soldiers made fun of Jesus and brought him some wine.,"Laalyuwolo hʋ mɛ kɩ yaa ʋ sɩya, a yaa sɩkyaakyaa mʋ we ʋ nyʋwa tɩyaŋ dɩ ʋ nyʋwa,"
37,"They said, “If you are the king of the Jews, save yourself!”","aŋ basɩ tɩya ʋ a baa, “Dɩ ɩ rɛ kɔnɩ yaa Gyuuma kuwori kɛ, laa ɩ tɩɩ ta dɩ á na.”"
40,"But the other criminal told the first one off, “Don't you fear God? Aren't you getting the same punishment as this man?","Ɛɛ rɛ ʋ dɔŋtɩɩna wɩbɔŋyaal hʋ nɔsɩ ʋ a baa, “Ɩ bee fá Wɩɩsɩ koo? Á beel-ʋ buloŋ we tʋwarɩdɩgɩ tɩyaŋ nɛ."
43,"Jesus replied, “I promise that today you will be with me in paradise.” The Death of Jesus (Matthew","Doŋ nɛ Yesu basɩ tɩya ʋ a baa, “Wɩtɩɩ rɛ ŋ basɩ kɩ tɩya ɩ, ŋ beel-ɩ sɩ we wɩɩsɩbee tɩyaŋ gyɩnaŋ.” Yesu sʋba Matiwu"
45,"The sun stopped shining, and the curtain in the temple split down the middle.",Patɩɩsa hʋ fa aa bori Wɩɩkyʋwaldɩɩbal hʋ kɩyɛsɩ balɩya.
48,"A crowd had gathered to see the terrible sight. Then after they had seen it, they felt brokenhearted and went home.","Nala hʋ buloŋ fa aa laŋŋa doŋ aa naa wɩɩ hʋ aa yaa, ba mɩɩgɩ mʋ dɩɩsɩ abee tɩkyogi."
49,All of Jesus' close friends and the women who had come with him from Galilee stood at a distance and watched. Jesus Is Buried (Matthew,"Nala hʋ buloŋ fa aa gyɩŋ Yesu abee haana hʋ buloŋ fa aa tɩŋ ʋ hal a lɩɩ Galili ko, ba sɩŋ libolii rɛ aŋ kɩ deŋ wɩya hʋ buloŋ aa yaa. Ba hogo Yesu Matiwu"
51,"There was a man named Joseph, who was from Arimathea in Judea. Joseph was a good and honest man, and he was eager for God's kingdom to come. He was also a member of the council, but he did not agree with what they had decided.","Gyuuma baal kɩdɩgɩ rɛ gyɩ we doŋ ba kɩ yɩrɩ Gyosɛfʋ, a lɩɩ Arimatiya aa we Gyudɩya paalʋʋ tɩyaŋ. Ʋ fa yaa nɩtɩɩ rɛ weliŋ, ka nala fa kɩ tɩya ʋ gyɩrɩma weliŋ. Ʋ fa aa gyegili Wɩɩsɩ koro hʋ koyi rɛ, a fa yaa nala hʋ aa laŋŋɩ kɩ vʋʋlɩ wɩya kɩdɩgɩ. Amɛ saŋa hʋ ba fa aa vʋʋlɩ Yesu kpʋyɩ wɩya, ʋ kɛ fa bɩ sɩŋ ba kɩŋ tɩyaŋ."
53,He took the body down from the cross and wrapped it in fine cloth. Then he put it in a tomb that had been cut out of solid rock and had never been used.,"Nyɛ rɛ ʋ mʋ lallɩ Yesu daagarɩɩ hʋ nyuu tɩyaŋ, a we ʋ liŋe, aŋ kpa ʋ mʋ hogo bʋbʋwa kɩdɩgɩ ba aa lurigo tɩyaŋ. Ba ha gyɩ bɩ maakyiye hogo nal buloŋ doŋ."
55,The women who had come with Jesus from Galilee followed Joseph and watched how Jesus' body was placed in the tomb.,Haana hʋ gyɩ aa tɩŋ Yesu hal a lɩɩ Galili paalʋʋ ko sii tɩŋ Gyosɛfʋ hal a mʋ dɩ ba na ɛɛ ba aa hogo Yesu bʋbʋwa hʋ tɩyaŋ.
10,"Mary Magdalene, Joanna, Mary the mother of James, and some other women were the ones who had gone to the tomb. When they returned, they told the eleven apostles and the others what had happened.","Haana hʋ gyɩ aa mʋʋ bil hʋ lee rɛ nyɛ: Mɛɛrɩ Magidalina, Gyuwana abee Gyemsi nɩɩna Mɛɛrɩ. Ba bee ba hadɔŋtɩŋsɩ hʋ gyɩ aa mʋʋ na wɩya hʋ rɛ gyɩ ko basɩ wɩya no tɩya Yesu kpambɩsɩ hʋ."
2,"When they found the stone rolled away from the entrance,",Ba mʋwa dɩ bʋyɩ hʋ ba fa aa kpaa tɔ bʋbʋwa hʋ nyʋwa suro.
3,"they went in. But they did not find the body of the Lord Jesus,","Ɛɛ rɛ ba mʋ gyʋʋ bʋbʋwa hʋ, amɛ ba bɩ naa á Tɩɩna Yesu teŋbii."
5,"The women were afraid and bowed to the ground. But the men said, “Why are you looking in the place of the dead for someone who is alive?","Nyɛ rɛ kambɩŋ kaŋ haana hʋ, ba kaŋ ba nyuni gʋra gʋra. Ɛɛ rɛ baala hʋ pɩyɛsɩ ba a baa, “Bee rɛ tɩŋ ma deŋ kɩ kyɛ nal hʋ aa weye nɩsʋʋnɩ tɩyaŋ?"
7,‘The Son of Man will be handed over to sinners who will nail him to a cross. But three days later he will rise to life.’ ”,"Ʋ gyɩ basɩ tɩya ma rɛ anɩɩ ba sɩ kpa ʋ Nihuwobiŋ Biye we wɩbɔŋyaala nosi tɩyaŋ dɩ ba kpaasɩ ʋ mal daagarɩɩ tɩyaŋ, dɩ ʋ sʋba, dɩ amɛ dɩ ʋ sɩ sii sʋʋ tɩyaŋ ʋ kyɛtoo kyɛɛ.”"
13,"That same day two of Jesus' disciples were going to the village of Emmaus, which was about eleven kilometers from Jerusalem.",Haŋ kyɛɛ hʋ tɩɩ rɛ Yesu hatɩnna balɩya sii kɩ mʋ tɔɔ kɩdɩgɩ ba aa yɩrɩ Imayosi. Imayosi bee Gyerusalɛm fa yaa anɩɩ meeldaasɩ bapɛ rɛ.
17,"Jesus asked them, “What were you talking about as you walked along?” The two of them stood there looking sad and gloomy.","Ɛɛ rɛ Yesu pɩyɛsɩ ba a baa, “Bekine wɩya rɛ ma vala kɩ basɩ gɛɛ?” Ɛɛ rɛ ba mɩɩgɩ sɩŋ, ba tɩsɩ buloŋ kyogi."
21,We had hoped that he would be the one to set Israel free! But it has already been three days since all this happened.,"Amɛ á fa aa yɩyɛlɩ anɩɩ ʋ rɛ yaa nal hʋ aa ko dɩ ʋ laa Iziral tɩmma ta. Ka ba aa kpʋ ʋ, ʋ kyɛyɛ boto rɛ yaa gyɩnaŋ."
24,Some men from our group went to the tomb and found it just as the women had said. But they didn't see Jesus either.,Ɛɛ rɛ á badɔmɔŋ mɛ sii mʋ bʋwa hʋ lee a na anɩɩ wɩɩ hʋ haana hʋ aa basa hʋ yaa wɩtɩɩ. Amɛ ba mɛ gyɩ bɩ naa Yesu.”
25,"Then Jesus asked the two disciples, “Why can't you understand? How can you be so slow to believe all that the prophets said?","Ɛɛ rɛ Yesu basɩ tɩya ba a baa, “Ma yaa bambugo rɛ kɩŋkaŋ, a bɩ wuwo dɩ ma laa wɩya hʋ Wɩɩsɩ tɩŋdaala aa basa mɛ di."
26,Didn't you know that the Messiah would have to suffer before he was given his glory?”,"Ma bɩ gyɩma anɩɩ ʋ maga dɩ Krisita hʋ, laataal hʋ Wɩɩsɩ aa lɩya, na tʋwara rɛ aŋ na di ʋ gaŋdaa-feŋ Wɩɩsɩ lee tɩyaŋ koo?”"
29,"They begged him, “Stay with us! It's already late, and the sun is going down.” So Jesus went into the house to stay with them.","Ɛɛ rɛ ba kana ʋ biŋ, aŋ baa dɩ lee bile rɛ, dɩ ʋ pɩŋ sɩya gballɩ. Ɛɛ rɛ ba beel-ʋ buloŋ kpa gyʋʋ dɩya."
30,"After Jesus sat down to eat, he took some bread. He blessed it and broke it. Then he gave it to them.","Ɛɛ tɩyaŋ nɛ ba hɔŋ dɩ ba di kɩna. Nyɛ rɛ Yesu kpa paanʋʋ, a kyʋwalɩ Wɩɩsɩ aŋgyʋwasʋ aŋ kaŋ lɔgɔ lɔgɔ tɩya ba."
32,"They said to each other, “When he talked with us along the road and explained the Scriptures to us, didn't it warm our hearts?”","Ɛɛ rɛ ba basɩ tɩya dɔmɔŋ a baa, “Saŋa hʋ ʋ fa aa basɩ wɩya kɩ tɩya ma aŋ daga Wɩɩsɩ teŋ wɩya hʋ memiye kɩ tɩya ma ŋmanɩɩ hʋ tɩyaŋ, á tenni fa fɩyɛla rɛ kɩŋkaŋ buloŋ.”"
33,So they got up and returned to Jerusalem. The two disciples found the eleven apostles and the others gathered together.,"Ɛɛ rɛ ba sii lagɩ lagɩ, a mɩɩgɩ mʋ Gyerusalɛm, a na Yesu kpambɩsɩ fi abee kɩdɩgɩ hʋ, abee nɩkaalɩya hʋ buloŋ fa aa tɩŋ Yesu hal dɩ ba laŋŋa lɩdɩgɩ."
34,And they learned from the group that the Lord was really alive and had appeared to Peter.,"Ɛɛ rɛ Yesu hatɩnna hʋ fi abee kɩdɩgɩ hʋ basɩ tɩya ba a baa, “Á Tɩɩna Yesu kɔnɩ sii sʋʋ tɩyaŋ nɛ, beewɩya, ʋ kaŋ ʋ tɩɩ ko daga Siimɔŋ nɛ!”"
35,Then the disciples from Emmaus told what happened on the road and how they knew he was the Lord when he broke the bread. What Jesus' Followers Must Do (Matthew,"Doŋ nɛ baala hʋ balɩya mɛ basɩ wɩɩ hʋ aa yaa ŋmanɩɩ hʋ tɩyaŋ, abee gɛɛ ba aa ko gyɩma anɩɩ á Tɩɩna Yesu rɛ. Ba basɩ tɩya ba rɛ anɩɩ saŋa hʋ ʋ aa kaŋ paanʋʋ lɔgɔ a tɩya ba hʋ tɩyaŋ nɛ ba gyɩma anɩɩ ʋ rɛ. Yesu kaŋ ʋ tɩɩ ko daga ʋ hatɩnna Matiwu"
37,They were frightened and terrified because they thought they were seeing a ghost.,"Ɛɛ rɛ kambɩŋ kaŋ ba, beewɩya ba kɛ fa bɩɩna anɩɩ nɩdʋma rɛ ba na gɛɛ."
39,Look at my hands and my feet and see who I am! Touch me and find out for yourselves. Ghosts don't have flesh and bones as you see I have.”,"Ma deŋ ŋ nosi bee ŋ naasɩ na, ma sɩ gyɩma anɩɩ ŋ tɩɩ rɛ. Ma dige ŋ na weliŋ, ma sɩ gyɩma anɩɩ ŋ tɩɩ rɛ kɔnɩ, beewɩya nɩdʋma bɩ kaŋ hogo bee naŋpʋna anɩɩ ma aa naa dɩ ŋ kana nyɛ.”"
40,"After Jesus said this, he showed them his hands and his feet.","Ʋ aa basɩ gɛɛ ko teŋ, ʋ kaŋ ʋ nosi abee ʋ naasɩ buloŋ a daga ba."
41,"The disciples were so glad and amazed that they could not believe it. Jesus then asked them, “Do you have something to eat?”","Wɩɩ no fa yaa ba wɩkperii rɛ, a bɩl yaa ba teŋfɩyɛlʋʋ mɛ kɩŋkaŋ. Amɛ ba ha fa bɩ laa ʋ di. Ɛɛ rɛ Yesu mɩɩgɩ pɩyɛsɩ ba a baa, “Ma kaŋ kɩdiiliye daha rɛ?”"
42,They gave him a piece of broiled fish.,"Ɛɛ rɛ ba kpa fuwonaŋ-kyabɩɩ, a tɩya ʋ."
43,He took it and ate it as they watched.,Ʋ laa kyaŋ ba sɩɩ tɩyaŋ.
46,"He told them: The Scriptures say that the Messiah must suffer, then three days later he will rise from death.","Aŋ bɩl basɩ tɩya ba a baa, “Nyɛ rɛ ba sabɩ biŋ: Ʋ maga dɩ Krisita hʋ, laataal hʋ Wɩɩsɩ aa lɩya na tʋwara rɛ, a sʋba aŋ sii sʋʋ tɩyaŋ ʋ kyɛtoo kyɛɛ.”"
47,"They also say that all people of every nation must be told in my name to turn to God, in order to be forgiven. So beginning in Jerusalem,","“Ba bɩl saba rɛ dɩ nala sɩ basɩ Wɩɩsɩ wɩya, nal hʋ Wɩɩsɩ aa lɩya feŋ tɩyaŋ, dʋnɩya logiŋ buloŋ tɩyaŋ. Ba sɩ piili Gyerusalɛm tɩyaŋ a basɩ tɩya nala dɩ ba bɩrɩmɩ lɩɩ ba wɩbɔmɔ tɩyaŋ dɩ Wɩɩsɩ kpa ba wɩbɔmɔ kyɛ ba."
48,you must tell everything that has happened.,Mamaa rɛ yaa wɩya no buloŋ aa yaa daŋsɩya diile.
51,"As he was doing this, he left and was taken up to heaven.","Saŋa hʋ ʋ gyɩ aa sʋla Wɩɩsɩ kɩ tɩya ba hʋ tɩyaŋ nɛ, ʋ leŋ ba ta, ka Wɩɩsɩ kpa ʋ kaŋ gyɩŋ Wɩɩsɩbee."
52,"After his disciples had worshiped him, they returned to Jerusalem and were very happy.",Nyɛ rɛ ba kyʋwalɩ ʋ doŋ aŋ mɩɩgɩ mʋ Gyerusalɛm abee teŋfɩyɛlʋʋ yʋga.
2,From the very beginning the Word was with God.,Haŋ saŋa hʋ buloŋ dɩ ʋ bee Wɩɩsɩ we doŋ nɛ.
4,"received its life from him, and his life gave light to everyone.","Wɩbii no rɛ aa tɩya mɩɩbol. Mɩɩbol no rɛ kaŋ pʋlʋŋ ko kɩ tɩya nala, a leŋ ba gyɩŋ Wɩɩsɩ wɩtɩɩ hʋ."
5,"The light keeps shining in the dark, and darkness has never put it out.","Pʋlʋŋ hʋ aa kyaanɩ bilhuu tɩyaŋ nɛ, amɛ bilhuu hʋ mɛ bɩ maakyiye wuwo tɔ pʋlʋŋ hʋ."
6,"God sent a man named John,",Ɛɛ rɛ Wɩɩsɩ tɩŋ ʋ tɩŋdaal kɩdɩgɩ ba kɩ yɩrɩ Gyɔɔŋ.
7,who came to tell about the light and to lead all people to have faith.,Ʋ ko a basɩ pʋlʋŋ hʋ wɩya tɩya dʋnɩya nala dɩ ba nɩɩ a laa di.
9,The true light that shines on everyone was coming into the world.,Nal hʋ aa yaa pʋlʋŋ hʋ tɩɩ sɩ ko tuu dʋnɩya a kyaanɩ we nal nal buloŋ tɩyaŋ dɩ ba na ʋ.
10,"The Word was in the world, but no one knew him, though God had made the world with his Word.","Nal no gyɩ we dʋnɩya tɩyaŋ. Abee Wɩɩsɩ gyɩ aa tɩŋ ʋ tɩyaŋ a marɩ dʋnɩya mɛ, ka dʋnɩya nala gyɩ bɩ gyɩma ʋ."
11,"He came into his own world, but his own nation did not welcome him.","Ʋ ko ʋ tɩɩ nala lee rɛ, ka ba bɩ laa ʋ we."
13,They were not God's children by nature or because of any human desires. God himself was the one who made them his children.,"Nala no bɩ yaa Wɩɩsɩ biisi anɩɩ haaŋ bee baal aa lʋl ba gɛɛ, ba kyɛrɩ tɩyaŋ. Amɛ Wɩɩsɩ tɩɩ rɛ lɩɩ ba, ba yaa ʋ balɩya."
14,"The Word became a human being and lived here with us. We saw his true glory, the glory of the only Son of the Father. From him the complete gifts of undeserved grace and truth have come down to us.","Ɛɛ rɛ wɩbii hʋ bɩrɩmɩ nihuwobiŋ a ko we á tɩyaŋ, á na ʋ gaŋdarɩ, a na ʋ bɔnyɛ abee ʋ kyori aa maga gɛɛ, a na ʋ wɩtɩɩ mɛ mɔgɩsɩ. Gaŋdaa-feŋ hʋ ʋ aa kana, ʋ Kuwo Wɩɩsɩ rɛ kpaa tɩya ʋ, a daga anɩɩ ʋ rɛ yaa ʋ Biidɩgɩ dʋŋ."
16,"Because of all that the Son is, we have been given one blessing after another.",Ʋ bɔnyɛ aa yʋga beel-ma rɛ tɩŋ ʋ kɩ kyiyeli á buloŋ kyɛɛ bee ʋ nyʋwa buloŋ.
20,"The religious authorities in Jerusalem sent priests and temple helpers to ask John who he was. He told them plainly, “I am not the Messiah.”","Gyɔɔŋ gyɩ bɩ yaa nɩɩ we ʋ nyʋwa tɩyaŋ, ʋ gyɩ basɩ wɩtɩɩ tɩya ba rɛ anɩɩ ʋ daa yaa Krisita hʋ, laataal hʋ Wɩɩsɩ aa lɩya."
21,"Then when they asked him if he were Elijah, he said, “No, I am not!” And when they asked if he were the Prophet, he also said “No!”","Ɛɛ rɛ ba bɩl pɩyɛsɩ ʋ a baa, “Aŋnɛ rɛ yaŋ yaa ɩ? Ɩ rɛ yaa Ɛlaagya koo?” Ʋ baa dɩ ʋ daa. Ɛɛ rɛ ba bɩl pɩyɛsɩ ʋ a baa, “Ɩ rɛ yaa Wɩɩsɩ tɩŋdaal hʋ á aa gyegili hʋ?” Ʋ bɩl baa dɩ ʋ daa."
22,"Finally, they said, “Who are you then? We have to give an answer to the ones who sent us. Tell us who you are!”","Ɛɛ rɛ ba basɩ tɩya ʋ a baa, “Ɛɛ kɛ, yaŋ daga ma nal hʋ ɩ aa yaa? Beewɩya, ʋ maga dɩ ɩ daga nal hʋ ɩ aa yaa tɩya ma rɛ, dɩ á mʋ basɩ tɩya nala hʋ aa tɩŋ ma. Aŋnɛ yaŋ paalɩ yaa ɩ?”"
23,"John answered in the words of the prophet Isaiah, “I am only someone shouting in the desert, ‘Get the road ready for the Lord!’ ”","Ɛɛ rɛ Gyɔɔŋ basɩ wɩya hʋ Wɩɩsɩ tɩŋdaal Azaaya aa saba a baa, “Mɩyaŋ nɛ yaa taal hʋ aa we pogo tɩyaŋ a heeli kɩ basɩ a baa, ‘Ma marɩ ŋmaŋ-deginii biŋ dɩ á Tɩɩna ko tɩŋa.”’"
26,"John told them, “I use water to baptize people. But here with you is someone you don't know.","Ɛɛ rɛ Gyɔɔŋ baa, “Nɩɩ dʋŋ nɛ ŋ kɛ kaŋ kɩ fo nala wɩɩkyʋwalnɩɩ, amɛ nal kɩdɩgɩ rɛ we ma tɩyaŋ daha, ka ma bɩ gyɩma ʋ."
27,"Even though I came first, I am not good enough to untie his sandals.”",Ʋ rɛ sɩ tɩŋa ŋ hal ko. Ŋ paalɩ bɩ maga dɩ ŋ kaŋ ʋ naatɔbɔ ŋmasɩ mɛ kaŋ puri.”
28,John said this as he was baptizing east of the Jordan River in Bethany. The Lamb of God,"Wɩya no buloŋ gyɩ yaa Bɛɛtani tɩyaŋ nɛ, Gyɔɔdaŋ fuwo hʋ kyolo, lee hʋ Gyɔɔŋ gyɩ aa fo nala wɩɩkyʋwalnɩɩ hʋ. Nal hʋ aa laa dʋnɩya nala kɩ ta ba wɩbɔmɔ tɩyaŋ"
29,"The next day, John saw Jesus coming toward him and said: Here is the Lamb of God who takes away the sin of the world!","Ʋ sɩgballɩya, Gyɔɔŋ naa Yesu dɩ ʋ aa ko ʋ lee. Ɛɛ rɛ ʋ baa, “Ma deŋ na, Wɩɩsɩ Pebiye hʋ rɛ nyɛ. Ʋ rɛ laa dʋnɩya nala kɩ ta ba wɩbɔmɔ tɩyaŋ."
30,"He is the one I told you about when I said, “Someone else will come, who is greater than I am, because he was alive before I was born.”","Baal no wɩya rɛ ŋ gyɩ basɩ tɩya ma a baa, ‘Nal hʋ aa sɩ tɩŋa ŋ hal ko, ʋ rɛ tee ŋ beewɩya ʋ we doŋ nɛ faafaa buloŋ ka ba na lʋla ŋ."
31,"I didn't know who he was. But I came to baptize you with water, so that everyone in Israel would see him.","Ŋ tɩɩ fa paalɩ bɩ gyɩŋ nal hʋ buloŋ ʋ aa yaa. Amɛ ŋ kɛ ta ko rɛ a kpa nɩɩ dʋŋ kɩ fo nala wɩɩkyʋwalnɩɩ, dɩ Iziral tɩmma ko gyɩŋ nal hʋ iriŋ ʋ aa yaa.”’"
32,I was there and saw the Spirit come down on him like a dove from heaven. And the Spirit stayed on him.,"Gyɔɔŋ tɩɩ wɩya hʋ ʋ aa basa tɩya nala rɛ nyɛ: Ʋ baa, “Ŋ naa Wɩɩsɩ Wiyesi Welii hʋ rɛ dɩ ʋ lɩɩ wɩɩsɩnyuu anɩɩ kokomo, a ko tuu saga ʋ tɩyaŋ."
33,"Before this I didn't know who he was. But the one who sent me to baptize with water had told me, “You will see the Spirit come down and stay on someone. Then you will know that he is the one who will baptize with the Holy Spirit.”","Ŋ mɛ tɩɩ ha fa bɩ gyɩma ʋ. Amɛ Wɩɩsɩ aa tɩma ŋ dɩ ŋ fo nala wɩɩkyʋwalnɩɩ abee nɩɩ dʋŋ, ʋ rɛ basɩ tɩya ŋ a baa, ‘Ɩ sɩ na Wɩɩsɩ Wiyesi Welii hʋ dɩ ʋ ko tuu a we nal tɩyaŋ. Nal no tɩɩna rɛ sɩ kpa Wɩɩsɩ Wiyesi Welii hʋ a fo nala wɩɩkyʋwalnɩɩ!’"
34,"I saw this happen, and I tell you that he is the Son of God. The First Disciples of Jesus","Ɛɛ rɛ Gyɔɔŋ bɩl baa, ‘Ŋ kɔnɩ naa wɩya no yayɩ rɛ, a yaŋ basɩ kɩ tɩya ma anɩɩ ʋ rɛ yaa Krisita hʋ, laataal hʋ Wɩɩsɩ aa lɩya.”’ Yesu buŋbuŋ hatɩnna ʋ aa lɩya"
35,"The next day, John was there again, and two of his followers were with him.","Ʋ sɩgballɩya, Gyɔɔŋ bee ʋ hatɩnna balɩya bɩl sɩŋ doŋ."
36,"When he saw Jesus walking by, he said, “Here is the Lamb of God!”","Gyɔɔŋ aa naa Yesu dɩ ʋ aa baŋ, ɛɛ rɛ ʋ baa, “Ma na, Wɩɩsɩ Pebiye hʋ rɛ nyɛ.”"
37,"John's two followers heard him, and they went with Jesus.","Ʋ hatɩnna hʋ balɩya aa nɩɩ ʋ aa basɩ wɩɩ no, ba sii tɩŋ Yesu hal mʋ."
38,"When Jesus turned and saw them, he asked, “What do you want?” They answered, “Rabbi, where do you live?” The Hebrew word “Rabbi” means “Teacher.”","Yesu mɩɩgɩ galdaasɩ, dɩ ʋ naa ba aa tɩŋa ʋ hal. Ɛɛ rɛ ʋ pɩyɛsɩ ba a baa, “Bekiŋ nɛ ma kɩ kyɛ?” Ɛɛ rɛ ba mɛ pɩyɛsɩ ʋ a baa, “Nɩhɩyawʋ, lee rɛ ɩ kɩ gyʋʋ?”"
39,"Jesus replied, “Come and see!” It was already about four o'clock in the afternoon when they went with him and saw where he lived. So they stayed on for the rest of the day.","Ɛɛ rɛ Yesu basɩ tɩya ba a baa, “Ma ko na.” Ɛɛ rɛ ba tɩŋa ʋ hal mʋ a na lee hʋ ʋ aa gyʋʋ. Saŋa no, dɩ ʋ gyɩ yaa dɩdaana rɛ. Ɛɛ rɛ ba we ʋ lee sɩya gballɩ."
40,"One of the two men who had heard John and had gone with Jesus was Andrew, the brother of Simon Peter.","Nala no balɩya kɩdɩgɩ feŋ nɛ Aŋduru, a fa yaa Siimɔŋ Piita nɩɩnabiye."
41,"The first thing Andrew did was to find his brother and tell him, “We have found the Messiah!” The Hebrew word “Messiah” means the same as the Greek word “Christ.”","Ɛɛ rɛ Aŋduru mɛ kyɛ ʋ maana Siimɔŋ lee haŋ lagɩlagɩbiye hʋ, a basɩ tɩya ʋ a baa, “Á naa Krisita, laataal hʋ Wɩɩsɩ aa lɩya hʋ rɛ.”"
42,"Andrew brought his brother to Jesus. And when Jesus saw him, he said, “Simon son of John, you will be called Cephas.” This name can be translated as “Peter.” Jesus Chooses Philip and Nathanael","Ʋ kaŋ Siimɔŋ ko Yesu lee. Nyɛ rɛ Yesu deŋ ʋ, aŋ basɩ tɩya ʋ a baa, “Ɩ Gyɔɔŋ biibaal Siimɔŋ, ba sɩ kana ɩ kɩ yɩrɩ Siifaasi.” Siifaasi bee Piita yaa feŋdɩgɩ rɛ. Ʋ memii rɛ yaa bʋtaal. Yesu yɩrɩ Fɩlɩpɩ abee Nataniyɛl"
45,"Philip then found Nathanael and said, “We have found the one that Moses and the Prophets wrote about. He is Jesus, the son of Joseph from Nazareth.”","Ɛɛ rɛ Fɩlɩpɩ na Nataniyɛl a basɩ tɩya ʋ a baa, “Á naa nal hʋ wɩya Moosi fa aa saba biŋ Wɩɩsɩ mɩrɩsɩ hʋ tɩyaŋ, ka Wɩɩsɩ tɩŋdaala hʋ mɛ fa basɩ ʋ wɩya hʋ rɛ. Ʋ rɛ yaa Gyosɛfʋ biibaal Yesu aa lɩɩ Nazarɛti.”"
46,"Nathanael asked, “Can anything good come from Nazareth?” Philip answered, “Come and see.”","Ɛɛ rɛ Nataniyɛl pɩyɛsɩ ʋ a baa, “Ɩ ha maakyiye na wɩwelii lɩɩ Nazarɛti?” Ɛɛ rɛ Fɩlɩpɩ basɩ tɩya ʋ a baa, “Ko na.”"
47,"When Jesus saw Nathanael coming toward him, he said, “Here is a true descendant of our ancestor Israel. And he isn't deceitful.”","Yesu aa naa Nataniyɛl dɩ ʋ aa ko ʋ lee, ʋ basɩ ʋ wɩya a baa, “Nal no yaa Iziral tɩɩna tɩɩtɩɩ rɛ. Ʋ kaŋ wɩtɩɩ rɛ weliŋ.”"
48,"“How do you know me?” Nathanael asked. Jesus answered, “Before Philip called you, I saw you under the fig tree.”","Ɛɛ rɛ Nataniyɛl pɩyɛsɩ ʋ a baa, “Ɛɛ rɛ ɩ yaa gyɩma ŋ?” Ɛɛ rɛ Yesu basɩ tɩya ʋ a baa, “Ŋ naa ɩ rɛ dɩ ɩ ha hɔŋ tutogo hʋ memii, ka Fɩlɩpɩ na yɩrɩ ɩ.”"
49,"Nathanael said, “Rabbi, you are the Son of God and the King of Israel!”","Ɛɛ rɛ Nataniyɛl basɩ tɩya ʋ a baa, “Nɩhɩyawʋ, ɩ rɛ yaa Wɩɩsɩ Biye hʋ. Ɩ rɛ yaa Iziral tɩmma kuwori hʋ.”"
50,"Jesus answered, “Did you believe me just because I said that I saw you under the fig tree? You will see something even greater.","Ɛɛ rɛ Yesu pɩyɛsɩ ʋ a baa, “Ŋ aa baa dɩ ŋ naa ɩ dɩ ɩ hɔŋ tutogo hʋ memii rɛ tɩŋ, ɩ laa ŋ wɩya di nyɛ koo? Ɩ sɩ na wɩkperiye a te nyɛ.”"
51,I tell you for certain you will see heaven open and God's angels going up and coming down on the Son of Man.”,"Ɛɛ rɛ Yesu basɩ tɩya ba a baa, “Wɩtɩɩ rɛ ŋ basɩ kɩ tɩya ma, ma sɩ na wɩɩsɩnyuu dɩ ʋ suro, dɩ malɩkasɩ lɩɩ doŋ a ko tuu mɩyaŋ Nihuwobiŋ Biye lee, aŋ mɩɩgɩ kɩ gyɩŋ.”"
1,"Three days later Mary, the mother of Jesus, was at a wedding feast in the village of Cana in Galilee.","Ʋ kyɛtoo kyɛɛ, dɩ ba gyɩ aa gbɩyalɩ hafalɩɩ gbɩyala Galili paalʋʋ tɔɔ kɩdɩgɩ ba aa yɩrɩ Keena tɩyaŋ. Yesu nɩɩna gyɩ we doŋ nɛ."
2,Jesus and his disciples had also been invited and were there.,"Ba gyɩ yɩrɩ Yesu bee ʋ hatɩnna hʋ mɛ rɛ, ba mɛ mʋ hafalɩɩ gbɩyala hʋ."
3,"When the wine was all gone, Mary said to Jesus, “They don't have any more wine.”","Ba ha fa we gbɩyala hʋ tɩyaŋ nɛ ka ba sɩŋ hʋ buloŋ teŋ. Ɛɛ rɛ Yesu nɩɩna basɩ tɩya ʋ a baa, “Nala hʋ sɩŋ hʋ tene rɛ”."
4,"Jesus replied, “Mother, my time hasn't yet come! You must not tell me what to do.”","Ɛɛ rɛ Yesu basɩ tɩya ʋ a baa, “Ta leŋ dɩ wɩɩ no lɔl ma. Beewɩya, saŋa hʋ ha bɩ pele dɩ ŋ yaa wɩɩ buloŋ.”"
5,"Mary then said to the servants, “Do whatever Jesus tells you to do.”","Doŋ nɛ Yesu nɩɩna mɩɩgɩ basɩ tɩya dɩya hʋ tʋŋtʋnna a baa, “Ma yaa wɩɩ hʋ buloŋ ʋ aa sɩ baa dɩ ma yaa.”"
6,At the feast there were six stone water jars that were used by the people for washing themselves in the way that their religion said they must. Each jar held about,"Gyuuma fa aa kɩ sɔŋ nɩɩ rɛ anɩɩ ba wɩɩkyʋwal lesiri aa daga gɛɛ. Ɛɛwɩya, viigyenni badʋ ba aa kaŋ bʋwa marɩ rɛ fa sɩŋ doŋ abee nɩɩ. Viini no kɩdɩgɩ buloŋ sɩ kɩ gyʋʋ anɩɩ nɩɩ-galaŋ mɔlɩya koo galaŋ mɔlɩya bee fi."
7,"Jesus told the servants to fill them to the top with water. Then after the jars had been filled,","Ɛɛ rɛ Yesu basɩ tɩya dɩya tʋŋtʋnna hʋ a baa, “Ma yaa nɩɩ su viini hʋ.” Nyɛ rɛ ba yaa nɩɩ su viini hʋ buloŋ pɩlpɩl."
8,"he said, “Now take some water and give it to the man in charge of the feast.” The servants did as Jesus told them,","Ɛɛ rɛ Yesu bɩl basɩ tɩya ba a baa, “Ma yaa nɩɩ hʋ vii hʋ tɩyaŋ a kaŋ mʋ tɩya nal hʋ aa deŋ gbɩyala hʋ. Ɛɛ rɛ ba yaa mʋ tɩya ʋ.”"
9,"and the man in charge drank some of the water that had now turned into wine. He did not know where the wine had come from, but the servants did. He called the bridegroom over","Ʋ laa nɩɩ hʋ nyʋwa a na dɩ ʋ bɩrɩmɩ sɩŋ. Ʋ kɛ fa bɩ gyɩŋ lee hʋ ba aa naa sɩŋ hʋ. Amɛ dɩya hʋ tʋŋtʋnna hʋ kɛ fa gyɩma rɛ. Ɛɛ rɛ ʋ yɩrɩ hafalɩɩ hʋ bala,"
10,"and said, “The best wine is always served first. Then after the guests have had plenty, the other wine is served. But you have kept the best until last!”","a basɩ tɩya ʋ a baa, “Gbɩyala buloŋ tɩyaŋ, ba aa laasɩya kaŋ sɩwelii rɛ ko lɩɩ ba nyʋwa. Dɩ nal buloŋ yaŋ ko nyʋwa vɔgɔ, ɩ yaŋ na kaŋ sɩŋ hʋ aa bɩ sʋma, a tɩŋ hal ko. Ka ɩ kɛ mɩɩgɩ kpa sɩwelii hʋ biŋ hal, a ko pele saŋa no buloŋ.”"
21,But Jesus was talking about his body as a temple.,"Amɛ Yesu aa basɩ Wɩɩkyʋwaldɩya hʋ wɩya gɛɛ, ʋ tɩɩ teŋbii rɛ ʋ kɩ daga gɛɛ."
13,"Not long before the Jewish festival of Passover, Jesus went to Jerusalem.",Ʋ gyɩ ko ka mʋhʋ rɛ ka dɩ Gyuuma Dɩɩsɩ-parɩ-banɩɩ Kyɛbal hʋ pele. Ɛɛ rɛ Yesu sii mʋ Gyerusalɛm.
15,"So he took some rope and made a whip. Then he chased everyone out of the temple, together with their sheep and cattle. He turned over the tables of the moneychangers and scattered their coins.","Ɛɛ rɛ Yesu kaŋ ŋmasɩ mɩna a marɩ kyapɩya, a kile piyese hʋ bee nʋsɩ hʋ buloŋ ta, ba lɩɩ Wɩɩkyʋwaldɩɩbal hʋ gyaŋwuwo tɩyaŋ, aŋ kaŋ nala hʋ aa lenni molbiye teebʋlsɩ mɛ bɩrɩmɩ kyige kyige, ba molbinʋʋ hʋ buloŋ gyaasɩ taŋha."
17,"The disciples then remembered that the Scriptures say, “My love for your house burns in me like a fire.”","Ɛɛ rɛ ʋ hatɩnna liisi wɩɩ hʋ ba aa saba Wɩɩsɩ teŋ tɩyaŋ a baa, “Wɩɩsɩ, ɛɛ hʋ ɩ dɩya no wɩya aa kyɩla ŋ sɩ bori ŋ bembii.”"
19,"“Destroy this temple,” Jesus answered, “and in three days I will build it again!”","Ɛɛ rɛ Yesu basɩ tɩya ba a baa, “Dɩ mamaa rɛ ŋmaa Wɩɩkyʋwaldɩya no lo, ŋ sɩ wuwo kpa kyɛyɛ boto a bɩl saa ʋ”."
14,"There he found people selling cattle, sheep, and doves in the temple. He also saw moneychangers sitting at their tables.","Doŋ nɛ ʋ mʋ gyʋʋ Wɩɩkyʋwaldɩɩbal hʋ gyaŋwuwo, a na dɩ nala aa yallɩ nʋsɩ, abee piyese abee kokosi, ka badɔmɔŋ mɛ hɔŋ teebʋlsɩ hal a kɩ lenni molbinʋʋ."
16,"Jesus said to the people who had been selling doves, “Get those doves out of here! Don't make my Father's house a marketplace.”","Ɛɛ rɛ ka ʋ nɔsɩ basɩ tɩya nala hʋ mɛ aa yallɩ kokosi hʋ a baa, “Ma kasɩ ma kokosi hʋ lɩɩ daha. Ma ta kaŋ ŋ kuwo dɩya bɩrɩmɩ yɔbɔ.”"
22,"And when he was raised from death, his disciples remembered what he had told them. Then they believed the Scriptures and the words of Jesus. Jesus Knows What People Are Like",Saŋa hʋ ʋ aa ko sii sʋʋ tɩyaŋ nɛ ʋ hatɩnna hʋ liisi mʋ parɩ anɩɩ ʋ gyɩ basɩ wɩɩ no rɛ. Ɛɛ rɛ ba marɩ laa wɩya hʋ ba aa saba we Wɩɩsɩ teŋ tɩyaŋ abee wɩya hʋ Yesu aa basa a di. Yesu gyɩŋ nihuwobiŋ tɩya rɛ
23,"In Jerusalem during Passover many people put their faith in Jesus, because they saw him work miracles.","Yesu ha fa aa we Gyerusalɛm tɩyaŋ, Dɩɩsɩ-parɩ-banɩɩ Kyɛbal hʋ saŋa, nɩgyamaa gyɩ laa ʋ wɩya di rɛ, akuu ba aa naa wɩmagɩla hʋ ʋ aa yaa wɩya."
24,"But Jesus knew what was in their hearts, and he would not let them have power over him.","Amɛ Yesu ka gyɩ bɩ laa ba wɩya di, beewɩya ʋ gyɩŋ nihuwobiŋ buloŋ tɩya aa kɩɩ gɛɛ rɛ."
25,No one had to tell him what people were like. He already knew.,"Ʋ bɩ maga dɩ nal buloŋ bɩl basɩ nihuwobisi wɩya tɩya ʋ, beewɩya ʋ kɛ gyɩŋ nihuwobisi tɩsɩ wɩkanɩya buloŋ nɛ."
1,There was a man named Nicodemus who was a Pharisee and a Jewish leader.,"Gyuuma nɩhɩyawʋ kɩdɩgɩ rɛ gyɩ we doŋ ba kɩ yɩrɩ Nikodemu, a fa yaa Farasiima wɩɩkyʋwal noŋ nal."
2,"One night he went to Jesus and said, “Rabbi, we know that God has sent you to teach us. You could not work these miracles, unless God were with you.”","Tebine kɩdɩgɩ, ʋ sii ko Yesu lee a baa, “Dɩdagɩl, á gyɩma anɩɩ ɩ yaa nal Wɩɩsɩ aa tɩma dɩ ɩ ko kɩ daga nala rɛ. Nal buloŋ bɩ sɩ wuwo yaa wɩmagɩla hʋ ɩ aa yaa, dɩ Wɩɩsɩ bɩ pɛɛ tɩɩna tɩyaŋ.”"
3,"Jesus replied, “I tell you for certain that you must be born from above before you can see God's kingdom!”","Ɛɛ rɛ Yesu basɩ tɩya ʋ a baa, “Wɩtɩɩ rɛ ŋ basɩ kɩ tɩya ɩ, nal buloŋ bɩ sɩ wuwo gyʋʋ Wɩɩsɩ koro hʋ tɩyaŋ, see dɩ ba bɩl mɩɩgɩ lʋl tɩɩna.”"
5,"Jesus answered: I tell you for certain that before you can get into God's kingdom, you must be born not only by water, but by the Spirit.","Ɛɛ rɛ Yesu baa, “Wɩtɩɩ rɛ ŋ basɩ kɩ tɩya ɩ, nal buloŋ bɩ sɩ wuwo gyʋʋ Wɩɩsɩbee koro hʋ tɩyaŋ, see dɩ ba fo ʋ tɩɩna wɩɩkyʋwalnɩɩ, ka dɩ Wɩɩsɩ kpa ʋ Wiyesi Welii hʋ we tɩɩna tɩyaŋ."
6,Humans give life to their children. Yet only God's Spirit can change you into a child of God.,"Nihuwobiŋ aa lʋl nihuwobiŋ ʋ kaŋ mɩɩbol lɛ taŋha no tɩyaŋ. Aŋka Wɩɩsɩ mɛ rɛ aa kpa ʋ Wiyesi Welii hʋ a we ʋ tɩɩna tɩyaŋ, ʋ kaŋ mɩɩbol Wɩɩsɩ lee."
7,Don't be surprised when I say that you must be born from above.,Ta leŋ dɩ ʋ yaa ɩ wɩkperii abee ŋ aa basɩ tɩya ɩ anɩɩ ʋ maga dɩ ba bɩl mɩɩgɩ lʋl nal buloŋ nɛ.
8,"Only God's Spirit gives new life. The Spirit is like the wind that blows wherever it wants to. You can hear the wind, but you don't know where it comes from or where it is going.","Puwo aa dɔŋ kɩ mʋ lee hʋ buloŋ ʋ aa kyo rɛ. Ɩ kɩ nɩɩ ʋ dɔmɔ, amɛ ɩ bɩ sɩ gyɩŋ lee hʋ ʋ aa lɩɩ kɩ ko, a bɩ gyɩŋ lee hʋ mɛ ʋ aa mʋʋ. Nyɛ rɛ yaŋ nal buloŋ Wɩɩsɩ aa kpa ʋ Wiyesi Welii hʋ we ʋ tɩyaŋ ʋ kaŋ mɩɩbofalɩɩ mɛ kɩɩ.”"
10,Jesus replied: How can you be a teacher of Israel and not know these things?,"Ɛɛ rɛ Yesu basɩ tɩya ʋ a baa, “Ɩ sɩ yaa kerikyibal Iziral paalʋʋ tɩyaŋ, aŋ bɩ gyɩŋ wɩɩ no memii?"
11,I tell you for certain we know what we are talking about because we have seen it ourselves. But none of you will accept what we say.,"Wɩtɩɩ rɛ ŋ basɩ kɩ tɩya ɩ, wɩɩ hʋ á aa gyɩma rɛ á kɩ basɩ, a kɩ di wɩɩ hʋ mɛ á aa naa daŋsɩya. Amɛ ma kɩdɩgɩ buloŋ bee kyɛ dɩ ʋ laa wɩɩ hʋ á aa basɩ di."
12,"If you don't believe when I talk to you about things on earth, how can you possibly believe if I talk to you about things in heaven?","Ŋ basɩ dʋnɩya wɩya rɛ kɩ tɩya ma, ka ma bɩ laa di. Dɩ mɩyaŋ nɛ yaŋ basɩ wɩɩsɩbee wɩya tɩya ma, ɛɛ rɛ ma sɩ yaa laa di?"
13,"No one has gone up to heaven except the Son of Man, who came down from there.","Nal buloŋ ha bɩ maakyiye mʋ wɩɩsɩbee, see mɩyaŋ Nihuwobiŋ Biye aa lɩɩ doŋ ko tuu dʋŋ."
15,Then everyone who has faith in the Son of Man will have eternal life.,"Nal hʋ buloŋ mɛ aa laa ŋ wɩya di, ʋ tɩɩna sɩ kaŋ mɩɩbol hʋ aa bɩ kaŋ tenii."
16,"God loved the people of this world so much that he gave his only Son, so that everyone who has faith in him will have eternal life and never really die.","Wɩɩsɩ kyo dʋnɩya nala rɛ a mʋ parɩ, ɛɛ rɛ tɩŋ ʋ kpa ʋ Biidɩgɩ hʋ ʋ aa kana a tɩya ma, dɩ nal hʋ buloŋ aa laa ʋ wɩya di, ʋ tɩɩna bɩ sɩ nyʋgɩsɩ, amɛ ʋ sɩ kaŋ mɩɩbol hʋ aa bɩ kaŋ tenii."
17,God did not send his Son into the world to condemn its people. He sent him to save them!,"Beewɩya Wɩɩsɩ bɩ taa ʋ Biye dɩ ʋ ko tuu di dʋnɩya nala sarɩya a kpa kyogisi tɩya ba, amɛ ʋ taa ʋ rɛ dɩ ʋ ko tuu laa dʋnɩya nala ta."
18,No one who has faith in God's Son will be condemned. But everyone who doesn't have faith in him has already been condemned for not having faith in God's only Son.,"Nal kɛ buloŋ aa laa Yesu wɩya di, Wɩɩsɩ bɩ sɩ di ʋ tɩɩna sarɩya a kpa kyogisi tɩya ʋ, amɛ nal hʋ buloŋ aa bɩ laa ʋ wɩya di, Wɩɩsɩ teŋ dii ʋ tɩɩna sarɩya rɛ a kpa kyogisi tɩya ʋ, beewɩya ʋ tɩɩna bɩ laa Wɩɩsɩ Biidɩgɩ hʋ wɩya di."
19,"The light has come into the world, and people who do evil things are judged guilty because they love the dark more than the light.","Wɩɩ hʋ aa tɩŋ Wɩɩsɩ di dʋnɩya nala sarɩya a kpa kyogisi tɩya ba rɛ nyɛ: Ʋ taa pʋlʋŋ hʋ aa dagɩ ʋ wɩtɩɩ rɛ ʋ ko tuu dʋnɩya, amɛ dʋnɩya nala kyo bilhuu rɛ a te pʋlʋŋ, beewɩya ba wɩyaalɩya lɔrɔ rɛ kɩŋkaŋ."
20,"People who do evil hate the light and won't come to the light, because it clearly shows what they have done.","Nal hʋ buloŋ aa yaa wɩbɔmɔ, ʋ bɩ kyo pʋlʋŋ, ʋ bee lɩɩ pʋlʋŋ tɩyaŋ, beewɩya ʋ bee kyɛ dɩ ʋ wɩbɔmɔ hʋ lɩɩ pʋlʋŋ."
21,"But everyone who lives by the truth will come to the light, because they want others to know that God is really the one doing what they do. Jesus and John the Baptist","Amɛ nal hʋ buloŋ aa yaa wɩweliye, ʋ tɩɩna aa kyo pʋlʋŋ nɛ, a kɩ lɩɩ pʋlʋŋ tɩyaŋ mɛ, dɩ nala na anɩɩ Wɩɩsɩ nyʋwa rɛ ʋ tɩŋa, a kɩ yaa wɩya hʋ ʋ aa yaa.” Gyɔɔŋ basɩ Yesu wɩya"
22,"Later, Jesus and his disciples went to Judea, where he stayed with them for a while and was baptizing people.","Ɛɛ hal tɩyaŋ nɛ Yesu bee ʋ hatɩnna hʋ lɩɩ Gyerusalɛm, a kpa mʋ Gyudɩya paalʋʋ. Ba yaa kyɛyɛ baŋmana rɛ doŋ tɩyaŋ, aŋ fo nala wɩɩkyʋwalnɩɩ."
25,John's followers got into an argument with a Jewish man about a ceremony of washing.,Ɛɛ rɛ Gyɔɔŋ hatɩnna badɔmɔŋ abee Gyuuma kɩdɩgɩ sii kaŋ ba lesiri nɩɩ sɔmɩɩ wɩya kɩ kpa dɔmɔŋ.
26,"They went to John and said, “Rabbi, you spoke about a man when you were with him east of the Jordan. He is now baptizing people, and everyone is going to him.”","Ɛɛ rɛ ba mʋ pɩyɛsɩ Gyɔɔŋ a baa, “Á nɩhɩyawʋ, ɩ liisi ɩ bee baal hʋ gyɩ aa we Gyɔɔdaŋ fuwo hʋ kyolo wɩya ɩ gyɩ aa basɩ hʋ rɛ? Lagɩlagɩ no, ʋ mɛ aa fo nala wɩɩkyʋwalnɩɩ rɛ, nal nal buloŋ kɩ mʋ ʋ lee.”"
27,John replied: No one can do anything unless God in heaven allows it.,"Ɛɛ rɛ Gyɔɔŋ baa, “Nal buloŋ bɩ sɩ wuwo yaa nyɛ dɩ Wɩɩsɩ daa tɩya ʋ tɩɩna ŋmanɩɩ.”"
28,You surely remember how I told you that I am not the Messiah. I am only the one sent ahead of him.,"Ma tɩɩ yaa ŋ daŋsɩya rɛ, ka ŋ basɩ anɩɩ ŋ daa yaa Krisita hʋ, laataal hʋ Wɩɩsɩ aa lɩya, amɛ Wɩɩsɩ ta tɩma ŋ nɛ, dɩ ŋ laa sɩya ko ʋ tɩyaŋ."
29,At a wedding the groom is the one who gets married. The best man is glad just to be there and to hear the groom's voice. That's why I am so glad.,"Hafalɩɩ bala rɛ tɩŋ haaŋ, amɛ dɩ hafalɩɩ hʋ bala kyana rɛ ko sɩŋ doŋ a kɩ gyegili wɩya hʋ ba aa basɩ, ʋ teŋ aa fɩyɛlɩ rɛ dɩ ʋ rɛ nɩɩ hafalɩɩ hʋ bala taal. Ɛɛ tɩɩ rɛ ŋ teŋ mɛ fɩyɛlɩ weliŋ Yesu wɩya."
30,"Jesus must become more important, while I become less important. The One Who Comes from Heaven","Ʋ rɛ maga dɩ ʋ yaa nɩbal, ka dɩ ŋ yaa nɩbiye."
31,God's Son comes from heaven and is above all others. Everyone who comes from the earth belongs to the earth and speaks about earthly things. The one who comes from heaven is above all others.,"Nal hʋ aa lɩɩ wɩɩsɩbee ko, ʋ rɛ tee nal buloŋ. Nal hʋ aa lɩɩ dʋnɩya no tɩyaŋ, ʋ tɩɩna yaa dʋnɩya no nyuu nal lɛ, a kɩ basɩ dʋnɩya wɩkanɩya mɛ. Amɛ nal hʋ aa lɩɩ wɩɩsɩbee ko, ʋ rɛ tee nal buloŋ."
32,"He speaks about what he has seen and heard, and yet no one believes him.","Ʋ aa basɩ wɩya ʋ aa naa aŋ nɩɩ mɛ rɛ, amɛ nal buloŋ bɩ laa ʋ di."
33,But everyone who does believe him has shown that God is truthful.,Amɛ nal hʋ mɛ buloŋ aa laa ʋ wɩya di aa daga rɛ anɩɩ Wɩɩsɩ kaŋ wɩtɩɩ rɛ.
34,"The Son was sent to speak God's message, and he has been given the full power of God's Spirit.","Nal hʋ Wɩɩsɩ aa tɩma, ʋ aa basɩ Wɩɩsɩ nyʋwa wɩya rɛ, beewɩya Wɩɩsɩ kpaa ʋ Wiyesi Welii hʋ dee buloŋ nɛ tɩya ʋ."
35,The Father loves the Son and has given him everything.,"Wɩɩsɩ kyo ʋ Biye rɛ, ɛɛ rɛ tɩŋ ʋ kpa kɩŋ buloŋ dee we ʋ nosi tɩyaŋ."
36,"Everyone who has faith in the Son has eternal life. But no one who rejects him will ever share in that life, and God will be angry with them forever.","Nal hʋ buloŋ aa tɩŋ Wɩɩsɩ Biye hʋ nyʋwa, ʋ tɩɩna sɩ kaŋ mɩɩbol hʋ aa bɩ kaŋ tenii, amɛ nal hʋ mɛ buloŋ aa bee tɩŋ Wɩɩsɩ Biye hʋ nyʋwa, ʋ tɩɩna bɩ sɩ maakyiye na mɩɩbol hʋ aa bɩ kaŋ tenii, amɛ Wɩɩsɩ sɩ na baaŋ ʋ tɩɩna nyuu tɩyaŋ, a kaŋ kɩ mʋ deŋdeŋ."
4,"This time he had to go through Samaria,","Ʋ aa mʋ Galili hʋ tɩyaŋ nɛ, Wɩɩsɩ leŋ ʋ tɩŋ Samaarɩya paalʋʋ,"
9,"“You are a Jew,” she replied, “and I am a Samaritan woman. How can you ask me for a drink of water when Jews and Samaritans won't have anything to do with each other?”","Ɛɛ rɛ Samaarɩya tɩmma haaŋ hʋ pɩyɛsɩ Yesu a baa, “Bee rɛ tɩŋ ɩ Gyuu kɩ sʋla nɩɩ mɩyaŋ Samaarɩya tɩɩna lee?”"
11,"“Sir,” the woman said, “you don't even have a bucket, and the well is deep. Where are you going to get this life-giving water?","Ɛɛ rɛ haaŋ hʋ pɩyɛsɩ ʋ a baa, “Nɩhɩyawʋ, ɩ bɩ kaŋ gʋʋga ɩ aa sɩ kaŋ yaa nɩɩ hʋ, ka kɔlʋŋ hʋ mɛ luŋiye. Lee tɩyaŋ nɛ ɩ sɩ na nɩɩ hʋ aa tɩya mɩɩbol?"
12,"Our ancestor Jacob dug this well for us, and his family and animals got water from it. Are you greater than Jacob?”",Á naabaa Gyeekɔbɩ rɛ kpaa kɔlʋŋ no tɩya ma. Ʋ bee ʋ biisi abee ʋ pʋsɩ buloŋ nyʋwa kɔlʋŋ no nɩɩ rɛ. Ɩ aa kyɛ ɩ baa ɩ tee Gyeekɔbɩ rɛ koo?”
14,But no one who drinks the water I give will ever be thirsty again. The water I give will become in that person a flowing fountain that gives eternal life.”,"Amɛ nal hʋ buloŋ aa sɩ nyʋwa nɩɩ hʋ ŋ aa sɩ tɩya ʋ, nɩɩnyʋwasɩ bɩl bɩ sɩ maakyiye kana ʋ tɩɩna. Nɩɩ hʋ ŋ aa sɩ tɩya ʋ sɩ kɩɩ gɛɛ rɛ anɩɩ bulo ʋ tɩɩna tɩyaŋ, a bulo nɩɩ hʋ aa tɩya mɩɩbol aa bɩ kaŋ tenii a kɩ tɩya ʋ tɩɩna.”"
15,"The woman replied, “Sir, please give me a drink of that water! Then I won't get thirsty and have to come to this well again.”","Ɛɛ rɛ haaŋ hʋ basɩ tɩya ʋ a baa, “Nɩhɩyawʋ, tɩya ŋ nɩɩ no, dɩ nɩɩnyʋwasɩ ta bɩl maakyiye kana ŋ, dɩ ŋ ta bɩl ko kɩ yaa nɩɩ daha mɛ.”"
16,"Jesus told her, “Go and bring your husband.”","Ɛɛ rɛ Yesu basɩ tɩya ʋ a baa, “Mʋ yɩrɩ ɩ bala dɩ ma ko”"
18,"The woman answered, “I don't have a husband.” “That's right,” Jesus replied, “you're telling the truth. You don't have a husband. You have already been married five times, and the man you are now living with isn't your husband.”","beewɩya ɩ laa sɩya yal balama bɔnɔŋ nɛ, ɩ bee baal hʋ aa we doŋ lagɩlagɩ no, ʋ kɔnɩ bɩ yaa ɩ bala.”"
19,"The woman said, “Sir, I can see that you are a prophet.","Ɛɛ rɛ haaŋ hʋ basɩ tɩya Yesu a baa, “Nɩhɩyawʋ, ŋ naa nɩɩ ɩ yaa Wɩɩsɩ tɩŋdaal lɛ.”"
21,"Jesus said to her: Believe me, the time is coming when you won't worship the Father either on this mountain or in Jerusalem.","Ɛɛ rɛ Yesu basɩ tɩya ʋ a baa, “Haŋtolibiye, laa ŋ di anɩɩ saŋa kɩdɩgɩ sɩ pele dɩ nala bɩl bɩ sɩ kɩ kyʋwalɩ á Kuwo Wɩɩsɩ dogimo no nyuu koo Gyerusalɛm tɩyaŋ."
22,"You Samaritans don't really know the one you worship. But we Jews do know the God we worship, and by using us, God will save the world.","Ma Samaarɩya tɩmma paalɩ bɩ gyɩŋ nal hʋ ma aa kyʋwalɩ, amɛ á Gyuuma kɛ gyɩŋ nal hʋ á aa kyʋwalɩ rɛ. Beewɩya Gyuuma rɛ sɩ daga ma gɛɛ Wɩɩsɩ aa sɩ laa dʋnɩya nala ta."
23,"But a time is coming, and it is already here! Even now the true worshipers are being led by the Spirit to worship the Father according to the truth. These are the ones the Father is seeking to worship him.","Saŋa kɩdɩgɩ sɩ pele, ʋ paalɩ pele rɛ gba, dɩ nala hʋ kɔnɩ aa kyʋwalɩ Wɩɩsɩ, kyʋwalɩ ʋ abee wɩtɩɩ, Wɩɩsɩ Wiyesi Welii hʋ dee tɩyaŋ. Wɩɩkyʋwalla no iriŋ nɛ Wɩɩsɩ kɩ kyɛ dɩ ba kɩ kyʋwalɩ ʋ."
24,"God is Spirit, and those who worship God must be led by the Spirit to worship him according to the truth.","Wɩɩsɩ kɩɩ gɛɛ rɛ anɩɩ wiyese, ɛɛ wɩya nala hʋ aa kyɛ dɩ ba kyʋwalɩ ʋ, ʋ maga dɩ ba kyʋwalɩ ʋ abee wɩtɩɩ rɛ, ʋ Wiyesi Welii hʋ dee tɩyaŋ.”"
27,The disciples returned about this time and were surprised to find Jesus talking with a woman. But none of them asked him what he wanted or why he was talking with her.,"Saŋa no tɩyaŋ dɩ Yesu hatɩnna hʋ mɛ mɩɩgɩ ko. Ba nyʋʋsɩ gyɩ fɩyɛla rɛ kɩŋkaŋ ba aa ko na dɩ ʋ bee haaŋ hʋ aa basɩ wɩya. Amɛ ba kɩdɩgɩ buloŋ gyɩ bɩ suri nyʋwa a pɩyɛsɩ haaŋ hʋ anɩɩ bee rɛ ʋ kɩ kyɛ Yesu lee, koo a pɩyɛsɩ Yesu baa bee rɛ tɩŋ ʋ kɩ basɩ wɩya haaŋ no lee."
28,"The woman left her water jar and ran back into town, where she said to the people,","Ɛɛ rɛ haaŋ hʋ leŋ ʋ vii hʋ doŋ, aŋ mɩɩgɩ mʋ bee hʋ tɩya, a basɩ tɩya nala a baa,"
29,“Come and see a man who told me everything I have ever done! Could he be the Messiah?”,“Ma ko na baal kɩdɩgɩ aa wuwo daga wɩya hʋ buloŋ ŋ aa yaa ŋ mɩɩbol tɩyaŋ. Kapuwo ʋ rɛ yaa Krisita hʋ.”
30,Everyone in town went out to see Jesus.,Ɛɛ rɛ ba lɩɩ bee hʋ tɩyaŋ a kpa kɩ mʋ Yesu lee.
31,"While this was happening, Jesus' disciples were saying to him, “Teacher, please eat something.”","Saŋa no tɩyaŋ dɩ Yesu hatɩnna hʋ aa sʋla ʋ rɛ a baa, “Á nɩhɩyawʋ, di kɩŋ mʋhʋ.”"
32,"But Jesus told them, “I have food you don't know anything about.”","Ɛɛ rɛ Yesu basɩ tɩya ba a baa, “Ŋ kaŋ kɩdiiliye rɛ ma aa bɩ gyɩŋ ba wɩya.”"
33,"His disciples started asking each other, “Has someone brought him something to eat?”",Ɛɛ rɛ Yesu hatɩnna hʋ mɩɩgɩ sɩŋ kɩ pɩyɛsɩ dɔmɔŋ “Nal lɛ yaŋ kaŋ kɩdiiliye ko tɩya ʋ ka á bɩ gyɩma koo?”
34,"Jesus said: My food is to do what God wants! He is the one who sent me, and I must finish the work that he gave me to do.","Doŋ nɛ Yesu basɩ tɩya ba a baa, “Ŋ kɩdiiliye rɛ yaa dɩ ŋ yaa nal hʋ aa tɩma ŋ kyɛrɩ, a teŋ tʋma hʋ ʋ aa tɩya ŋ dɩ ŋ tʋma."
35,"You may say there are still four months until harvest time. But I tell you to look, and you will see that the fields are ripe and ready to harvest.","Ma aa baa dɩ ʋ kaa peŋsi banaa rɛ, ka dɩ ma na kʋŋ ma bagɩsɩ kɩna pɛ dɔmɔŋ. Amɛ ŋ basɩ kɩ tɩya ma rɛ, ma deŋ bagɩsɩ hʋ na, kɩna hʋ buloŋ yaa kʋmɩɩ rɛ."
36,Even now the harvest workers are receiving their reward by gathering a harvest that brings eternal life. Then everyone who planted the seed and everyone who harvests the crop will celebrate together.,"Nal hʋ buloŋ aa kʋŋ baga hʋ kɩna kɩ pɛ dɔmɔŋ ʋ tɩɩna kaŋ ʋ tuno rɛ. Ʋ kʋŋ kɩna no kɩ pɛ dɔmɔŋ nɛ dɩ ba na mɩɩbol aa bɩ kaŋ tenii. Ɛɛwɩya, nal hʋ aa doho abee nal hʋ aa kʋma, ba buloŋ tenni sɩ fɩyɛlɩ."
37,"So the saying proves true, “Some plant the seed, and others harvest the crop.”","Namaga no ba aa basɩ kɔnɩ yaa wɩtɩɩ rɛ, nal aa doho rɛ, nal mɛ kʋma."
39,"A lot of Samaritans in that town put their faith in Jesus because the woman had said, “This man told me everything I have ever done.”","Samaarɩya tɩmma gyɩ yʋga haŋ tɔɔ hʋ tɩyaŋ a ko laa Yesu wɩya di, akuu haaŋ hʋ aa baa dɩ Yesu basɩ ʋ mɩɩbol wɩkanɩya buloŋ wɩya tɩya ʋ wɩya."
40,"They came and asked him to stay in their town, and he stayed on for two days.","Samaarɩya tɩmma hʋ aa ko Yesu lee, ba gyɩ sʋla ʋ rɛ dɩ ʋ we ba lee. Yesu laa nyʋwa, a we doŋ kyɛyɛ balɩya."
41,Many more Samaritans put their faith in Jesus because of what they heard him say.,"Doŋ tɩyaŋ nɛ nɩgyamaa bɩl marɩ laa ʋ wɩya di, akuu wɩya hʋ ʋ aa basɩ wɩya."
42,"They told the woman, “We no longer have faith in Jesus just because of what you told us. We have heard him ourselves, and we are certain that he is the Savior of the world!” Jesus Heals an Official's Son (Matthew","Ɛɛ rɛ nala hʋ basɩ tɩya haaŋ hʋ a baa, “Lagɩlagɩ no kɛ, á laa ʋ wɩya di rɛ akuu á tɩɩ aa nɩɩ ʋ nyʋwa wɩya, ʋ bɩ kɩɩ nɩɩ wɩɩ hʋ ɩ aa basɩ tɩya ma rɛ tɩŋ. Nyɛ kɛ á tɩɩ gyɩma rɛ anɩɩ ʋ rɛ kɔnɩ yaa dʋnɩya nala Laataal.” Yesu tɩɩbɩ nɩbal kɩdɩgɩ biibaal"
44,"Jesus had said, “Prophets are honored everywhere, except in their own country.” Then two days later he left","Yesu tɩɩ fa basɩ tɩya nala rɛ a baa, “Wɩɩsɩ tɩŋdaal buloŋ, ba aa bee tɩya ʋ gyɩrɩma ʋ tɩɩ bee tɩyaŋ.”"
45,"and went to Galilee. The people there welcomed him, because they had gone to the festival in Jerusalem and had seen everything he had done.","Yesu gyɩ aa ko pele Galili paalʋʋ, doŋ nala gyɩ kana ʋ weliŋ nɛ, beewɩya ba tɩɩ gyɩ naa wɩya hʋ buloŋ ʋ aa yaa rɛ saŋa hʋ ba gyɩ aa mʋʋ Gyerusalɛm dɩ ba di Dɩɩsɩ-parɩ-banɩɩ Kyɛbal hʋ."
46,"While Jesus was in Galilee, he returned to the village of Cana, where he had turned the water into wine. There was an official in Capernaum whose son was sick.","Ɛɛ rɛ Yesu bɩl mɩɩgɩ mʋ Keena aa we Galili paalʋʋ tɩyaŋ, lee hʋ ʋ gyɩ aa leŋ nɩɩ bɩrɩmɩ sɩŋ hʋ. Dɩ kerikyibal kɩdɩgɩ mɛ gyɩ we doŋ, ʋ biye gyɩ pɩŋ kɩ wɩɩlɩ tɔɔ kɩdɩgɩ ba aa yɩrɩ Kapɛɛnam tɩyaŋ."
47,"And when the man heard that Jesus had come from Judea, he went and begged him to keep his son from dying.","Ʋ aa nɩya anɩɩ Yesu lɩɩ Gyudɩya paalʋʋ a ko Galili paalʋʋ, ʋ mʋ sʋla ʋ dɩ ʋ mʋ Kapɛɛnam a tɩɩbɩ ʋ biye hʋ tɩya ʋ, dɩ biye hʋ aa kyɛ dɩ ʋ sʋba rɛ."
48,"Jesus told the official, “You won't have faith unless you see miracles and wonders!”","Ɛɛ rɛ Yesu basɩ tɩya ʋ a baa, “Ma kɩdɩgɩ buloŋ bɩ sɩ maakyiye laa ŋ di, see ma na dɩ ŋ yaa wɩmagɩla abee wɩkperiye.”"
49,"The man replied, “Lord, please come before my son dies!”","Ɛɛ rɛ kerikyi hʋ basɩ tɩya ʋ a baa, “Nɩhɩyawʋ, ko lagɩ dɩ gɛɛ daa, ŋ biye hʋ sɩ sʋba”"
50,"Jesus then said, “Your son will live. Go on home to him.” The man believed Jesus and started back home.","Ɛɛ rɛ Yesu basɩ tɩya ʋ a baa, “Kɩ mʋ dɩya, ɩ biye hʋ deye rɛ.” Baal hʋ laa wɩɩ hʋ Yesu aa basɩ tɩya ʋ di, aŋ kpa kɩ mʋ."
51,"Some of the official's servants met him along the road and told him, “Your son is better!”","Ʋ aa mʋʋ hʋ tɩyaŋ nɛ, ʋ dɩya tʋŋtʋnnɩ ko kyeme ʋ, a basɩ tɩya ʋ anɩɩ biye hʋ deye rɛ."
52,"He asked them when the boy got better, and they answered, “The fever left him yesterday at one o'clock.”","Ʋ pɩyɛsɩ dɩ ʋ na saŋa hʋ tɩyaŋ biye hʋ aa deye. Ba basɩ tɩya ʋ anɩɩ dɩya wɩɩhaa, anɩɩ kerifi dɩgɩ saŋa rɛ wɩɩla hʋ leme ʋ."
53,"The boy's father realized that at one o'clock the day before, Jesus had told him, “Your son will live!” So the man and everyone in his family put their faith in Jesus.",Ɛɛ rɛ biye hʋ kuwo liisi anɩɩ saŋa no tɩɩ tɩyaŋ nɛ Yesu dɩya basɩ tɩya ʋ anɩɩ ʋ biye sɩ deye. Ɛɛ rɛ ʋ bee ʋ dɩya nala buloŋ laa ʋ wɩya di.
54,This was the second miracle that Jesus worked after he left Judea and went to Galilee.,"Yesu aa lɩɩ Gyudɩya paalʋʋ ko Galili paalʋʋ, ʋ wɩmagɩl-lɩya tɩɩna rɛ nyɛ ʋ aa yaa."
1,"Later, Jesus went to Jerusalem for another Jewish festival.",Nyɛ hal tɩyaŋ nɛ Yesu bɩl sii mʋ Gyerusalɛm dɩ ʋ gbɩyalɩ Gyuuma wɩɩkyʋwal gbɩyala kɩdɩgɩ.
2,"In the city near the sheep gate was a pool with five porches, and its name in Hebrew was Bethzatha.","Gyerusalɛm tɩyaŋ, nɩɩbɩŋ kɩdɩgɩ rɛ fa we doŋ, a kpaga paga hʋ ba aa yɩrɩ Piyesi Paga. Hiiburu taal tɩyaŋ, ba fa kaŋ nɩɩbɩŋ no kɩ yɩrɩ Betizata rɛ. Ba gyɩ wee gyama bɔnɔŋ nɛ doŋ."
5,Beside the pool was a man who had been sick for,"Baal kɩdɩgɩ mɛ rɛ fa we wɩɩla tɩmma hʋ tɩyaŋ, ʋ bɩsɩ mɔlɩya abee fi abee kyori rɛ nyɛ ʋ aa gbarɩga."
38,"You have not believed his message, because you refused to have faith in the one he sent.","Ʋ wɩya tuwo ma tɩsɩ tɩyaŋ, beewɩya ma bɩ laa mɩyaŋ nal hʋ ʋ aa tɩma wɩya di."
6,"When Jesus saw the man and realized that he had been crippled for a long time, he asked him, “Do you want to be healed?”","Yesu aa naa baal no dɩ ʋ pɩŋ doŋ, ʋ gyɩma anɩɩ ʋ wɩɩla hʋ pɩɩsa ʋ tɩyaŋ nɛ. Ɛɛ rɛ ʋ pɩyɛsɩ ʋ a baa, “Ɩ aa kyɛ dɩ ɩ deye rɛ?”"
7,"The man answered, “Sir, I don't have anyone to put me in the pool when the water is stirred up. I try to get in, but someone else always gets there first.”","Ɛɛ rɛ baal hʋ baa, “Nɩhɩyawʋ, ŋ bɩ kaŋ nal daha ʋ aa sɩ kpa ŋ tuu nɩɩ hʋ saŋa hʋ malɩka hʋ aa ko kaŋ nɩɩ hʋ kɩ vuugi. Ɛɛwɩya, ŋ aa kɩ lʋga dɩ ŋ tuu rɛ, dɩ nal teŋ laa sɩya tuu ŋ tɩyaŋ.”"
8,"Jesus told him, “Pick up your mat and walk!”","Ɛɛ rɛ Yesu basɩ tɩya baal hʋ a baa, “Sii, a kpa ɩ wasa kɩ mʋ.”"
9,Right then the man was healed. He picked up his mat and started walking around. The day on which this happened was a Sabbath.,"Nyɛ rɛ baal hʋ pirigi deye, a sii kpa ʋ wasa a kɩ mʋ. Kyɛwiyesii hʋ kyɛɛ rɛ wɩɩ no gyɩ yaa."
10,"When the Jewish leaders saw the man carrying his mat, they said to him, “This is the Sabbath! No one is allowed to carry a mat on the Sabbath.”","Ɛɛ rɛ Gyuuma nɩhɩyasɩ hʋ basɩ tɩya baal hʋ Yesu aa tɩɩba a baa, “Gyɩnaŋ yaa Kyɛwiyesii hʋ kyɛɛ rɛ. Ʋ yaa sɩna rɛ dɩ ɩ kyʋŋ ɩ wasa gyɩnaŋ kyɛɛ.”"
11,"But he replied, “The man who healed me told me to pick up my mat and walk.”","Ɛɛ rɛ baal hʋ mɛ baa, “Nal hʋ aa tɩɩbɩ ŋ nɛ basɩ tɩya ŋ dɩ ŋ sii kpa ŋ wasa a kɩ mʋ.”"
12,"They asked him, “Who is this man that told you to pick up your mat and walk?”","Ɛɛ rɛ ba pɩyɛsɩ ʋ abaa, “Aŋnɛ rɛ yaa baal no aa basɩ wɩɩ no tɩya ɩ?”"
13,"But he did not know who Jesus was, and Jesus had left because of the crowd.","Amɛ baal hʋ gyɩ bɩ gyɩŋ nal hʋ aa tɩɩbɩ ʋ, beewɩya gyamaa hʋ gyɩ yʋga doŋ nɛ. Ɛɛ rɛ Yesu luuri tɩŋ nala hʋ tɩyaŋ mʋ."
14,"Later, Jesus met the man in the temple and told him, “You are now well. But don't sin anymore or something worse might happen to you.”","Ɛɛ hal tɩyaŋ nɛ, Yesu na baal hʋ Wɩɩkyʋwaldɩɩbal hʋ tɩyaŋ a basɩ tɩya ʋ a baa, “Nɩɩ daha, lagɩlagɩ no ɩ deye rɛ, ɛɛ wɩya, leŋ wɩbɔmɔ yayɩ. Dɩ gɛɛ daa, wɩɩ aa lɔrɔ te nyɛ sɩ puu ɩ.”"
15,The man left and told the leaders that Jesus was the one who had healed him.,Ɛɛ rɛ baal hʋ sii mʋ basɩ tɩya Gyuuma nɩhɩyasɩ hʋ anɩɩ Yesu rɛ fa tɩɩbɩ ʋ gɛɛ.
16,They started making a lot of trouble for Jesus because he did things like this on the Sabbath.,Yesu aa tɩɩbɩ gbarɩgɩ hʋ Kyɛwiyesii hʋ kyɛɛ rɛ tɩŋ Gyuuma nɩhɩyasɩ kana ʋ yaa ba dɔŋ a kɩ kyɛ dɩ ba dɔgɩsɩ ʋ.
17,"But Jesus said, “My Father has never stopped working, and this is why I keep on working.”","Ɛɛ rɛ Yesu basɩ tɩya ba a baa, “Saŋa buloŋ nɛ ŋ kuwo aa kɩ tʋŋ tʋma. Ɛɛwɩya ʋ maga dɩ ŋ mɛ kɩ tʋŋ tʋma rɛ.”"
18,"Now the leaders wanted to kill Jesus for two reasons. First, he had broken the law of the Sabbath. But even worse, he had said God was his Father, which made him equal with God. The Son's Authority","Yesu aa basɩ gɛɛ hʋ rɛ marɩ leŋ Gyuuma nɩhɩyasɩ hʋ sɩɩ fɩyɛsɩ, ba kɩ kyɛ ŋmanɩɩ hʋ ba aa sɩ tɩŋa a kpʋ ʋ. Wɩya balɩya rɛ ba baa dɩ ʋ yaa kyogi: Ba baa dɩ ʋ kyogi ba Kyɛwiyesii hʋ kyɛɛ sɩna rɛ, aŋ ha bɩl baa dɩ Wɩɩsɩ rɛ yaa ʋ Kuwo. Ɛɛ daga anɩɩ ʋ bee Wɩɩsɩ maga dɔmɔŋ nɛ gɛɛ."
19,"Jesus told the people: I tell you for certain the Son cannot do anything on his own. He can do only what he sees the Father doing, and he does exactly what he sees the Father do.","Ɛɛ rɛ Yesu basɩ tɩya nala hʋ aa baa, “Wɩtɩɩ rɛ ŋ basɩ kɩ tɩya ma, mɩyaŋ Wɩɩsɩ Biye bɩ wuwo kɩ yaa wɩɩ buloŋ ŋ tɩɩ dee tɩyaŋ. Wɩɩ hʋ ŋ aa naa ŋ kuwo aa yaa, ʋ rɛ ŋ mɛ kɩ yaa. Wɩɩ kɛ buloŋ ʋ aa yaa, ʋ rɛ mɩyaŋ Biye hʋ mɛ kɩ yaa,"
20,"The Father loves the Son and has shown him everything he does. The Father will show him even greater things, and you will be amazed.","beewɩya ŋ Kuwo kyo ŋ nɛ, a daga ŋ wɩya hʋ buloŋ ʋ tɩɩ aa yaa. Ʋ ha sɩ daga ŋ wɩya a te nyɛ dɩ ŋ yaa, dɩ ma buloŋ nyʋʋsɩ fɩyɛlɩ."
21,"Just as the Father raises the dead and gives life, so the Son gives life to anyone he wants to.","Ŋ Kuwo aa kyisi nala hʋ aa sʋba ba bɩl kaŋ mɩɩbol gɛɛ, ɛɛ tɩɩ rɛ mɩyaŋ, ʋ Biye hʋ mɛ sɩ tɩya nala hʋ ŋ aa kyɛ mɩɩbol."
22,"The Father doesn't judge anyone, but he has made his Son the judge of everyone.","Ŋ Kuwo kɛ bee di nal buloŋ sarɩya, amɛ ʋ tɩya ŋ ŋmanɩɩ rɛ dɩ ŋ di nal buloŋ sarɩya."
23,"The Father wants all people to honor the Son as much as they honor him. When anyone refuses to honor the Son, this is the same as refusing to honor the Father who sent him.","Ʋ yaa gɛɛ rɛ dɩ nal buloŋ kɩ kpa mɩyaŋ ʋ Biye hʋ yohuŋ, anɩɩ ba aa kpa ŋ Kuwo yohuŋ gɛɛ. Nal hʋ buloŋ aa bee kpa mɩyaŋ Wɩɩsɩ Biye hʋ yohuŋ, ʋ tɩɩna mɛ bee kpa ŋ Kuwo Wɩɩsɩ aa tɩma ŋ mɛ yohuŋ."
24,I tell you for certain that everyone who hears my message and has faith in the one who sent me has eternal life and will never be condemned. They have already gone from death to life.,"Wɩtɩɩ rɛ ŋ basɩ kɩ tɩya ma, nal hʋ buloŋ aa gyegile nɩɩ ŋ nyʋwa, a laa nal hʋ aa tɩma ŋ mɛ wɩya di, ʋ tɩɩna kaŋ mɩɩbol hʋ aa bɩ kaŋ tenii rɛ. Ba bɩl bɩ sɩ di ʋ tɩɩna sarɩya, beewɩya ʋ tɩɩna foŋ lɩɩ sʋʋ tɩyaŋ nɛ a kaŋ mɩɩbol."
25,"I tell you for certain the time will come, and it is already here, when all of the dead will hear the voice of the Son of God. And those who listen to it will live!","Wɩtɩɩ rɛ ŋ basɩ kɩ tɩya ma, saŋa hʋ sɩ pele, ʋ gba pele mɛ rɛ, dɩ nala hʋ aa bɩ gyɩŋ Wɩɩsɩ aŋ kɩɩ gɛɛ anɩɩ sʋʋnɩ nɩɩ mɩyaŋ Wɩɩsɩ Biye taal. Nala hʋ aa nɩɩ ŋ taal, a tɩŋ ŋ nyʋwa sɩ kaŋ mɩɩbol."
26,"The Father has the power to give life, and he has given that same power to the Son.","Ŋ Kuwo aa kaŋ dee a kɩ tɩya nala mɩɩbol gɛɛ, ɛɛ tɩɩ rɛ ʋ leŋ mɩyaŋ ʋ Biye mɛ kaŋ dee a kɩ tɩya nala mɩɩbol."
27,"And he has given his Son the right to judge everyone, because he is the Son of Man.","Ʋ yaŋ tɩya mɩyaŋ ʋ Biye dee rɛ dɩ ŋ di nala sarɩya, beewɩya mɩyaŋ nɛ yaa Nihuwobiŋ Biye hʋ."
28,"Don't be surprised! The time will come when all of the dead will hear the voice of the Son of Man,",Ma ta leŋ dɩ wɩɩ no yaa ma wɩkperii. Beewɩya saŋa hʋ sɩ ko dɩ nala hʋ buloŋ aa sʋba nɩɩ ŋ taal.
29,"and they will come out of their graves. Everyone who has done good things will rise to life, but everyone who has done evil things will rise and be condemned.","Ba yaŋ sɩ sii sʋʋ tɩyaŋ. Nala hʋ aa yaa wɩweliye sɩ sii a kaŋ mɩɩbol, dɩ nala hʋ aa yaa wɩbɔmɔ mɛ sii dɩ Wɩɩsɩ di ba sarɩya a kpa kyogisi tɩya ba.” Yesu daŋsɩya tɩmma"
30,"I cannot do anything on my own. The Father sent me, and he is the one who told me how to judge. I judge with fairness, because I obey him, and I don't just try to please myself. Witnesses to Jesus","Ɛɛ rɛ Yesu bɩl baa, “Ŋ bɩ wuwo kɩ yaa wɩɩ buloŋ ŋ tɩɩ dee tɩyaŋ. Ŋ aa di nala sarɩya gɛɛ Wɩɩsɩ aa baa ŋ di rɛ. Ɛɛwɩya, ŋ aa di sarɩya hʋ rɛ abee wɩtɩɩ, beewɩya ŋ bee yaa ŋ tɩɩ wɩkyɛɛlɩɩ, amɛ nal hʋ aa tɩma ŋ, ʋ kyɛrɩ rɛ ŋ kɩ yaa."
31,"If I speak for myself, there is no way to prove I am telling the truth.","Dɩ ŋ dʋŋ nɛ basɩ ŋ tɩɩ wɩya, ʋ bɩ sɩ kaŋ yohuŋ."
32,"But there is someone else who speaks for me, and I know what he says is true.",Amɛ nal mɛ rɛ we doŋ a yaa ŋ daŋsɩya. Ŋ gyɩma anɩɩ ŋ wɩya hʋ ʋ aa basɩ yaa wɩtɩɩ rɛ.
33,"You sent messengers to John, and he told them the truth.","Ma tɩŋ ma tɩŋdaala rɛ ba mʋ Gyɔɔŋ lee a pɩyɛsɩ ŋ wɩya, ʋ basɩ wɩtɩɩ hʋ tɩya ma."
34,"I don't depend on what people say about me, but I tell you these things so that you may be saved.","Ʋ bɩ kɩɩ nɩɩ nal lɛ ŋ kɩ kyɛ dɩ ʋ ko basɩ wɩya a daga nal hʋ ŋ aa yaa, amɛ ŋ basɩ wɩɩ no rɛ, dɩ Wɩɩsɩ laa ma ta."
35,"John was a lamp that gave a lot of light, and you were glad to enjoy his light for a while.","Wɩɩ hʋ Gyɔɔŋ gyɩ aa basa kɩɩ gɛɛ rɛ anɩɩ kyaanʋʋ a tɩya ma, ma fa kyo dɩ ma nɩɩ ʋ wɩbasɩɩ hʋ sʋma mʋ sɩya mʋhʋ, beewɩya wɩbasɩɩ no gyɩ fɩyɛlɩ ma teŋ nɛ."
36,But something more important than John speaks for me. I mean the things that the Father has given me to do! All of these speak for me and prove that the Father sent me.,"Amɛ ŋ kaŋ daŋsɩya tɩɩna kɩdɩgɩ rɛ ʋ gba tee Gyɔɔŋ. Ʋ rɛ yaa wɩya hʋ ŋ aa yaa. Tʋma hʋ ŋ kuwo aa kpaa tɩya ŋ dɩ ŋ tʋma, ba aa rɛ daga anɩɩ ŋ kuwo rɛ tɩma ŋ."
37,"The Father who sent me also speaks for me, but you have never heard his voice or seen him face to face.","Ŋ Kuwo hʋ aa tɩma ŋ, ʋ mɛ basɩ ŋ wɩya rɛ. Ma ha bɩ maakyiye nɩɩ ʋ taal, a ha bɩ maakyiye na ʋ abee ma sɩɩ mɛ."
40,but you refuse to come to me for eternal life.,ka ma vɩya ma aa sɩ ko ŋ lee a kaŋ mɩɩbol hʋ aa kaŋ tɔnɔ.
41,"I don't care about human praise,",Nihuwobisi bigisii bɩ kaŋ tɔnɔ ŋ lee.
42,but I do know that none of you love God.,Ŋ gyɩŋ nala hʋ iriŋ ma aa yaa rɛ. Ŋ gyɩma anɩɩ ma tɩsɩ tɩyaŋ ma bɩ kyo Wɩɩsɩ.
43,"I have come with my Father's authority, and you have not welcomed me. But you will welcome people who come on their own.","Ŋ Kuwo dee tɩyaŋ nɛ ŋ ko, ka ma vɩya ŋ. Amɛ dɩ nal kɩdɩgɩ rɛ ko ʋ tɩɩ dee tɩyaŋ, ʋ rɛ ma sɩ laa we."
44,"How could you possibly believe? You like to have your friends praise you, and you don't care about praise that the only God can give!","Ma kyo dɔmɔŋ bigisii rɛ, amɛ ma bee kyɛ dɩ ma yaa wɩya hʋ aa sɩ leŋ dɩ Wɩɩsɩ dʋŋ bigisi ma. Ɛɛ rɛ ma yaŋ sɩ wuwo yaa a laa ŋ wɩya di?"
45,"Don't think that I will be the one to accuse you to the Father. You have put your hope in Moses, yet he is the very one who will accuse you.","Ma yaŋ ta liise nɩɩ mɩyaŋ nɛ sɩ mʋ basɩ wɩya hʋ ma aa yaa kyogi a tɩya ŋ kuwo. Ma bayɩyɛla buloŋ we Moosi tɩyaŋ nɛ, amɛ ʋ rɛ yaŋ yaa nal hʋ aa sɩ mʋ basɩ wɩya hʋ ma aa kyogi tɩya ŋ kuwo."
46,"Moses wrote about me, and if you had believed Moses, you would have believed me.","Dɩ mamaa rɛ kɔnɩ fa laa Moosi wɩya di, ma fa sɩ laa ŋ wɩya mɛ di, beewɩya ŋ wɩya rɛ Moosi gyɩ sabɩ gɛɛ."
47,"But if you don't believe what Moses wrote, how can you believe what I say?","Amɛ dɩ mamaa rɛ bɩ laa wɩya hʋ ʋ aa saba biŋ a di, ɛɛ rɛ ma sɩ yaa a laa wɩya hʋ ŋ aa basɩ kɛ di?”"
13,The disciples gathered them up and filled twelve large baskets with what was left over from the five barley loaves.,Ɛɛ rɛ ba paa kɩkaalɩya hʋ a su simbiisi fi abee balɩya.
21,"The disciples wanted to take him into the boat, but suddenly the boat reached the shore where they were headed. The Bread That Gives Life",Ɛɛ rɛ ba leŋ ʋ gyʋʋ nɩɩduworiboro hʋ. Haŋ lagɩlagɩbiye hʋ dɩ nɩɩduworiboro hʋ teŋ pele lee hʋ ba fa aa mʋʋ nɩɩnyʋwa. Yesu rɛ yaa kɩdiiliye hʋ aa tɩya nala mɩɩbol
30,"They replied, “What miracle will you work, so that we can have faith in you? What will you do?","Ɛɛ rɛ ba bɩl pɩyɛsɩ ʋ a baa, “Wɩmagɩl bee rɛ ɩ sɩ yaa dɩ á na a laa ɩ di? Bee rɛ ɩ sɩ yaa?"
44,"No one can come to me, unless the Father who sent me makes them want to come. But if they do come, I will raise them to life on the last day.","Nal buloŋ bɩ sɩ wuwo ko tɩŋa ŋ see dɩ ŋ Kuwo hʋ aa tɩma ŋ kaŋ ʋ tɩɩna kaŋ ko ŋ lee, ka dɩ ŋ kyisi ʋ tɩɩna sʋʋ tɩyaŋ dʋnɩya kyɛtenii dɩ ʋ kaŋ mɩɩbol."
9,“There is a boy here who has five small loaves of barley bread and two fish. But what good is that with all these people?”,"“Boyoŋbiye kɩdɩgɩ rɛ we daha, a kaŋ paanʋʋ gama bɔnɔŋ abee fuwonaŋhɩlɩya balɩya. Amɛ kɩna no ka ta bɩ sɩ wuwo yaa nala no wɩɩ buloŋ.”"
10,"The ground was covered with grass, and Jesus told his disciples to tell everyone to sit down. About","Ɛɛ rɛ Yesu baa, “Ma leŋ dɩ nala hʋ tuu hɔŋ”. Ɛɛ rɛ ba leŋ nala hʋ buloŋ tuu hɔŋ ɔfɩyɛl hʋ tɩyaŋ. Nala hʋ tɩyaŋ baala dʋŋ gyɩ yaa anɩɩ tusibɔnɔŋ nɛ."
17,"They got into a boat and started across for Capernaum. Later that evening Jesus had still not come to them,","a gyʋʋ nɩɩduworiboro, a bɩl duwori kɩ mʋ Kapɛɛnam aa we fuwo hʋ kyolo tɩyaŋ. Ɛɛ rɛ lee mʋ bɩl, ka Yesu ha bɩ ko ba lee."
1,"Jesus crossed Lake Galilee, which was also known as Lake Tiberias.","Ɛɛ hal tɩyaŋ nɛ, Yesu bee ʋ hatɩnna hʋ gyɩ bɩl mɩɩgɩ kyol Galili fuwobal hʋ kyolo."
2,"A large crowd had seen him work miracles to heal the sick, and those people went with him.","Nɩgyamaa gyɩ aa tɩŋa ʋ hal lɛ, beewɩya ba gyɩ naa gɛɛ hʋ ʋ aa yaa wɩmagɩla wɩɩla tɩmma tɩyaŋ nɛ ba deye."
7,"Philip answered, “Don't you know that it would take almost a year's wages just to buy only a little bread for each of these people?”","Ɛɛ rɛ Fɩlɩpɩ basɩ tɩya ʋ a baa, “Dɩ nal lɛ paalɩ kpa ʋ peŋsi kyori tuno yɔbɔ kɩdiiliye tɩya nala no mɛ, ka ba bee pel ba.”"
8,"Andrew, the brother of Simon Peter, was one of the disciples. He spoke up and said,","Ɛɛ rɛ ʋ hatɩnna hʋ kɩdɩgɩ ba aa yɩrɩ Aŋduru, a yaa Siimɔŋ Piita nɩɩnabiye mɛ basɩ tɩya Yesu a baa,"
11,"Jesus took the bread in his hands and gave thanks to God. Then he passed the bread to the people, and he did the same with the fish, until everyone had plenty to eat.","Ɛɛ rɛ Yesu laa paanʋʋ hʋ, a kyʋwalɩ Wɩɩsɩ aŋgyʋwasʋ, aŋ leŋ ba kaŋ kpaa nala hʋ. Ɛɛ rɛ ka ʋ bɩl laa fuwonaŋhɩlɩya hʋ balɩya mɛ a kyʋwalɩ Wɩɩsɩ aŋgyʋwasʋ aŋ leŋ ba kaŋ kpaa ba, ba kɩdɩgɩ buloŋ di a vɔgɔ."
12,"The people ate all they wanted, and Jesus told his disciples to gather up the leftovers, so that nothing would be wasted.","Ba aa dii a vɔgɔ gɛɛ, ʋ basɩ tɩya ʋ hatɩnna hʋ a baa, “Ma mʋ paa kɩna hʋ buloŋ aa kaa, dɩ ba mʋhʋ mɛ ta taa.”"
15,"Jesus realized that they would try to force him to be their king. So he went up on a mountain, where he could be alone. Jesus Walks on the Water (Matthew","Yesu gyɩma anɩɩ ba aa kyɛ dɩ ba ko fɩla ʋ rɛ dɩ ʋ yaa ba kuwori, ɛɛ rɛ ʋ dʋŋ bɩl sii dogimo hʋ nyuu tɩyaŋ a fasɩ mʋ sɩya mʋhʋ. Yesu vala nɩɩ nyuu tɩyaŋ Matiwu"
22,The people who had stayed on the east side of the lake knew that only one boat had been there. They also knew that Jesus had not left in it with his disciples. But the next day,"Ʋ sɩgballɩya, gyamaa hʋ ha fa we fuwo hʋ kyolo, lee hʋ Yesu aa yaa wɩmagɩl hʋ tɩyaŋ. Ba gyɩ gyɩma anɩɩ nɩɩduworiboridɩgɩ dʋŋ nɛ fa we doŋ. Ba gyɩma anɩɩ Yesu hatɩnna hʋ dʋŋ nɛ gyʋʋ nɩɩduworiboridɩgɩ hʋ mʋ. Yesu gyɩ tuwo ba tɩyaŋ."
27,"Don't work for food that spoils. Work for food that gives eternal life. The Son of Man will give you this food, because God the Father has given him the right to do so.”","Ma ta kɩ kyɛɛ kɩdiiliye hʋ aa sɩ kyogi dʋŋ, amɛ ma lʋga kɩ kyɛ kɩdiiliye hʋ aa sɩ tɩya ma mɩɩbol hʋ aa bɩ kaŋ tenii. Kɩdiiliye no rɛ mɩyaŋ Nihuwobiŋ Biye sɩ tɩya ma, beewɩya ŋ Kuwo Wɩɩsɩ kpaa ɛɛ dee tɩya ŋ nɛ. Ŋ kuwo Wɩɩsɩ we ŋ lee rɛ.”"
45,"One of the prophets wrote, “God will teach all of them.” And so everyone who listens to the Father and learns from him will come to me.","Wɩɩsɩ tɩŋdaala hʋ kɩdɩgɩ sabɩ nyɛ rɛ Wɩɩsɩ teŋ tɩyaŋ, a baa, “Wɩɩsɩ sɩ daga nala buloŋ”. Nal hʋ buloŋ aa gyegile nɩɩ wɩya hʋ Wɩɩsɩ aa daga ʋ, a gʋnnɩ wɩya ʋ lee, ʋ rɛ sɩ ko kɩ tɩŋa ŋ."
52,"They started arguing with each other and asked, “How can he give us his flesh to eat?”","Yesu aa basɩ gɛɛ, Gyuuma hʋ piili kaŋ wɩɩ hʋ kɩ kpa dɔmɔŋ abee baaŋ a baa, “Ɛɛ rɛ baal no sɩ yaa kpa ʋ teŋ namɩya tɩya ma dɩ á kyaŋ?”"
16,"That evening, Jesus' disciples went down to the lake.","Ʋ dɩdaana aa ko pele, Yesu hatɩnna hʋ tuu fuwo hʋ nyʋwa,"
18,and a strong wind was making the water rough.,"Saŋa no tɩyaŋ dɩ puwoduwo kɩdɩgɩ mɛ luro, a kaŋ nɩɩ hʋ buloŋ kɩ yeŋŋi."
19,"When the disciples had rowed for five or six kilometers, they saw Jesus walking on the water. He kept coming closer to the boat, and they were terrified.","Ʋ hatɩnna hʋ gyɩ duwori mʋ anɩɩ meeldaasɩ boto koo banaa rɛ, dɩ ba naa Yesu dɩ ʋ mʋʋ vala nɩɩ hʋ nyuu tɩyaŋ a kɩ ko nɩɩduworiboro hʋ lee. Ba aa naa gɛɛ, kambɩŋ kaŋ ba."
20,"But he said, “I am Jesus! Don't be afraid!”","Ɛɛ rɛ Yesu basɩ tɩya ba a baa, “Ma ta leŋ dɩ kambɩŋ kaŋ ma. Mɩyaŋ nɛ.”"
23,some boats from Tiberias sailed near the place where the crowd had eaten the bread for which the Lord had given thanks.,Nɩɩduworiborisi badɔmɔŋ mɛ rɛ gyɩ lɩɩ Tibeeriya ko sɩŋ fuwo hʋ kyolo a kpaga lee hʋ Yesu gyɩ aa kpaa paanʋʋ hʋ a kyʋwalɩ Wɩɩsɩ aŋ kpa tɩya ba ba di hʋ.
24,They saw that Jesus and his disciples had left. Then they got into the boats and went to Capernaum to look for Jesus.,"Gyamaa no aa kyɛɛ Yesu bee ʋ hatɩnna hʋ buloŋ lɔlɔ doŋ tɩyaŋ gɛɛ, ɛɛ rɛ ba gyʋʋ nɩɩduworiborisi hʋ a mʋ Kapɛɛnam, a kɩ kyɛ Yesu doŋ."
25,"They found him on the west side of the lake and asked, “Rabbi, when did you get here?”","Nala hʋ aa naa Yesu Kapɛɛnam tɩyaŋ, ɛɛ rɛ ba pɩyɛsɩ ʋ a baa, “Nɩhɩyawʋ, saŋa bee rɛ ɩ teŋ pel daha.”"
26,"Jesus answered, “I tell you for certain that you are not looking for me because you saw the miracles, but because you ate all the food you wanted.","Ɛɛ rɛ Yesu basɩ tɩya ba a baa, “Wɩtɩɩ rɛ ŋ basɩ kɩ tɩya ma, paanʋʋ hʋ ma aa kyaŋ vɔgɔ wɩya rɛ ma gɔllɩ kɩ kyɛ ŋ, ʋ bɩ kɩɩ nɩɩ ma aa gyɩŋ wɩmagɩla hʋ ŋ aa yaa memii wɩya rɛ tɩŋ, ma kɩ kyɛ ŋ."
29,"Jesus answered, “God wants you to have faith in the one he sent.”","Ɛɛ rɛ ʋ baa, “Wɩya hʋ Wɩɩsɩ aa kyɛ dɩ ma kɩ yaa rɛ nyɛ: Ma laa nal hʋ Wɩɩsɩ aa tɩma di.”"
31,"For example, when our ancestors were in the desert, they were given manna to eat. It happened just as the Scriptures say, ‘God gave them bread from heaven to eat.’ ”","Na á naabaala dii kɩdiiliye hʋ ba aa yɩrɩ Mana rɛ pogo tɩyaŋ, anɩɩ ba aa saba gɛɛ Wɩɩsɩ teŋ tɩyaŋ a baa, ‘Ʋ kpaa kɩdiiliye hʋ aa lɩɩ wɩɩsɩbee rɛ a tɩya ba, ba di.”’"
32,"Jesus then told them, “I tell you for certain that Moses wasn't the one who gave you bread from heaven. My Father is the one who gives you the true bread from heaven.","Ɛɛ rɛ Yesu baa, “Wɩtɩɩ rɛ ŋ basɩ kɩ tɩya ma, Moosi daa gyɩ tɩya ma kɩdiiliye hʋ aa lɩɩ wɩɩsɩbee ko tuu. Amɛ ŋ kuwo Wɩɩsɩ rɛ aa tɩya ma kɩditɩɩma hʋ aa lɩɩ wɩɩsɩbee."
33,And the bread that God gives is the one who came down from heaven to give life to the world.”,"Mɩyaŋ nal hʋ aa lɩɩ wɩɩsɩbee ko tuu a kɩ tɩya dʋnɩya nala mɩɩbol, mɩyaŋ nɛ yaa haŋ kɩdiiliye hʋ Wɩɩsɩ aa tɩya.”"
34,"The people said, “Sir, give us this bread and don't ever stop!”","Ɛɛ rɛ ba baa, “Nɩhɩyawʋ, ɛɛ kɛ, kɩ tɩya ma kɩdiiliye no saŋa buloŋ.”"
35,Jesus replied: I am the bread that gives life! No one who comes to me will ever be hungry. No one who has faith in me will ever be thirsty.,"Ɛɛ rɛ Yesu basɩ tɩya ba a baa, “Mɩyaŋ nɛ yaa kɩdiiliye hʋ aa tɩya nala mɩɩbol. Nal hʋ buloŋ aa ko ŋ lee, losi bɩl bɩ sɩ kaŋ ʋ tɩɩna. Nal hʋ mɛ aa laa ŋ wɩya di, nɩɩnyʋwasɩ mɛ bɩl bɩ sɩ maakyiye kana ʋ."
36,I have told you already that you have seen me and still do not have faith in me.,"Ŋ basɩ tɩya ma rɛ anɩɩ ma naa ŋ nɛ, amɛ ma bɩ laa ŋ di."
37,"Everything and everyone that the Father has given me will come to me, and I won't turn any of them away.","Nal hʋ buloŋ ŋ Kuwo aa kpaa we ŋ nosi tɩyaŋ, ʋ sɩ ko tɩŋa ŋ. Nal hʋ mɛ buloŋ aa ko ŋ lee, ŋ bɩ sɩ maakyiye kile ʋ ta,"
38,"I didn't come from heaven to do what I want! I came to do what the Father wants me to do. He sent me,","beewɩya ŋ lɩɩ wɩɩsɩbee ko tuu dɩ ŋ tɩŋ nal hʋ aa tɩma ŋ kyɛrɩ rɛ, ŋ tɩɩ kyɛrɩ daa ŋ ko dɩ ŋ tɩŋa."
39,"and he wants to make certain that none of the ones he has given me will be lost. Instead, he wants me to raise them to life on the last day.","Nal hʋ aa tɩma ŋ kyɛrɩ rɛ yaa dɩ ŋ ta leŋ dɩ nala hʋ ʋ aa kpaa we ŋ nosi tɩyaŋ kɩdɩgɩ buloŋ ko nyʋgɩsɩ, amɛ dɩ ŋ kyisi ba buloŋ dʋnɩya kyɛtenii, dɩ ba kaŋ mɩɩbol."
40,My Father wants everyone who sees the Son to have faith in him and to have eternal life. Then I will raise them to life on the last day.,"Wɩɩ hʋ ŋ Kuwo aa kyɛɛ rɛ nyɛ: Dɩ nal hʋ buloŋ aa gyɩma ŋ anɩɩ ŋ yaa Wɩɩsɩ biye rɛ, a laa ŋ wɩya di, dɩ ʋ kaŋ mɩɩbol hʋ aa bɩ kaŋ tenii, ka dɩ dʋnɩya kyɛtenii mɛ, dɩ ŋ kyisi ʋ sʋʋ tɩyaŋ dɩ ʋ kaŋ mɩɩbol.”"
41,The people started grumbling because Jesus had said he was the bread that had come down from heaven.,"Ɛɛ rɛ Gyuuma hʋ piili kɩ gʋrɩmɩ wɩya akuu ʋ aa baa, “Mɩyaŋ nɛ yaa kɩdiiliye hʋ aa lɩɩ wɩɩsɩbee ko tuu.”"
42,"They were asking each other, “Isn't he Jesus, the son of Joseph? Don't we know his father and mother? How can he say that he has come down from heaven?”","Doŋ nɛ ba baa, “Baal no daa yaa Gyosɛfʋ biye Yesu? Á gyɩŋ ʋ kuwo abee ʋ naa buloŋ nɛ. Ɛɛ rɛ yaŋ lagɩlagɩ no, ʋ baa dɩ ʋ lɩɩ wɩɩsɩbee rɛ a ko tuu?”"
46,The only one who has seen the Father is the one who has come from him. No one else has ever seen the Father.,"Nyɛ bɩ daga anɩɩ nal kɩdɩgɩ buloŋ naa ŋ Kuwo Wɩɩsɩ rɛ, dɩ mɩyaŋ aa lɩɩ Wɩɩsɩ lee dʋŋ daa."
47,I tell you for certain that everyone who has faith in me has eternal life.,"Wɩtɩɩ rɛ ŋ basɩ kɩ tɩya ma, nal hʋ buloŋ aa laa ŋ wɩya di, ʋ sɩ kaŋ mɩɩbol hʋ aa bɩ kaŋ tenii."
48,I am the bread that gives life!,Mɩyaŋ nɛ yaa kɩdiiliye hʋ aa tɩya nala mɩɩbol.
49,"Your ancestors ate manna in the desert, and later they died.","Ma naabaala gyɩ dii kɩdiiliye hʋ ba aa yɩrɩ Mana rɛ pogo hʋ tɩyaŋ. Abee gɛɛ buloŋ, ba ha gyɩ sʋba rɛ."
50,"But the bread from heaven has come down, so that no one who eats it will ever die.","Amɛ kɩdiiliye hʋ aa lɩɩ wɩɩsɩbee ko tuu, dɩ nal lɛ dii ba, ʋ bɩ sɩ sʋba."
51,I am that bread from heaven! Everyone who eats it will live forever. My flesh is the life-giving bread I give to the people of this world.,"Mɩyaŋ nɛ yaa kɩdiiliye hʋ aa tɩya mɩɩbol, a lɩɩ wɩɩsɩbee ko tuu. Dɩ nal lɛ dii kɩdiiliye no, ʋ sɩ kaŋ mɩɩbol hʋ aa bɩ kaŋ tenii. Ŋ teŋbii rɛ yaa kɩdiiliye hʋ ŋ aa sɩ kpa tɩya dʋnɩya nala dɩ ba kaŋ mɩɩbol."
53,Jesus answered: I tell you for certain that you won't live unless you eat the flesh and drink the blood of the Son of Man.,"Ɛɛ rɛ Yesu basɩ tɩya ba a baa, “Wɩtɩɩ rɛ ŋ basɩ kɩ tɩya ma, dɩ mamaa rɛ bɩ kyaŋ mɩyaŋ Nihuwobiŋ Biye teŋ namɩya, a nyʋwa ŋ kyal mɛ, ma bɩ sɩ kaŋ mɩɩbol hʋ aa kaŋ tɔnɔ."
54,"But if you do eat my flesh and drink my blood, you will have eternal life, and I will raise you to life on the last day.","Nal hʋ buloŋ aa kyaŋ ŋ teŋ namɩya, a nyʋwa ŋ kyal mɛ, ʋ tɩɩna sɩ kaŋ mɩɩbol hʋ aa bɩ kaŋ tenii. Dʋnɩya kyɛtenii hʋ mɛ, ŋ sɩ kyisi ʋ tɩɩna sʋʋ tɩyaŋ, dɩ ʋ kaŋ mɩɩbol,"
55,"My flesh is the true food, and my blood is the true drink.","beewɩya ŋ teŋ namɩya yaa kɩditɩɩma rɛ, ŋ kyal mɛ yaa kɩnyʋwatɩɩma."
56,"If you eat my flesh and drink my blood, you are one with me, and I am one with you.","Nal hʋ buloŋ aa kyaŋ ŋ teŋ namɩya, a nyʋwa ŋ kyal mɛ, ʋ tɩɩna sɩ we ŋ lee a kaŋ kɩ mʋ deŋdeŋ, dɩ ŋ mɛ we ʋ tɩɩna lee a kaŋ kɩ mʋ deŋdeŋ."
57,"The living Father sent me, and I have life because of him. Now everyone who eats my flesh will live because of me.","Ŋ Kuwo aa yaa mɩɩbol buloŋ tɩɩna rɛ tɩma ŋ, ʋ nyubaanɩŋ nɛ ŋ kaŋ mɩɩbol. Ɛɛ wɩya dɩ nal buloŋ mɛ rɛ kyaŋ ŋ teŋ namɩya, ŋ mɛ sɩ leŋ dɩ ʋ tɩɩna kaŋ mɩɩbol."
58,"The bread that comes down from heaven isn't like what your ancestors ate. They died, but whoever eats this bread will live forever.","Kɩdiiliye hʋ aa lɩɩ wɩɩsɩbee ko tuu rɛ nyɛ, ʋ bɩ kɩɩ kɩdiiliye hʋ ma naabaala gyɩ aa dii aŋ ha sʋba hʋ. Nal hʋ buloŋ aa dii kɩdiiliye no, ʋ sɩ kaŋ mɩɩbol hʋ aa bɩ kaŋ tenii.”"
59,Jesus was teaching in a synagogue in Capernaum when he said these things. The Words of Eternal Life,Yesu gyɩ aa basɩ wɩya no dɩ ʋ we Kapɛɛnam tɩyaŋ nɛ a kɩ daga nala Gyuuma wɩɩkyʋwaldɩya tɩyaŋ. Wɩya hʋ aa tɩya nala mɩɩbol hʋ aa bɩ kaŋ tenii
60,"Many of Jesus' disciples heard him and said, “This is too hard for anyone to understand.”","Nala hʋ gyɩ aa tɩŋ Yesu hal aa nɩɩ wɩya no ʋ aa basa, ba gyeniŋ buloŋ baa, “Wɩya no ʋ aa dagɩ deye rɛ kɩŋkaŋ. Kɩbee rɛ sɩ wuwo tɩŋ ba?”"
62,What if you should see the Son of Man go up to heaven where he came from?,"Ka dɩ mamaa rɛ yaŋ fa naa mɩyaŋ Nihuwobiŋ Biye dɩ ŋ mɩɩgɩ gyɩŋ kɩ mʋ lee hʋ ŋ aa lɩya, ɛɛ rɛ ma sɩ yaa?"
63,The Spirit is the one who gives life! Human strength can do nothing. The words that I have spoken to you are from that life-giving Spirit.,"Wɩɩsɩ Wiyesi Welii hʋ rɛ aa tɩya ma mɩɩbol hʋ aa bɩ kaŋ tenii. Nihuwobiŋ dee bɩ kaŋ tɔnɔ buloŋ, beewɩya ʋ bɩ sɩ wuwo tɩya mɩɩbol. Wɩya no ŋ aa basɩ tɩya ma, ba aa rɛ aa leŋ Wɩɩsɩ Wiyesi Welii hʋ aa tɩya mɩɩbol ko gyʋʋ ma tɩyaŋ."
64,"But some of you refuse to have faith in me.” Jesus said this, because from the beginning he knew who would have faith in him. He also knew which one would betray him.","Abee gɛɛ buloŋ ma badɔmɔŋ ha bɩ laa ŋ wɩya di.” A lɩɩ saŋa hʋ Yesu aa piile kɩ daga nala buloŋ ʋ gyɩ gyɩŋ nala hʋ aa bɩ laa ʋ wɩya di rɛ, abee nal hʋ aa sɩ kpa ʋ yallɩ."
65,"Then Jesus said, “You cannot come to me, unless the Father makes you want to come. That is why I have told these things to all of you.”","Ɛɛ rɛ Yesu bɩl baa, “Wɩɩ no wɩya rɛ tɩŋ ŋ basɩ tɩya ma anɩɩ nal buloŋ bɩ sɩ wuwo ko tɩŋa ŋ, dɩ ŋ Kuwo bɩ tɩya ʋ tɩɩna ŋmanɩɩ.”"
66,"Because of what Jesus said, many of his disciples turned their backs on him and stopped following him.","Akuu wɩɩ no wɩya, nɩgyamaa hʋ gyɩ aa tɩŋa ʋ tɩyaŋ yʋga gyɩ bɩla hal lɛ."
67,Jesus then asked his twelve disciples if they also were going to leave him.,"Ɛɛ rɛ Yesu pɩyɛsɩ ʋ hatɩnna fi abee balɩya hʋ a baa, “Aŋka ma mɛ, ma mɛ aa kyɛ dɩ ma mɩɩgɩ ŋ hal lɛ koo?”"
68,"Simon Peter answered, “Lord, there is no one else that we can go to! Your words give eternal life.","Ɛɛ rɛ Siimɔŋ Piita baa, “Á Tɩɩna, kɩbee lee rɛ á mɛ sɩ mɩɩgɩ mʋ? Ɩ dʋŋ nɛ kaŋ wɩya hʋ aa tɩya nala mɩɩbol hʋ aa bɩ kaŋ tenii."
69,"We have faith in you, and we are sure that you are God's Holy One.”","Nyɛ kɛ á gyɩma rɛ, a laa di mɛ anɩɩ ɩ rɛ yaa Tɩpʋlʋŋ Tɩɩna hʋ aa lɩɩ Wɩɩsɩ lee.”"
70,"Jesus told his disciples, “I chose all twelve of you, but one of you is a demon!”","Ɛɛ rɛ Yesu pɩyɛsɩ ba a baa, “Na Mɩyaŋ nɛ lɩɩ ma nala no fi abee balɩya, amɛ ma kɩdɩgɩ yaa Sɩtaanɩ rɛ.”"
71,"Jesus was talking about Judas, the son of Simon Iscariot. He would later betray Jesus, even though he was one of the twelve disciples.","Gyudasɩ, Siimɔŋ Isɩkarɔtɩ biibaal hʋ wɩya rɛ ʋ gyɩ basɩ gɛɛ. Gyudasɩ gyɩ yaa Yesu hatɩnna fi abee balɩya hʋ kɩdɩgɩ rɛ, amɛ ʋ rɛ gyɩ sɩ ko kpa Yesu yallɩ."
2,"It was almost time for the Festival of Shelters,",Saŋa no tɩyaŋ dɩ Gyuuma kyɛbal hʋ ba aa yɩrɩ Gyama Kyɛbal mɛ kpaga.
3,"and Jesus' brothers said to him, “Why don't you go to Judea? Then your disciples can see what you are doing.","Ɛɛ rɛ Yesu nɩmmabalɩya basɩ tɩya ʋ a baa, “Lɩɩ daha, a mʋ Gyudɩya paalʋʋ, dɩ ɩ hatɩnna na wɩmagɩla hʋ ɩ aa yaa.”"
4,"No one does anything in secret, if they want others to know about them. So let the world know what you are doing!”","Beewɩya nal hʋ buloŋ aa kyɛ dɩ ba gyɩma ʋ, ʋ bɩ faŋa kɩ yaa wɩya. Ɛɛwɩya, wɩya no ɩ aa yaa nyɛ, leŋ dɩ dʋnɩya nala buloŋ gyɩma ɩ."
5,Even Jesus' own brothers had not yet become his followers.,"Ʋ naabalɩya hʋ tɩɩ mɛ gyɩ bɩ laa ʋ wɩya di, ɛɛ rɛ tɩŋ ba basɩ gɛɛ."
7,"The people of this world cannot hate you. They hate me, because I tell them that they do evil things.","Dʋnɩya nala bɩ haasɩ ma, amɛ ba haasɩ ŋ kɛ rɛ, beewɩya, saŋa buloŋ nɛ ŋ basɩ kɩ tɩya ba anɩɩ ba wɩyaalɩya lɔrɔ rɛ."
8,"Go on to the festival. My time hasn't yet come, and I am not going.”","Ma lɩɩ mʋ gbɩyala hʋ, amɛ ŋ kɛ ha bee mʋ, beewɩya saŋa hʋ aa sɩ pele dɩ ŋ mʋ gbɩyala hʋ ha bɩ pele.”"
9,Jesus said this and stayed on in Galilee. Jesus at the Festival of Shelters,Ʋ basɩ gɛɛ rɛ aŋ ha hɔŋ Galili paalʋʋ tɩyaŋ kyɛyɛ baŋmana.
10,"After Jesus' brothers had gone to the festival, he went secretly, without telling anyone.","Yesu nɩmmabalɩya hʋ aa mʋʋ gbɩyala hʋ ko teŋ, ɛɛ rɛ ʋ dʋŋ mɛ sii mʋ, dɩ nal buloŋ bɩ gyɩma ʋ wɩya doŋ tɩyaŋ."
11,"During the festival the leaders of the people looked for Jesus and asked, “Where is he?”","Gyuuma nɩhɩyasɩ hʋ aa we gbɩyala hʋ tɩyaŋ gyɩ deŋ kɩ kyɛ Yesu rɛ doŋ tɩyaŋ, a kɩ pɩyɛsɩ nala a baa, “Lee rɛ ʋ we?”"
12,"The crowds even got into an argument about him. Some were saying, “Jesus is a good man,” while others were saying, “He is lying to everyone.”","Ɛɛ rɛ nala hʋ aa we gbɩyala hʋ lee gyeniŋ piili a miŋsi a kɩ basɩ Yesu wɩya. Badɔmɔŋ baa, “Ʋ yaa niwelii rɛ.” Badɔmɔŋ mɛ baa, “Aayɩ, ʋ aa mʋrɩ nala rɛ.”"
13,"But the people were afraid of their leaders, and none of them talked in public about him.","Amɛ ba buloŋ fa aa fá Gyuuma nɩhɩyasɩ hʋ rɛ, ɛɛ rɛ tɩŋ ba faŋa kɩ basɩ ʋ wɩya gɛɛ."
14,"When the festival was about half over, Jesus went into the temple and started teaching.","Gbɩyala hʋ aa ko mʋ gyʋʋ tʋtʋʋ, ɛɛ rɛ Yesu mʋ gyʋʋ Wɩɩkyʋwaldɩɩbal hʋ a piili kɩ daga nala."
16,Jesus replied: I am not teaching something I thought up. What I teach comes from the one who sent me.,"Ɛɛ rɛ Yesu basɩ tɩya ba a baa, “Wɩya no ŋ aa dagɩ lɩɩ Wɩɩsɩ lee rɛ, ŋ lee daa ba lɩɩ."
17,"If you really want to obey God, you will know if what I teach comes from God or from me.","Nal hʋ buloŋ aa yaa siri dɩ ʋ yaa wɩɩ hʋ Wɩɩsɩ aa kyo, ʋ tɩɩna sɩ gyɩma dɩ wɩya hʋ ŋ aa dagɩ lɩɩ Wɩɩsɩ lee rɛ koo ŋ tɩɩ lee rɛ ba lɩɩ."
18,"If I wanted to bring honor to myself, I would speak for myself. But I want to honor the one who sent me. This is why I tell the truth and not a lie.","Nal hʋ aa basɩ wɩya ʋ tɩɩ dee tɩyaŋ, ʋ aa basɩ kɩ kyɛ ʋ tɩɩ feŋ nɛ. Amɛ nal hʋ aa kyɛ dɩ nal hʋ aa tɩma ʋ feŋ gyɩŋ, ʋ yaa nɩtɩɩ rɛ, a bee nyɩya wɩya mɛ."
19,Didn't Moses give you the Law? Yet none of you obey it! So why do you want to kill me?,Na Moosi biŋ mɩrɩsɩ tɩya ma rɛ dɩ ma kɩ tɩŋa. Amɛ ma kɩdɩgɩ buloŋ bee tɩŋ mɩrɩsɩ no. Bee rɛ yaŋ tɩŋ ma kɩ lʋga dɩ ma kpʋ ŋ?”
20,"The crowd replied, “You're crazy! What makes you think someone wants to kill you?”","Ɛɛ rɛ gyamaa hʋ aa we doŋ pɩyɛsɩ ʋ a baa, “Na ʋ kɩɩ gyɩŋbɔmɔ rɛ kana ɩ? Kɩbee rɛ aa kyɛ dɩ ʋ kpʋ ɩ?”"
22,"Moses commanded you to circumcise your sons. But it wasn't really Moses who gave you this command. It was your ancestors, and even on the Sabbath you circumcise your sons","Amɛ akuu Moosi aa basɩ tɩya ma a baa ma kɩ keri ma biisi pene wɩya, ma aa kɩ keri ma biisi pene rɛ kyɛwiyesii hʋ kyɛɛ. Moosi daa piili wɩɩ no, ma naabaala rɛ piili ʋ."
25,"Some of the people from Jerusalem were saying, “Isn't this the man they want to kill?","Ɛɛ rɛ nala badɔmɔŋ mɛ aa lɩɩ Gyerusalɛm pɩyɛsɩ a baa, “Baal no daa á bee nɩhɩyasɩ kɩ kyɛ dɩ ba kpʋ gɛɛ?"
26,"Yet here he is, speaking for everyone to hear. And no one is arguing with him. Do you suppose the authorities know he is the Messiah?","Na, ʋ rɛ yaŋ sɩŋ nala tɩyaŋ gɛɛ a kɩ basɩ wɩya, ka nal buloŋ bɩ wuwo basɩ wɩɩ buloŋ, koo nyɛ kɛ Gyuuma nɩhɩyasɩ hʋ laa di rɛ anɩɩ ʋ rɛ yaa Krisita hʋ?"
27,"But how could that be? No one knows where the Messiah will come from, but we know where this man comes from.”","Nal buloŋ bɩ sɩ gyɩŋ lee hʋ Krisita hʋ aa lɩya, amɛ á buloŋ nɛ gyɩŋ lee hʋ baal no aa lɩya.”"
28,"As Jesus was teaching in the temple, he shouted, “Do you really think you know me and where I came from? I didn't come on my own! The one who sent me is truthful, and you don't know him.","Yesu aa daga nala Wɩɩkyʋwaldɩɩbal hʋ tɩyaŋ gɛɛ, ɛɛ rɛ ʋ pɩyɛsɩ a baa, “Na ma kɔnɩ gyɩma ŋ nɛ, a gyɩŋ lee hʋ ŋ aa lɩya mɛ? Amɛ ŋ tɩɩ dee tɩyaŋ daa ŋ ko. Nal lɛ tɩma ŋ. Nal hʋ mɛ yaŋ aa tɩma ŋ, ʋ yaa Wɩtɩɩ Tɩɩna rɛ. Ma bɩ gyɩma ʋ."
29,"But I know the one who sent me, because I came from him.”","Amɛ ŋ kɛ gyɩma ʋ rɛ, beewɩya ʋ lee rɛ ŋ lɩɩ, ʋ rɛ tɩma ŋ.”"
30,"Some of the people wanted to arrest Jesus right then. But no one even laid a hand on him, because his time had not yet come.","Ɛɛ rɛ ba kɩ kyɛ dɩ ba kana ʋ, amɛ saŋa hʋ ba aa sɩ kana ʋ ha gyɩ bɩ pele. Ɛɛwɩya nal buloŋ bɩ wuwo kpa noŋ dige ʋ."
31,"A lot of people in the crowd put their faith in him and said, “When the Messiah comes, he surely won't perform more miracles than this man has done!” Officers Sent To Arrest Jesus","Amɛ nɩgyamaa gyɩ laa ʋ wɩya di rɛ nala hʋ tɩyaŋ aŋ baa, “Ma bɩɩna anɩɩ dɩ Krisita hʋ, laataal hʋ Wɩɩsɩ aa lɩya rɛ ko, ʋ sɩ yaa wɩmagɩla te baal no?” Ba tɩŋ nala dɩ ba mʋ kaŋ Yesu"
32,"When the Pharisees heard the crowd arguing about Jesus, they got together with the chief priests and sent some temple police to arrest him.","Farasiima hʋ badɔmɔŋ aa nɩya dɩ nala miŋse kɩ basɩ Yesu wɩya gɛɛ, ɛɛ rɛ ba bee Gyuuma wɩɩkyʋwal sɩlaala nɩhɩyasɩ tɩŋ ba laalyuwolo hʋ aa sɩŋ kɩ pɔ Wɩɩkyʋwaldɩɩbal hʋ dimbee dɩ ba mʋ kaŋ Yesu."
33,"But Jesus told them, “I will be with you a little while longer, and then I will return to the one who sent me.","Ɛɛ rɛ Yesu basɩ baa, “Ŋ sɩ we ma lee kyɛyɛ baŋmana, aŋ mɩɩgɩ mʋ nal hʋ aa tɩma ŋ lee."
34,"You will look for me, but you won't find me. You cannot go where I am going.”","Ma sɩ kyɛ ŋ, amɛ ma bɩ sɩ na ŋ, beewɩya lee hʋ ŋ aa sɩ we, ma bɩ sɩ wuwo mʋ doŋ.”"
35,"The people asked each other, “Where can he go to keep us from finding him? Is he going to some foreign country where our people live? Is he going there to teach the Greeks?","Ɛɛ rɛ Gyuuma nɩhɩyasɩ hʋ mɩɩgɩ kɩ pɩyɛsɩ dɔmɔŋ a baa, “Lee rɛ baal no kɩ kyɛ dɩ ʋ mʋ, dɩ á bɩl bɩ sɩ na ʋ. Kapuwo, ʋ aa kyɛ dɩ ʋ mʋ Giriki paalʋʋ hʋ tɩyaŋ Gyuuma aa guwoso rɛ, a kɩ daga nala hʋ aa bɩ yaa Gyuuma. Ba bɩl baa,"
36,"What did he mean by saying that we will look for him, but won't find him? Why can't we go where he is going?” Streams of Life-Giving Water","‘Ʋ baa dɩ á sɩ kyɛ ʋ aŋ bɩ sɩ na ʋ, a bɩl baa dɩ á bɩl bɩ sɩ wuwo mʋ lee hʋ mɛ ʋ aa sɩ we. Wɩya no buloŋ ʋ aa basɩ, ba memii rɛ yaa bee?”’ Mɩɩbol wɩya"
37,"On the last and most important day of the festival, Jesus stood up and shouted, “If you are thirsty, come to me and drink!","Gbɩyala hʋ kyɛtenii kyɛɛ rɛ aa yaa gbɩyala hʋ sɩfɩyaŋ kyɛɛ. Ɛɛ rɛ Yesu sii sɩŋ a heeli baa, “Nal hʋ buloŋ nɩɩnyʋwasɩ aa kana, ʋ tɩɩna ko ŋ lee a nyʋwa nɩɩ.”"
38,"Have faith in me, and you will have life-giving water flowing from deep inside you, just as the Scriptures say.”","Wɩɩsɩ teŋ tɩyaŋ ba basa rɛ a baa, “Nal hʋ buloŋ aa laa ŋ wɩya di, Wɩɩsɩ wɩbii hʋ aa tɩya mɩɩbol sɩ bulo kɩ lɩɩ ʋ tɩɩna tɩya tɩyaŋ anɩɩ nɩɩ aa lɩɩ bulo tɩyaŋ gɛɛ.”"
39,"Jesus was talking about the Holy Spirit, who would be given to everyone that had faith in him. The Spirit had not yet been given to anyone, since Jesus had not yet been given his full glory. The People Take Sides","Wɩɩsɩ Wiyesi Welii hʋ Yesu aa sɩ kpa we nala hʋ aa laa ʋ di tɩyaŋ wɩya rɛ ʋ kɩ basɩ gɛɛ. Saŋa no tɩyaŋ dɩ ʋ ha gyɩ bɩ kpaa Wiyesi Welii hʋ we ba tɩyaŋ, beewɩya ba ha gyɩ bɩ kpaasɩ ʋ mal daagarɩɩ hʋ nyuu tɩyaŋ dɩ ʋ laa feŋ. Nala porigi dɔmɔŋ Yesu wɩya"
40,"When the crowd heard Jesus say this, some of them said, “He must be the Prophet!”","Nɩgyamaa hʋ aa nɩɩ wɩya hʋ Yesu aa basa, ba badɔmɔŋ baa, “Baal no rɛ kɔnɩ yaa Wɩɩsɩ Tɩŋdaal hʋ a aa gyegili dɩ ʋ lɩɩ Wɩɩsɩ lee ko.”"
41,"Others said, “He is the Messiah!” Others even said, “Can the Messiah come from Galilee?","Badɔmɔŋ mɛ baa dɩ ʋ rɛ yaa Krisita hʋ, laataal hʋ Wɩɩsɩ aa lɩya. Amɛ badɔmɔŋ mɛ baa dɩ Krisita hʋ bɩ sɩ lɩɩ Galili paalʋʋ."
42,The Scriptures say that the Messiah will come from the family of King David. Doesn't this mean that he will be born in David's hometown of Bethlehem?”,"Wɩɩsɩ teŋ tɩyaŋ ba basa anɩɩ Krisita hʋ, laataal hʋ Wɩɩsɩ aa lɩya, sɩ yaa Deviti doho nal lɛ, a lɩɩ Bɛtɩlɛhɛm, lee hʋ Deviti aa lɩya."
43,The people started taking sides against each other because of Jesus.,"Ɛɛ rɛ nala hʋ kaŋ wɩɩ no kɩ kpa dɔmɔŋ, akuu Yesu wɩya porigi dɔmɔŋ."
44,"Some of them wanted to arrest him, but no one laid a hand on him. The Leaders Refuse To Have Faith in Jesus","Ba badɔmɔŋ kɩ kyɛ dɩ ba kaŋ Yesu, amɛ nal buloŋ bɩ wuwo kpa noŋ dige ʋ."
45,"When the temple police returned to the chief priests and Pharisees, they were asked, “Why didn't you bring Jesus here?”","Ɛɛ rɛ laalyuwolo hʋ ba aa tʋma dɩ ba mʋ kaŋ Yesu hʋ mɩɩgɩ mʋ Farasiima abee wɩɩkyʋwal sɩlaala nɩhɩyasɩ hʋ lee abee nohɩllɩ. Ɛɛ rɛ ba pɩyɛsɩ ba a baa, “Bee rɛ tɩŋ ma bɩ kana ʋ ko?”"
46,"They answered, “No one has ever spoken like this man!”","Ɛɛ rɛ ba baa, “Nal buloŋ ha bɩ maakyiye basɩ wɩya anɩɩ baal no aa basɩ gɛɛ.”"
47,"The Pharisees said to them, “Have you also been fooled?","Nyɛ rɛ Farasiima nɩhɩyasɩ hʋ pɩyɛsɩ ba a baa, “Na ʋ kɩɩ ʋ mʋrɩ ma mɛ rɛ?"
48,Not one of the chief priests or the Pharisees has faith in him.,Ma ha maakyiye nɩɩ dɩ Gyuuma nɩhɩyasɩ koo Farasiima kɩdɩgɩ mɛ ha laa ʋ wɩya di?
49,And these people who don't know the Law are under God's curse anyway.”,"Amɛ nɩgyamaa no buloŋ aa laŋŋa, kɩdɩgɩ buloŋ bɩ gyɩŋ wɩya hʋ Moosi aa saba biŋ. Ɛɛwɩya Wɩɩsɩ sɩ kʋsɩ ba nyuni.”"
50,"Nicodemus was there at the time. He was a member of the council, and was the same one who had earlier come to see Jesus. He said,","Baal kɩdɩgɩ mɛ rɛ gyɩ we ba tɩyaŋ, ba kɩ yɩrɩ Nikodemu. Ʋ mɛ fa yaa Farasiima kɩdɩgɩ rɛ. Ʋ kɛ fa laa sɩya mʋ Yesu lee rɛ aŋ ka."
51,“Our Law doesn't let us condemn people before we hear what they have to say. We cannot judge them before we know what they have done.”,"Ɛɛ rɛ ʋ basɩ tɩya ba a baa, “Á mɩra bɩ daga dɩ á kpa kyogisi tɩya nal dɩ ʋ rɛ yaa wɩɩ, see dɩ á laa sɩya nɩɩ tɩɩna nyʋwa, a gyɩŋ wɩɩ hʋ ʋ aa yaa.”"
52,"Then they said, “Nicodemus, you must be from Galilee! Read the Scriptures, and you will find that no prophet is to come from Galilee.” A Woman Caught in Sin","Ɛɛ rɛ Farasiima hʋ pɩyɛsɩ ʋ a baa, “Ɩ mɛ yaa Galili tɩɩna rɛ koo? Dɩ ɩ rɛ deŋ Wɩɩsɩ teŋ hʋ tɩyaŋ, ɩ sɩ na anɩɩ Wɩɩsɩ tɩŋdaala hʋ kɩdɩgɩ buloŋ bɩ maakyiye lɩɩ Galili.”"
1,but Jesus walked out to the Mount of Olives.,"Nala hʋ buloŋ aa mʋʋ ko teŋ, Yesu mɛ kpa mʋ gyɩŋ Olivi dogimo hʋ."
2,"Then early the next morning he went to the temple. The people came to him, and he sat down and started teaching them.","Ʋ sɩgballɩya kyɩkyʋwala, ʋ bɩl mɩɩgɩ mʋ a gyʋʋ Wɩɩkyʋwaldɩɩbal hʋ. Nyɛ rɛ nala hʋ buloŋ aa we doŋ ko gol-ʋ, ʋ hɔŋ, a bɩl piili kɩ daga ba."
3,The Pharisees and the teachers of the Law of Moses brought in a woman who had been caught in bed with a man who wasn't her husband. They made her stand in the middle of the crowd.,Ɛɛ rɛ Wɩɩsɩ teŋ dɩdagɩla abee Farasiima kaŋ haaŋ kɩdɩgɩ ko gyʋʋ. Ba kaŋ haaŋ no sɔŋsɔŋ tɩyaŋ nɛ. Nyɛ rɛ ba leŋ haaŋ hʋ sii sɩŋ ba buloŋ sɩya tɩyaŋ.
4,"Then they said, “Teacher, this woman was caught sleeping with a man who isn't her husband.","Ɛɛ rɛ ba basɩ tɩya Yesu a baa, “Nɩhɩyawʋ, haaŋ no kaŋ bala rɛ, ka á kana ʋ dɩ ʋ bee badɩma pɩna."
5,The Law of Moses teaches that a woman like this should be stoned to death! What do you say?”,"Moosi mɩrɩsɩ hʋ daga anɩɩ dɩ haaŋ buloŋ nɛ ko yaa gɛɛ, dɩ á yaga ʋ tɩɩna kpʋ abee bʋwa. Ɛɛ rɛ ɩ mɛ na?”"
6,"They asked Jesus this question, because they wanted to test him and bring some charge against him. But Jesus simply bent over and started writing on the ground with his finger.","Ba basɩ gɛɛ dɩ ba ŋmaa Yesu fuu na rɛ, a wuwo na ŋmanɩɩ a kana ʋ anɩɩ ʋ kyogo rɛ. Ɛɛ rɛ Yesu kaŋ nyuu kyugili, aŋ kaŋ ʋ nonii kɩ sabɩ kɩna taŋha tɩyaŋ."
7,"They kept on asking Jesus about the woman. Finally, he stood up and said, “If any of you have never sinned, then go ahead and throw the first stone at her!”","Nyɛ rɛ ka ba ha sɩŋ, a kɩ pɩyɛsɩ ʋ wɩya. Doŋ tɩyaŋ nɛ Yesu kaŋ ʋ nyuu gye, a basɩ tɩya ba a baa, “Dɩ nal lɛ we ma tɩyaŋ daha a ha bɩ maakyiye yaa wɩbɔŋ, ma leŋ dɩ ʋ tɩɩna laa sɩya kpa bʋyɩ a yaga haaŋ no.”"
8,Once again he bent over and began writing on the ground.,Ɛɛ rɛ ʋ bɩl kaŋ ʋ nyuu kyugili a bɩl kaŋ ʋ nonii a kɩ sabɩ kɩna taŋha tɩyaŋ.
9,"The people left one by one, beginning with the oldest. Finally, Jesus and the woman were there alone.","Ba aa nɩɩ wɩɩ hʋ ʋ aa basa, ba buloŋ mɩɩgɩ fá kɩŋ kɩŋ. Ba tɩyaŋ nɩhɩyasɩ rɛ gyɩ laa sɩya fá aŋ leŋ Yesu bee haaŋ hʋ dʋŋ gyamaa hʋ sɩya tɩyaŋ."
11,"“No sir,” the woman answered. Then Jesus told her, “I am not going to accuse you either. You may go now, but don't sin anymore.” Jesus Is the Light for the World","Nyɛ rɛ haaŋ hʋ baa dɩ nal buloŋ bɩl bɩ kaa. Ɛɛ rɛ Yesu basɩ tɩya ʋ a baa, “Tɔɔ, ŋ mɛ bɩ sɩ kpa kyogisi aa maga ba kpʋ ɩ a tɩya ɩ. Amɛ kɩ mʋ aŋ ta bɩl kɩ yaa wɩbɔmɔ.” Yesu rɛ yaa dʋnɩya pʋlʋŋ"
12,"Once again Jesus spoke to the people. This time he said, “I am the light for the world! Follow me, and you won't be walking in the dark. You will have the light that gives life.”","Nyɛ rɛ Yesu bɩl basɩ tɩya Farasiima hʋ a baa, “Mɩyaŋ nɛ yaa dʋnɩya nala pʋlʋŋ. Nal hʋ buloŋ aa tɩŋa ŋ, ʋ tɩɩna bɩ sɩ maakyiye vala bilhuu tɩyaŋ. Ʋ tɩɩna sɩ kaŋ pʋlʋŋ hʋ aa tɩya nala mɩɩbol.”"
13,"The Pharisees objected, “You are the only one speaking for yourself, and what you say isn't true!”","Ɛɛ rɛ Farasiima hʋ basɩ tɩya ʋ a baa, “Ɩ tɩɩ rɛ yaa ɩ tɩɩ daŋsɩya tɩɩna gɛɛ. Wɩya hʋ ɩ aa basɩ bɩ kaŋ tɔnɔ kɩdɩgɩ buloŋ.”"
14,"Jesus replied: Even if I do speak for myself, what I say is true! I know where I came from and where I am going. But you don't know where I am from or where I am going.","Ɛɛ rɛ Yesu basɩ tɩya ba a baa, “Dɩ mɩyaŋ nɛ yaa ŋ tɩɩ daŋsɩya tɩɩna mɛ, wɩɩ hʋ ŋ aa basɩ yaa wɩtɩɩ rɛ, beewɩya ŋ gyɩŋ lee hʋ ŋ aa lɩya rɛ, a gyɩŋ lee hʋ mɛ ŋ aa mʋʋ. Amɛ ma kɛ bɩ gyɩŋ lee hʋ ŋ aa lɩya, a bɩ gyɩŋ lee hʋ mɛ ŋ aa mʋʋ."
15,"You judge in the same way that everyone else does, but I don't judge anyone.",Dʋnɩya nala hakɩla rɛ ma aa kpa kɩ di nala sarɩya a kpa kyogisi tɩya ba. Amɛ ŋ kɛ bɩ kpaa kyogisi kɩ tɩya nal buloŋ.
16,"If I did judge, I would judge fairly, because I would not be doing it alone. The Father who sent me is here with me.","Dɩ mɩyaŋ nɛ kpaa kyogisi tɩya nal mɛ, ʋ yaa wɩtɩɩ rɛ, beewɩya ŋ dʋŋ daa kpaa kyogisi kɩ tɩya ʋ tɩɩna, amɛ nal hʋ aa tɩma ŋ pɛɛ ŋ tɩyaŋ nɛ wɩɩ no tɩyaŋ."
18,"I am one of my witnesses, and the Father who sent me is the other one.","Ŋ yaa ŋ tɩɩ daŋsɩya tɩɩna rɛ, ŋ Kuwo hʋ aa tɩma ŋ mɛ yaa ŋ daŋsɩya tɩɩna.”"
19,"“Where is your Father?” they asked. “You don't know me or my Father!” Jesus answered. “If you knew me, you would know my Father.”","Ɛɛ rɛ ba pɩyɛsɩ ʋ a baa, “Lee rɛ ɩ Kuwo hʋ we?” Ɛɛ rɛ Yesu baa, “Ma kɔnɩ bɩ gyɩma ŋ, a bɩ gyɩŋ ŋ Kuwo mɛ. Dɩ mamaa rɛ fa gyɩma ŋ, ma fa sɩ gyɩŋ ŋ Kuwo mɛ.”"
20,"Jesus said this while he was still teaching in the place where the temple treasures were stored. But no one arrested him, because his time had not yet come. You Cannot Go Where I Am Going","Saŋa hʋ Yesu aa basɩ wɩya no buloŋ kɩ tɩya nala Wɩɩkyʋwaldɩɩbal hʋ tɩyaŋ gɛɛ dɩ ʋ gyɩ yaŋ kpaga lee hʋ ba aa kpa wɩɩsʋlɩɩ gbaŋsɩ hʋ kɩ biŋ nɛ. Amɛ nal buloŋ gyɩ bɩ kana ʋ, beewɩya saŋa hʋ ba aa sɩ kana ʋ ha gyɩ bɩ pele. Yesu basa ʋ Wɩɩsɩbee mɩɩgɩ mʋyɩ wɩya"
21,"Jesus also told them, “I am going away, and you will look for me. But you cannot go where I am going, and you will die with your sins unforgiven.”","Ɛɛ rɛ Yesu bɩl basɩ tɩya nala hʋ a baa, “Ŋ sɩ mʋ. Ma sɩ pɩya sɩya kyɛ ŋ, amɛ ma sɩ sʋba ma wɩbɔmɔ tɩyaŋ. Lee hʋ ŋ aa mʋʋ, ma bɩ sɩ wuwo mʋ doŋ.”"
22,"The people asked, “Does he intend to kill himself? Is that what he means by saying we cannot go where he is going?”","Ɛɛ rɛ Gyuuma nɩhɩyasɩ hʋ pɩyɛsɩ dɔmɔŋ a baa, “Ʋ baa dɩ á bɩ sɩ wuwo mʋ lee hʋ ʋ aa mʋʋ. Ʋ yaŋ basa magɩsɩ anɩɩ ʋ sɩ kpʋ ʋ tɩɩ rɛ koo ɛɛ rɛ ʋ basɩ nyɛ?”"
23,"Jesus answered, “You are from below, but I am from above. You belong to this world, but I don't.","Ɛɛ rɛ Yesu bɩl basɩ tɩya ba a baa, “Taŋhanyuu daha rɛ ma lɩɩ, amɛ ŋ kɛ lɩɩ wɩɩsɩbee rɛ. Ma yaa dʋnɩya no nala rɛ, amɛ ŋ kɛ bɩ lɩɩ dʋnɩya no."
24,"This is why I said you will die with your sins unforgiven. If you don't have faith in me for who I am, you will die, and your sins will not be forgiven.”","Ɛɛ rɛ tɩŋ ŋ gyɩ laa sɩya basɩ tɩya ma anɩɩ ma sɩ sʋba ma wɩbɔmɔ tɩyaŋ. Ma kɔnɩ yaŋ sɩ sʋba ma wɩbɔmɔ tɩyaŋ, dɩ ma ko bɩ laa di anɩɩ mɩyaŋ nɛ yaa nal hʋ ŋ aa baa ŋ yaa.”"
25,"“Who are you?” they asked Jesus. Jesus answered, “I am exactly who I told you at the beginning.","Ɛɛ rɛ ba pɩyɛsɩ ʋ a baa, “Aŋnɛ nɛ rɛ yaa ɩ?” Ɛɛ rɛ Yesu basɩ tɩya ba a baa, “Piili hʋ tɩyaŋ buloŋ nɛ ŋ daga ma nal hʋ ŋ aa yaa."
26,"There is a lot more I could say to condemn you. But the one who sent me is truthful, and I tell the people of this world only what I have heard from him.”","Ŋ kaŋ wɩya yʋga rɛ ŋ aa sɩ wuwo tɩŋ ba tɩyaŋ a kpa kyogisi tɩya ma. Amɛ nal hʋ aa tɩma ŋ, ʋ kɔnɩ yaa Wɩtɩɩ Tɩɩna rɛ. Wɩya hʋ ŋ aa nɩya ʋ nyʋwa tɩyaŋ, ba dʋŋ nɛ ŋ basɩ kɩ tɩya dʋnɩya nala.”"
27,No one understood that Jesus was talking to them about the Father.,"Ʋ aa basɩ gɛɛ, nala hʋ ha fa bɩ gyɩma anɩɩ ʋ Kuwo Wɩɩsɩ wɩya rɛ ʋ basɩ tɩya ba gɛɛ."
28,"Jesus went on to say, “When you have lifted up the Son of Man, you will know who I am. You will also know that I don't do anything on my own. I say only what my Father taught me.","Ɛɛ rɛ Yesu basɩ tɩya ba a baa, “Dɩ mamaa rɛ kaŋ mɩyaŋ Nihuwobiŋ Biye kpaasɩ mal daagarɩɩ tɩyaŋ, ma sɩ gyɩma anɩɩ mɩyaŋ nɛ yaa nal hʋ ŋ aa baa ŋ yaa. Ɛɛ mɛ tɩyaŋ nɛ ma sɩ tɩŋ gyɩma anɩɩ ŋ bee yaa wɩɩ buloŋ ŋ tɩɩ dee tɩyaŋ, amɛ wɩya hʋ ŋ Kuwo aa daga ŋ nɛ ŋ kɩ basɩ."
29,"The one who sent me is with me. I always do what pleases him, and he will never leave me.”","Nal hʋ mɛ aa tɩma ŋ ʋ bɩ vɩya ŋ ta, ʋ we ŋ lee rɛ, beewɩya saŋa buloŋ ŋ aa kɩ yaa wɩya hʋ aa fɩyɛlɩ ʋ teŋ nɛ.”"
30,"After Jesus said this, many of the people put their faith in him. The Truth Will Set You Free",Ʋ wɩbasɩɩ no gyɩ leŋ nala yʋga laa ʋ wɩya di rɛ. Wɩtɩɩ hʋ rɛ sɩ laa ma ta
31,"Jesus told the people who had faith in him, “If you keep on obeying what I have said, you truly are my disciples.","Ɛɛ rɛ Yesu basɩ tɩya nala hʋ aa laa ʋ wɩya di a baa, “Dɩ mamaa rɛ gyegile kɩ nɩɩ ŋ nyʋwa, ma kɔnɩ yaa ŋ hatɩnna rɛ."
32,"You will know the truth, and the truth will set you free.”","Ma sɩ gyɩŋ Wɩɩsɩ wɩtɩɩ hʋ, dɩ wɩtɩɩ no leŋ dɩ ma tɩŋ ma tɩɩ.”"
33,"They answered, “We are Abraham's children! We have never been anyone's slaves. How can you say we will be set free?”","Ɛɛ rɛ nala hʋ mɛ baa, “Á yaa Abɩraham doho nala rɛ. Á ha bɩ maakyiye yaa nal buloŋ yosi. Bee rɛ yaŋ tɩŋ ɩ baa dɩ á sɩ tɩŋ á tɩɩ?”"
34,Jesus replied: I tell you for certain that anyone who sins is a slave of sin!,"Ɛɛ rɛ Yesu basɩ tɩya ba a baa, “Wɩtɩɩ rɛ ŋ basɩ kɩ tɩya ma, nal hʋ kɛ buloŋ aa yaa wɩbɔmɔ, ʋ tɩɩna yaa wɩbɔmɔ yoŋ nɛ."
37,"I know that you are from Abraham's family. Yet you want to kill me, because my message isn't really in your hearts.","Ŋ gyɩma anɩɩ ma yaa Abɩraham doho nala rɛ, aŋka ma kɩ kyɛ dɩ ma kpʋ ŋ, beewɩya wɩya hʋ ŋ aa daga ma bɩ gyʋʋ ma dɩgɩna."
38,"I am telling you what my Father has shown me, just as you are doing what your father has taught you. Your Father Is the Devil","Wɩya hʋ ŋ kuwo aa daga ŋ nɛ ŋ kɩ basɩ, ka ma mɛ kɩ yaa wɩya hʋ ma kuwo aa daga ma dɩ ma kɩ yaa.”"
39,"The people said to Jesus, “Abraham is our father!” Jesus replied, “If you were Abraham's children, you would do what Abraham did.","Ɛɛ rɛ ba basɩ tɩya ʋ a baa, “Abɩraham nɛ yaa á kuwo.” Ɛɛ rɛ Yesu mɛ baa, “Dɩ mamaa rɛ kɔnɩ fa yaa Abɩraham biisi, ɛɛ kɛ ma fa sɩ kɩ yaa wɩya hʋ Abɩraham fa aa yaa."
40,"Instead, you want to kill me for telling you the truth that God gave me. Abraham never did anything like that.","Ŋ kɛ sɩfɩyaŋ buloŋ nɛ yaa dɩ ŋ basɩ Wɩɩsɩ wɩtɩɩ hʋ ʋ aa kpaa tɩya ŋ dɩ ŋ basɩ tɩya ma, ka ma ha kɩ kyɛ dɩ ma kpʋ ŋ. Amɛ Abɩraham kɛ bɩ yaa nyɛ."
41,"But you are doing exactly what your father does.” “Don't accuse us of having someone else as our father!” they said. “We just have one father, and he is God.”","Ma aa yaa wɩya hʋ ma kuwo aa yaa rɛ.” Ɛɛ rɛ ba baa, “Á yaa Wɩɩsɩ biisi tɩɩ rɛ. Wɩɩsɩ dʋŋ nɛ yaa á kuwo á aa kana.”"
42,"Jesus answered: If God were your Father, you would love me, because I came from God and now I am here. He sent me. I did not come on my own.","Ɛɛ rɛ Yesu basɩ tɩya ba a baa, “Dɩ Wɩɩsɩ rɛ kɔnɩ fa yaa ma Kuwo, ma fa sɩ kyo ŋ wɩya, beewɩya, Wɩɩsɩ lee rɛ ŋ lɩɩ ko we daha. Ŋ tɩɩ dee tɩyaŋ daa ŋ ko. Ʋ rɛ tɩma ŋ."
43,Why can't you understand what I am talking about? Can't you stand to hear what I am saying?,Bee rɛ yaŋ tɩŋ ma bɩ gyɩŋ wɩya hʋ ŋ aa basa memii? Ma bee kyɛ dɩ ma gyegile nɩɩ wɩya hʋ ŋ aa basɩ. Ɛɛ rɛ tɩŋ ma bɩ gyɩŋ ba memii gɛɛ.
44,"Your father is the devil, and you do exactly what he wants. He has always been a murderer and a liar. There is nothing truthful about him. He speaks on his own, and everything he says is a lie. Not only is he a liar himself, but he is also the father of all lies.","Ma kuwo rɛ yaa Sɩtaanɩ. Ɛɛ rɛ tɩŋ ma aa kɩ kyɛ dɩ ma kɩ yaa ʋ teŋfɩyɛl wɩya. A lɩɩ dʋnɩya lipiilii buloŋ, ʋ yaa nɩkpʋʋl lɛ. Ʋ tɩɩ paalɩ bɩ kaŋ wɩtɩɩ, beewɩya wɩtɩɩ buloŋ tuwo ʋ tɩyaŋ. Dɩ ʋ rɛ aa nyɩya wɩya, ʋ kɩyɩ rɛ paalɩ gɛɛ. Beewɩya ʋ yaa wɩnyɩyɛl lɛ, a yaa wɩnyɩyɛla buloŋ kuwo mɛ."
45,"Everything I have told you is true, and you still refuse to have faith in me.",Amɛ ŋ aa basɩ wɩtɩɩ hʋ wɩya rɛ tɩŋ ma bɩ laa ŋ wɩya di.
46,"Can any of you accuse me of sin? If you cannot, why won't you have faith in me? After all, I am telling you the truth.","Ma kɩbee rɛ sɩ wuwo daga wɩbɔŋ hʋ ŋ ha aa maakyiye yaa? Dɩ mɩyaŋ nɛ aa basɩ wɩtɩɩ, bee rɛ yaŋ tɩŋ ma bɩ laa ŋ wɩya di?"
47,"Anyone who belongs to God will listen to his message. But you refuse to listen, because you don't belong to God. Jesus and Abraham","Nal hʋ buloŋ aa lɩɩ Wɩɩsɩ lee aa gyegile kɩ nɩɩ wɩya hʋ Wɩɩsɩ aa basɩ rɛ. Ma kɛ bɩ lɩɩ Wɩɩsɩ lee, ɛɛ rɛ tɩŋ ma bɩ gyegile kɩ nɩɩ Wɩɩsɩ wɩya.” Gyuuma badɔmɔŋ vɩya Yesu wɩya"
48,"The people told Jesus, “We were right to say that you are a Samaritan and that you have a demon in you!”","Ɛɛ rɛ Gyuuma hʋ basɩ tɩya Yesu a baa, “Á kɔnɩ aa baa dɩ ɩ yaa Samaarɩya tɩɩna, ka gyɩŋbɔŋ mɛ kana ɩ hʋ, ʋ yaa wɩtɩɩ rɛ.”"
49,"Jesus answered, “I don't have a demon in me. I honor my Father, and you refuse to honor me.","Ɛɛ rɛ Yesu basɩ tɩya ba a baa, “Gyɩŋbɔŋ tuwo ŋ tɩyaŋ. Amɛ ŋ aa tɩya ŋ Kuwo gyɩrɩma rɛ, aŋka ma kɛ bee tɩya ŋ gyɩrɩma."
51,"I tell you for certain that if you obey my words, you will never die.”","Wɩtɩɩ rɛ ŋ basɩ kɩ tɩya ma, nal hʋ buloŋ aa tɩŋa ŋ nyʋwa, ʋ bɩ sɩ maakyiye sʋba.”"
52,"Then the people said, “Now we are sure that you have a demon. Abraham is dead, and so are the prophets. How can you say that no one who obeys your words will ever die?","Ɛɛ rɛ Gyuuma hʋ basɩ tɩya ʋ a baa, “Nyɛ kɛ, á yaŋ paalɩ gyɩma anɩɩ gyɩŋbɔŋ nɛ kɔnɩ kana ɩ. Abɩraham sʋba rɛ. Wɩɩsɩ tɩŋdaala hʋ mɛ sʋba. Aŋka ɩ baa dɩ nal hʋ buloŋ aa tɩŋa ɩ nyʋwa bɩ sɩ maakyiye sʋba."
53,"Are you greater than our father Abraham? He died, and so did the prophets. Who do you think you are?”",Á kuwo Abɩraham tɩɩ gba sʋba rɛ. Ɩ yaŋ bɩɩna nɩɩ ɩ rɛ tee ʋ koo? Wɩɩsɩ tɩŋdaala hʋ mɛ sʋba. Aŋnɛ rɛ yaŋ yaa ɩ kɛ?”
55,"even though you don't really know him. If I said I didn't know him, I would be a liar, just like all of you. But I know him, and I do what he says.","Ma ha bɩ maakyiye gyɩma ʋ amɛ ŋ kɛ gyɩma ʋ rɛ. Dɩ mɩyaŋ nɛ baa ŋ bɩ gyɩma ʋ, ŋ yaa wɩnyɩyɛl lɛ anɩɩ ma mɛ aa yaa wɩnyɩyɛla gɛɛ. Ŋ gyɩma ʋ rɛ a kɩ tɩŋa ʋ nyʋwa mɛ."
58,"Jesus answered, “I tell you for certain that even before Abraham was, I was, and I am.”","Ɛɛ rɛ Yesu basɩ tɩya ba a baa, “Wɩtɩɩ rɛ ŋ basɩ kɩ tɩya ma, ka dɩ ba na lʋl Abɩraham, dɩ ŋ kɛ foŋ we doŋ nɛ.”"
59,"The people picked up stones to kill Jesus, but he hid and left the temple.","Ɛɛ rɛ ba paa bʋwa dɩ ba yaga ʋ, ʋ faŋa a lʋwɔlɩ lɩɩ Wɩɩkyʋwaldɩɩbal hʋ tɩyaŋ."
1,"As Jesus walked along, he saw a man who had been blind since birth.","Yesu aa kpaa ŋmanɩɩ vala kɩ mʋ hʋ tɩyaŋ nɛ, ʋ na baal kɩdɩgɩ ba aa lʋla ʋ dɩ ʋ nyʋlɩma."
2,"Jesus' disciples asked, “Teacher, why was this man born blind? Was it because he or his parents sinned?”","Ɛɛ rɛ Yesu hatɩnna pɩyɛsɩ ʋ a baa, “Nɩhɩyawʋ, bee rɛ tɩŋ ba lʋl baal no dɩ ʋ nyʋlɩma? Baal hʋ tɩɩ wɩbɔmɔ rɛ tɩŋ koo ʋ kuwo bee ʋ naa wɩbɔmɔ rɛ tɩŋ?”"
4,"As long as it is day, we must do what the one who sent me wants me to do. When night comes, no one can work.","Á aa we pʋlʋŋ tɩyaŋ nyɛ, ma leŋ dɩ á kɩ yaa wɩya hʋ nal hʋ aa tɩma ŋ aa baa dɩ á kɩ yaa. Bilhuu sɩ ko dɩ nal buloŋ bɩl bɩ sɩ wuwo yaa wɩɩ buloŋ."
5,"While I am in the world, I am the light for the world.”","Ŋ ha aa we dʋnɩya tɩyaŋ nyɛ, mɩyaŋ nɛ yaa dʋnɩya nala pʋlʋŋ.”"
6,"After Jesus said this, he spit on the ground. He made some mud and smeared it on the man's eyes.","Yesu aa basɩ gɛɛ ko teŋ, ʋ tʋ naŋtʋwɔl biŋ taŋha, a kaŋ buu buu, a paa taa baal hʋ sɩya, aŋ basɩ tɩya ʋ a baa,"
7,"Then he said, “Go wash off the mud in Siloam Pool.” The man went and washed in Siloam, which means “One Who Is Sent.” When he had washed off the mud, he could see.","“Sii tuu Silom fuwo hʋ a sɔmɔ ɩ sɩya.” . Ɛɛ rɛ baal hʋ sii tuu fuwo hʋ, a yaa nɩɩ sɔmɔ ʋ sɩya. Ʋ sɩya suri doŋ, ʋ mɩɩgɩ mʋ dɩya."
9,"Some of them said he was the same beggar, while others said he only looked like him. But he told them, “I am that man.”","Badɔmɔŋ baa dɩ ʋ rɛ, badɔmɔŋ mɛ baa dɩ ʋ daa, dɩ ba ta kɩɩ dɔmɔŋ nɛ. Ɛɛ rɛ baal hʋ tɩɩ baa “Mɩyaŋ nɛ gɛɛ.”"
11,"He answered, “Someone named Jesus made some mud and smeared it on my eyes. He told me to go and wash it off in Siloam Pool. When I did, I could see.”","Ɛɛ rɛ baal hʋ baa, “Baal hʋ ba aa yɩrɩ Yesu, ʋ rɛ buu taŋha a paa taa ŋ sɩya, aŋ baa dɩ ŋ tuu Silom fuwo hʋ a yaa nɩɩ sɔmɔ. Ɛɛ rɛ ŋ tuu sɔmɔ, ŋ sɩya pirigi suri.”"
12,"“Where is he now?” they asked. “I don't know,” he answered. The Pharisees Try To Find Out What Happened","Ɛɛ rɛ ba pɩyɛsɩ ʋ a baa, “Lee tɩyaŋ nɛ ʋ we?” Baal hʋ baa, “Ŋ bɩ gyɩma”. Farasiima tɩŋ nyʋlʋŋ hʋ tɩɩbɩɩ naasɩ"
14,The day when Jesus made the mud and healed the man was a Sabbath. So the people took the man to the Pharisees.,Kyɛwiyesii hʋ kyɛɛ rɛ Yesu gyɩ buu taŋha a paa taa baal hʋ sɩya ba suri gɛɛ.
15,"They asked him how he was able to see, and he answered, “Jesus made some mud and smeared it on my eyes. Then after I washed it off, I could see.”","Ɛɛ rɛ Farasiima hʋ mɛ bɩl pɩyɛsɩ baal hʋ gɛɛ ʋ aa yaa ʋ sɩya suri. Baal hʋ basɩ tɩya ba a baa, “Taŋha rɛ ʋ buu a paa taa ŋ sɩya, ŋ mʋ sɔmɔ ta ŋ sɩya suri.”"
16,"Some of the Pharisees said, “This man Jesus doesn't come from God. If he did, he would not break the law of the Sabbath.” Others asked, “How could someone who is a sinner work such a miracle?” Since the Pharisees could not agree among themselves,","Ɛɛ rɛ Farasiima hʋ badɔmɔŋ baa, “Baal hʋ aa yaa wɩɩ no, Wɩɩsɩ daa tɩma ʋ, beewɩya ʋ bee tɩŋ á Kyɛwiyesii hʋ kyɛɛ sɩŋsɩ.” Ɛɛ rɛ badɔmɔŋ mɛ baa, “Ɛɛ rɛ nal hʋ aa yaa wɩbɔŋyaal sɩ wuwo kɩ yaa wɩmagɩla no?” Doŋ nɛ nyʋʋtaaduwo gyʋʋ ba, ba porigi dɔmɔŋ."
17,"they asked the man, “What do you say about this one who healed your eyes?” “He is a prophet!” the man told them.","Ɛɛ rɛ Farasiima hʋ bɩl pɩyɛsɩ baal hʋ a baa, “Ka ɩ baa ʋ suri ɩ sɩya rɛ, aŋnɛ rɛ ɩ bɩɩnɩ anɩɩ ʋ yaa?” Nyɛ rɛ baal hʋ baa “Ʋ yaa Wɩɩsɩ tɩŋdaala lɛ.”"
18,But the Jewish leaders would not believe that the man had once been blind. They sent for his parents,"Amɛ Gyuuma nɩhɩyasɩ hʋ fa bee kyɛ dɩ ba laa di anɩɩ baal hʋ fa kɔnɩ nyʋlɩma rɛ, aŋ mɩɩgɩ ko kɩ na gɛɛ, see dɩ ba na ʋ kuwo bee ʋ naa."
20,"The man's parents answered, “We are certain that he is our son, and we know that he was born blind.","Ɛɛ rɛ ba baa, “Á gyɩma anɩɩ á biye rɛ nyɛ. Á gyɩma anɩɩ á lʋla ʋ dɩ ʋ nyʋlɩma rɛ."
21,But we don't know how he got his sight or who gave it to him. Ask him! He is old enough to speak for himself.”,"Amɛ ɛɛ hʋ ʋ aa yaa ʋ sɩya suri kɛ, á bɩ gyɩma. Á bɩ gyɩŋ nal hʋ mɛ aa leŋ ʋ sɩya suri. Ma kɩ pɩyɛsɩ ʋ, ʋ hɩyasa rɛ. Ʋ aa wuwo ʋ basɩ wɩya rɛ ʋ tɩɩ.”"
23,The man's parents said this because they were afraid of their leaders. The leaders had already agreed that no one was to have anything to do with anyone who said Jesus was the Messiah.,"Biye hʋ nɩɩna bee ʋ kuwo gyɩŋ gɛɛ tɩyaŋ nɛ, ɛɛ rɛ tɩŋ ba baa dɩ ʋ hɩyasa rɛ, dɩ ba pɩyɛsɩ ʋ gɛɛ."
24,"The leaders called the man back and said, “Swear by God to tell the truth! We know that Jesus is a sinner.”","Ɛɛ rɛ Farasiima hʋ bɩl yɩrɩ baal hʋ fa aa nyʋlɩma hʋ a baa, “Á gyɩma anɩɩ baal no yaa wɩbɔŋyaal lɛ. Wɩɩsɩ sɩya tɩyaŋ, basɩ wɩtɩɩ tɩya ma.”"
25,"The man replied, “I don't know if he is a sinner or not. All I know is that I used to be blind, but now I can see!”","Baal hʋ baa, “Ŋ kɛ bɩ gyɩma dɩ baal no yaa wɩbɔŋyaal koo ʋ bɩ yaa wɩbɔŋyaal. Amɛ wɩɩ hʋ ŋ kɛ aa gyɩma rɛ nyɛ: Ŋ fa nyʋlɩma rɛ, amɛ lagɩlagɩ no ŋ aa naa rɛ.”"
26,“What did he do to you?” they asked. “How did he heal your eyes?”,"Ɛɛ rɛ ba pɩyɛsɩ ʋ a baa, “Ɛɛ rɛ ʋ yaa ɩ, ɩ sɩya suri?”"
27,"The man answered, “I have already told you once, and you refused to listen. Why do you want me to tell you again? Do you also want to become his disciples?”","Ɛɛ rɛ baal hʋ basɩ tɩya ba a baa, “Ŋ laa sɩya basɩ tɩya ma rɛ, ka ma bɩ gyegile nɩɩ. Bee rɛ tɩŋ ma bɩl kɩ kyɛ dɩ ma nɩɩ? Ma mɛ aa kyɛ dɩ ma yaa ʋ hatɩnna rɛ koo?”"
28,"The leaders insulted the man and said, “You are his follower! We are followers of Moses.","Ɛɛ rɛ ba tʋʋsɩ ʋ weliŋ aŋ baa, “Ɩ rɛ yaa baal no hatɩnnɩ, amɛ á kɛ yaa Moosi hatɩnna rɛ."
29,"We are sure God spoke to Moses, but we don't even know where Jesus comes from.”","Á gyɩma anɩɩ Wɩɩsɩ fa basɩ wɩya tɩya Moosi rɛ, amɛ baal no kɛ, á gba bɩ gyɩŋ lee hʋ ʋ aa lɩya.”"
30,"“How strange!” the man replied. “He healed my eyes, and yet you don't know where he comes from.","Ɛɛ rɛ baal hʋ baa, “Ma na wɩkperii ga! Ma bɩ gyɩŋ lee hʋ ʋ aa lɩya, amɛ ʋ rɛ suri ŋ sɩya."
31,We know that God listens only to people who love and obey him. God doesn't listen to sinners.,"Á gyɩma anɩɩ Wɩɩsɩ bɩ gyegile kɩ nɩɩ wɩbɔŋyaala nyʋwa. Ʋ aa gyegili kɩ nɩɩ nala hʋ aa fá ʋ rɛ, aŋ pɛ kɩ yaa wɩya hʋ ʋ aa kyo."
32,And this is the first time in history anyone has ever given sight to someone born blind.,"Dʋnɩya aa piile buloŋ, ma ha nɩya ba baa dɩ nal suri nal ba aa lʋla dɩ ʋ nyʋlɩma sɩya?"
33,Jesus could not do anything unless he came from God.”,"Dɩ baal no fa bɩ lɩɩ Wɩɩsɩ lee, ʋ fa bɩ sɩ wuwo yaa wɩɩ buloŋ.”"
34,"The leaders told the man, “You have been a sinner since the day you were born! Do you think you can teach us anything?” Then they said, “You can never come back into any of our synagogues!”","Ɛɛ rɛ ba basɩ tɩya baal hʋ a baa, “Ba paalɩ kɩ lʋla ɩ dɩ ɩ yaa wɩbɔŋyaal lɛ, ka ɩ mɛ yaŋ kɩ kyɛ dɩ ɩ daga ma koo?” Ɛɛ rɛ ba kile ʋ ta ʋ lɩɩ Wɩɩkyʋwaldɩya hʋ tɩyaŋ. Hakɩl-nyʋlɩma tɩmma"
35,"When Jesus heard what had happened, he went and found the man. Then Jesus asked, “Do you have faith in the Son of Man?”","Yesu aa nɩya dɩ ba kile baal hʋ ta Wɩɩkyʋwaldɩya hʋ tɩyaŋ, ʋ mʋ kyɛ na ʋ a pɩyɛsɩ ʋ a baa, “Ɩ laa Nihuwobiŋ Biye hʋ wɩya di rɛ?”"
36,"He replied, “Sir, if you will tell me who he is, I will put my faith in him.”","Ɛɛ rɛ baal hʋ pɩyɛsɩ ʋ a baa, “Aŋnɛ rɛ gɛɛ? Daga ŋ tɩɩna, ŋ nɩhɩyawʋ, dɩ ŋ laa ʋ wɩya di.”"
37,"“You have already seen him,” Jesus answered, “and right now he is talking with you.”","Ɛɛ rɛ Yesu basɩ tɩya ʋ a baa, “Ɩ foŋ na ʋ rɛ. Ʋ rɛ yaa nal hʋ aa basɩ wɩya ɩ lee nyɛ.”"
38,"The man said, “Lord, I put my faith in you!” Then he worshiped Jesus.","Ɛɛ rɛ baal hʋ tuu gbinni Yesu sɩya tɩyaŋ, a kyʋwalɩ ʋ aŋ baa, “Ŋ Tɩɩna, ŋ laa ɩ di rɛ.”"
39,"Jesus told him, “I came to judge the people of this world. I am here to give sight to the blind and to make blind everyone who can see.”","Nyɛ rɛ Yesu baa, “Ŋ ko dʋnɩya rɛ dɩ dʋnɩya nala na ba wɩbɔmɔ, ka dɩ ŋ leŋ nala hʋ aa nyʋlɩma sɩyasɩ suri, ka nala hʋ mɛ aa baa dɩ ba sɩya suro dɩ ba mɛ nyʋlɩmɩ.”"
41,"Jesus answered, “If you were blind, you would not be guilty. But now that you claim to see, you will keep on being guilty.”","Ɛɛ rɛ Yesu basɩ tɩya ba a baa, “Dɩ mamaa rɛ fa nyʋlɩma, ma fa bɩ sɩ kaŋ wɩkyogii buloŋ. Amɛ ma foŋ aa baa dɩ ma aa naa nyɛ, a gyɩŋ wɩtɩɩ hʋ, ɛɛ rɛ tɩŋ ma ha we ma kyogisi tɩyaŋ.”"
1,Jesus said: I tell you for certain only thieves and robbers climb over the fence instead of going in through the gate to the sheep pen.,"Ɛɛ rɛ Yesu maga namaga a baa, “Wɩtɩɩ rɛ ŋ basɩ kɩ tɩya ma, nal hʋ buloŋ aa bɩ tɩŋ dimbeenyʋwa hʋ a gyʋʋ pedɩya hʋ, aŋ wile tɩŋ gyekariya gyʋʋ, ʋ tɩɩna yaa gaal lɛ, a kɩ fasɩ nala kɩna mɛ."
3,"But the gatekeeper opens the gate for the shepherd, and he goes in through it. The sheep know their shepherd's voice. He calls each of them by name and leads them out.","Pedɩya didenni hʋ aa suri pedɩya hʋ dimbeenyʋwa rɛ a tɩya ʋ. Piyese hʋ mɛ gyɩŋ ʋ taal. Piyesi hʋ tɩɩna aa yɩrɩ ba kɩdɩgɩ buloŋ feŋ nɛ, a laa ba sɩya a kaŋ ba lɩɩ."
4,"When he has led out all of his sheep, he walks in front of them, and they follow, because they know his voice.","Dɩ ʋ rɛ ko kaŋ ba buloŋ lɩɩ teŋ, ʋ aa laa ba sɩya rɛ, ka piyese hʋ kɩ tɩŋa ʋ hal, beewɩya ba gyɩŋ ʋ taal lɛ."
5,"The sheep will not follow strangers. They don't recognize a stranger's voice, and they run away.","Ba bɩ sɩ laa nyʋwa tɩŋ nɩdʋma hal, see dɩ ba mɩɩgɩ fá tɩɩna hal tɩyaŋ, beewɩya ba bɩ gyɩŋ ʋ taal.”"
6,Jesus told the people this story. But they did not understand what he was talking about. Jesus Is the Good Shepherd,"Yesu gyɩ maga namaga no tɩya ba rɛ, amɛ ba gyɩ bɩ gyɩŋ wɩɩ hʋ ʋ aa basɩ tɩya ba memii."
7,Jesus said: I tell you for certain that I am the gate for the sheep.,"Ɛɛ rɛ Yesu bɩl basɩ tɩya ba a baa, “Wɩtɩɩ rɛ ŋ basɩ kɩ tɩya ma, mɩyaŋ nɛ yaa pedɩya hʋ dimbeenyʋwa."
8,"Everyone who came before me was a thief or a robber, and the sheep did not listen to any of them.","Nala hʋ buloŋ aa laa sɩya ko ŋ tɩyaŋ a nyɩya wɩya baa dɩ Wɩɩsɩ rɛ tɩŋ ba, ba buloŋ yaa gaala rɛ, a kɩ fasɩ nala kɩna mɛ, piyese hʋ mɛ bee tɩŋ ba nyʋwa."
9,I am the gate. All who come in through me will be saved. Through me they will come and go and find pasture.,"Mɩyaŋ nɛ yaa dimbeenyʋwa hʋ. Nal hʋ buloŋ aa tɩŋa ŋ tɩyaŋ a kɩ gyʋʋ, ŋ sɩ pɔ ʋ weliŋ. Ʋ sɩ lɩɩ aŋ mɩɩgɩ ko kɩ gyʋʋ abee laaŋfɩya, a na kɩdiweliye mɛ kɩ di."
10,"A thief comes only to rob, kill, and destroy. I came so everyone would have life, and have it fully.","Gaal hʋ kɛ ko dɩ ʋ gaa rɛ, a kpʋ, aŋ kyogi kyogisi, amɛ ŋ kɛ ko rɛ dɩ nala hʋ aa tɩŋa ŋ nyʋwa kaŋ mɩɩbol aa kaŋ tɔnɔ.”"
11,"I am the good shepherd, and the good shepherd gives up his life for his sheep.","Yesu bɩl baa, “Mɩyaŋ nɛ yaa pedaalwelii hʋ. Pedaalwelii aa kpa ʋ mɩɩbol lenni sʋʋ rɛ ʋ piyese wɩya."
12,"Hired workers are not like the shepherd. They don't own the sheep, and when they see a wolf coming, they run off and leave the sheep. Then the wolf attacks and scatters the flock.","Amɛ nal hʋ ba aa kpaa ʋ kɩ daa piyese hʋ a kɩ laa tuno, ʋ tɩɩna daa tɩŋ piyese hʋ. Ɛɛwɩya dɩ ʋ rɛ ko na gboo dɩ ʋ aa ko, ʋ aa vɩya piyese hʋ ta rɛ aŋ fá. Gboo hʋ aa ko kaŋ kɩdɩgɩ rɛ aŋ ŋmaa kɩkaalɩya hʋ buloŋ pɩsa."
13,Hired workers run away because they don't care about the sheep.,"Ʋ aa fá rɛ, beewɩya ʋ tuno wɩya rɛ ʋ kɩ daa piyese hʋ. Ʋ sɩya tuwo piyese hʋ tɩyaŋ."
14,"I am the good shepherd. I know my sheep, and they know me.","Mɩyaŋ nɛ yaa pedaalwelii hʋ. Ŋ gyɩma ŋ piyese rɛ, ŋ piyese mɛ gyɩma ŋ."
15,"Just as the Father knows me, I know the Father, and I give up my life for my sheep.","Anɩɩ ɛɛ hʋ ŋ Kuwo aa gyɩma ŋ, ɛɛ rɛ ŋ mɛ gyɩma ʋ. Ŋ yaa siri rɛ dɩ ŋ kpa ŋ mɩɩbol lenni sʋʋ ŋ piyese wɩya."
16,"I have other sheep that are not in this sheep pen. I must also bring them together, when they hear my voice. Then there will be one flock of sheep and one shepherd.","Ŋ kaŋ piyese badɔmɔŋ mɛ rɛ, aŋka ba tuwo pedɩya no tɩyaŋ. Ʋ maga dɩ ŋ kasɩ ba mɛ ko pɛ piyese no tɩyaŋ nɛ, dɩ ba buloŋ yaa nɩdɩgɩ piyese a gyɩŋ ŋ taal, ka dɩ ba pedaal mɛ yaa nɩdɩgɩ."
17,"The Father loves me, because I give up my life, so I may receive it back again.","Ŋ kuwo kyo ŋ wɩya rɛ, beewɩya ŋ yaa siri rɛ dɩ ŋ sʋba ŋ tɩɩ kyɛrɩ tɩyaŋ. Ka dɩ ŋ ha bɩl sii sʋʋ tɩyaŋ mɛ."
18,"No one takes my life from me. I give it up willingly! I have the power to give it up and the power to receive it back again, just as my Father commanded me to do.","Nal buloŋ bɩ sɩ wuwo kpʋ ŋ dɩ ŋ bɩ tɩya ʋ tɩɩna ŋmanɩɩ. Ŋ tɩɩ kyɛrɩ tɩyaŋ nɛ ŋ sɩ kpa ŋ mɩɩbol tɩya sʋʋ. Ŋ kaŋ dee rɛ ŋ aa sɩ kpa ŋ mɩɩbol tɩya sʋʋ, a bɩl kaŋ dee mɛ ŋ aa sɩ laa ʋ sʋʋ lee. Ŋ kuwo aa baa ŋ yaa wɩɩ rɛ gɛɛ.”"
19,The people took sides because of what Jesus had told them.,"Yesu aa basɩ wɩya no, Gyuuma hʋ kuu ɛɛ wɩya a porigi dɔmɔŋ."
20,"Many of them said, “He has a demon in him! He is crazy! Why listen to him?”","Ba gyeniŋ buloŋ baa, “Bee rɛ tɩŋ ma gyegili kɩ nɩɩ baal no wɩbasɩɩ? Gyɩŋbɔŋ nɛ kana ʋ! Ʋ aa yaarɩ rɛ!”"
21,"But others said, “How could anyone with a demon in him say these things? No one like this could give sight to a blind person!” Jesus Is Rejected","Ba badɔmɔŋ mɛ baa, “Nal hʋ gyɩŋbɔŋ aa kana bɩ sɩ wuwo kɩ basɩ wɩya no. Gyɩŋbɔŋ wuwo kɩ suri nyʋlʋŋ sɩya rɛ?” Ba vɩya Yesu"
23,"One day he was walking in the part of the temple known as Solomon's Porch,",Saŋa no tɩyaŋ dɩ Yesu gyɩ we Wɩɩkyʋwaldɩɩbal hʋ gyambarɩŋ hʋ ba aa yɩrɩ Solomɔn Gyambarɩŋ tɩyaŋ nɛ a kɩ vala.
24,"and the people gathered all around him. They said, “How long are you going to keep us guessing? If you are the Messiah, tell us plainly!”","Ɛɛ rɛ nala ko gol-ʋ, a pɩyɛsɩ ʋ a baa, “Mɔɔgɛɛ rɛ ɩ kɩ kyɛ dɩ á gyegili maga ka dɩ ɩ na daga nal hʋ ɩ aa yaa tɩya ma? Dɩ ɩ rɛ yaa Krisita hʋ, laataal hʋ Wɩɩsɩ aa lɩya, basɩ polli tɩya ma dɩ á gyɩma.”"
25,"Jesus answered: I have told you, and you refused to believe me. The things I do by my Father's authority show who I am.","Ɛɛ rɛ Yesu basɩ tɩya ba a baa, “Ŋ laa sɩya basɩ tɩya ma rɛ, ka ma bɩ laa di. Tʋma hʋ ŋ aa tʋŋ ŋ Kuwo dee tɩyaŋ, ba aa rɛ aa di ŋ daŋsɩya."
26,"But since you are not my sheep, you don't believe me.","Amɛ ma bɩ yaa ŋ piyese, ɛɛ rɛ tɩŋ ma bɩ laa ŋ wɩya di."
27,"My sheep know my voice, and I know them. They follow me,","Ŋ piyese gyɩma ŋ taal lɛ, ŋ mɛ gyɩŋ ba, ba kɩ tɩŋa ŋ hal."
28,"and I give them eternal life, so that they will never be lost. No one can snatch them out of my hand.","Ŋ aa tɩya ba mɩɩbol hʋ aa bɩ kaŋ tenii rɛ, ba bɩ sɩ maakyiye sʋba. Nal buloŋ mɛ bɩ sɩ wuwo kaŋ ba laa ŋ nosi tɩyaŋ maakyiye kɩdɩgɩ buloŋ."
29,"My Father gave them to me, and he is greater than all others. No one can snatch them from his hands,","Ŋ Kuwo aa kpaa ba tɩya ŋ, ʋ rɛ tee kɩŋ buloŋ. Nal buloŋ mɛ yaŋ bɩ sɩ wuwo kaŋ ba laa ʋ nosi tɩyaŋ."
30,and I am one with the Father.,Ŋ bee ŋ Kuwo buloŋ yaa kɩdɩgɩ rɛ.”
31,Once again the people picked up stones in order to kill Jesus.,"Yesu aa basɩ gɛɛ, Gyuuma hʋ bɩl paa bʋwa dɩ ba yaga ʋ."
32,"But he said, “I have shown you many good things my Father sent me to do. Which one are you going to stone me for?”","Ɛɛ rɛ Yesu basɩ tɩya ba a baa, “Ŋ Kuwo tɩya ŋ dee rɛ ŋ yaa wɩweliye yʋga ma sɩɩ tɩyaŋ. Ba kɩbee wɩya rɛ tɩŋ ma kɩ kyɛ dɩ ma yaga ŋ nyɛ?”"
33,"They answered, “We are not stoning you because of any good thing you did. We are stoning you because you did a terrible thing. You are just a man, and here you are claiming to be God!”","Gyuuma hʋ mɛ mɩɩgɩ baa, “Á bee kyɛ dɩ á yaga ɩ akuu ɩ aa yaa wɩweliye no kɩdɩgɩ buloŋ wɩya, amɛ ɩ yaa nihuwobiŋ nɛ aŋ kpa ɩ tɩɩ anɩɩ ɩ rɛ yaa Wɩɩsɩ, ɛɛ rɛ tɩŋ.”"
34,"Jesus replied: In your Scriptures doesn't God say, “You are gods”?","Ɛɛ rɛ Yesu basɩ tɩya ba a baa, “Ma tɩɩ mɩrɩsɩ tɩyaŋ ba basa rɛ anɩɩ Wɩɩsɩ baa, ‘Ma yaa wɩɩbiisi rɛ.”’"
36,"So why do you accuse me of a terrible sin for saying that I am the Son of God? After all, it is the Father who prepared me for this work. He is also the one who sent me into the world.","bee rɛ yaŋ sɩ tɩŋ dɩ Wɩɩsɩ lɩɩ ŋ, a tɩma ŋ ŋ ko tuu dʋnɩya, dɩ ma baa ŋ kpaa ŋ tɩɩ kɩ magɩsɩ Wɩɩsɩ rɛ akuu ŋ aa baa dɩ ŋ yaa Wɩɩsɩ Biye wɩya?"
37,"If I don't do as my Father does, you should not believe me.","Dɩ mɩyaŋ nɛ ko bee yaa wɩya hʋ ŋ Kuwo aa kyɛ dɩ ŋ yaa, ɛɛ kɛ ma ta laa ŋ wɩya di."
38,"But if I do what my Father does, you should believe because of that, even if you don't have faith in me. Then you will know for certain that the Father is one with me, and I am one with the Father.","Amɛ dɩ mɩyaŋ nɛ aa yaa wɩya hʋ ŋ Kuwo aa baa ŋ kɩ yaa, abee ma aa bɩ laa ŋ di nyɛ buloŋ mɛ, ka ʋ maga dɩ ma laa wɩya no di rɛ a kɔnɩ wuwo gyɩma anɩɩ ŋ bee ŋ kuwo buloŋ yaa kɩdɩgɩ rɛ."
39,Again they wanted to arrest Jesus. But he escaped,"Ʋ aa basɩ gɛɛ, ba bɩl kɩ kyɛ dɩ ba kana ʋ, ɛɛ rɛ ʋ lʋwɔlɩ lɩɩ doŋ."
40,"and crossed the Jordan to the place where John had earlier been baptizing. While Jesus was there,","Ɛɛ rɛ Yesu bɩl mɩɩgɩ mʋ kyol Gyɔɔdaŋ fuwo hʋ, a mʋ we lee hʋ tɩyaŋ Gyɔɔŋ fa aa fo nala wɩɩkyʋwalnɩɩ hʋ."
41,"many people came to him. They were saying, “John didn't work any miracles, but everything he said about Jesus is true.”","Nyɛ rɛ nɩgyamaa kɩ ko ʋ lee. Ba basɩ tɩya dɔmɔŋ a baa, “Gyɔɔŋ fa bɩ yaa wɩmagɩl buloŋ, amɛ wɩya hʋ buloŋ ʋ fa aa basa a mʋ kɩ tile baal no tɩyaŋ kɔnɩ yaa wɩtɩɩ rɛ.”"
42,A lot of those people also put their faith in Jesus.,Ɛɛ rɛ nɩgyamaa hʋ gyɩ aa we doŋ laa Yesu wɩya di.
3,The sisters sent a message to the Lord and told him that his good friend Lazarus was sick.,"Nyɛ rɛ ʋ naatoliye hʋ tɩma ba mʋ basɩ tɩya Yesu a baa, “Á Tɩɩna, ɩ kyaŋkyoolii hʋ aa wɩɩlɩ rɛ.”"
4,"When Jesus heard this, he said, “His sickness won't end in death. It will bring glory to God and his Son.”","Yesu aa nɩɩ wɩɩ no, ʋ baa, “Wɩɩla no litenii daa sɩ yaa Laazʋrɔsɩ sʋʋ, amɛ ʋ pɩŋ wɩɩla no rɛ dɩ nala na Wɩɩsɩ gaŋdarɩ, ka dɩ mɩyaŋ Wɩɩsɩ Biye mɛ tɩŋ gɛɛ tɩyaŋ a laa ŋ gaŋdarɩ.”"
7,"Then he said to his disciples, “Now we will go back to Judea.”","Ɛɛ hal tɩyaŋ nɛ ʋ basɩ tɩya ʋ hatɩnna hʋ a baa, “Ma leŋ dɩ á mɩɩgɩ mʋ Gyudɩya paalʋʋ.”"
8,"“Teacher,” they said, “the people there want to stone you to death! Why do you want to go back?”","Ɛɛ rɛ Yesu hatɩnna hʋ basɩ tɩya ʋ a baa, “Á nɩhɩyawʋ, dɩyaraŋ biisi no ɩ daa Gyuuma paa bʋwa kɩ kyɛ ba yaga gɛɛ. Bee rɛ yaŋ tɩŋ ɩ bɩl kɩ kyɛ dɩ ɩ mʋ doŋ?”"
9,"Jesus answered, “Aren't there twelve hours in each day? If you walk during the day, you will have light from the sun, and you won't stumble.","Ɛɛ rɛ Yesu baa, “Sɩgballɩya buloŋ kaŋ ʋ tebine bee ʋ wɩɩhaa rɛ. Ɛɛwɩya, nal hʋ aa vala wɩɩhaa, ʋ bee garɩ kɩna, beewɩya lee buloŋ aa kyaanɩ rɛ."
10,"But if you walk during the night, you will stumble, because you don't have any light.”","Amɛ nal hʋ aa vala tebine, ʋ aa kɩ garɩ kɩna rɛ, beewɩya pʋlʋŋ tuwo.”"
11,"Then he told them, “Our friend Lazarus is asleep, and I am going there to wake him up.”","Ɛɛ rɛ Yesu bɩl basɩ tɩya ʋ hatɩnna hʋ a baa, “Á kyana Laazʋrɔsɩ pɩŋ doo rɛ, amɛ ŋ sɩ mʋ kyisi ʋ doo hʋ tɩyaŋ.”"
12,"They replied, “Lord, if he is asleep, he will get better.”","Ɛɛ rɛ ʋ hatɩnna hʋ basɩ tɩya ʋ a baa, “Dɩ ʋ rɛ pɩŋ doo, ɛɛ daga anɩɩ ʋ sɩ deye.”"
13,"Jesus really meant that Lazarus was dead, but they thought he was talking only about sleep.","Yesu aa basɩ gɛɛ, ʋ daga anɩɩ Laazʋrɔsɩ sʋba rɛ gɛɛ, amɛ ʋ hatɩnna hʋ kɛ fa bɩɩna anɩɩ doo tɩɩ rɛ ʋ kɔnɩ pɩŋ."
15,"I am glad I wasn't there, because now you will have a chance to put your faith in me. Let's go to him.”","Ɛɛ rɛ Yesu baa, “Ma wɩya, ŋ teŋ fɩyɛla abee Laazʋrɔsɩ aa sʋba dɩ ŋ tuwo doŋ. Ma sɩ tɩŋ gɛɛ tɩyaŋ, a laa ŋ wɩya di. Ma leŋ dɩ á mʋ ʋ lee.”"
16,"Thomas, whose nickname was “Twin,” said to the other disciples, “Come on. Let's go, so we can die with him.” Jesus Brings Lazarus to Life","Ɛɛ rɛ Tɔmaasɩ, Yesu hatɩnna hʋ kɩdɩgɩ ba aa yɩrɩ daalɩyanɩ, basɩ tɩya ʋ dɔŋtɩŋsɩ hʋ a baa, “Ma leŋ dɩ á buloŋ tɩŋ Yesu hal mʋ, dɩ ʋ rɛ sɩ sʋba mɛ, dɩ á buloŋ sʋba.”"
17,"When Jesus got to Bethany, he found that Lazarus had already been in the tomb four days.","Ɛɛ rɛ Yesu bee ʋ hatɩnna hʋ kpa mʋ Bɛɛtani. Ba aa mʋʋ pele doŋ, ɛɛ rɛ Yesu nɩɩ anɩɩ Laazʋrɔsɩ kyɛyɛ banaa rɛ gɛɛ ba aa hogo ʋ."
18,"Bethany was less than three kilometers from Jerusalem,",Bɛɛtani abee Gyerusalɛm gyɩ bɩ pele meeldaasɩ balɩya.
19,and many people had come from the city to comfort Martha and Mary because their brother had died.,"Gyuuma fa yʋga a lɩɩ Gyerusalɛm ko Bɛɛtani dɩ ba lɔllɩ Maata abee Mɛɛrɩ, ba nɩɩnabiibaal hʋ aa sʋba wɩya."
20,"When Martha heard that Jesus had arrived, she went out to meet him, but Mary stayed in the house.","Maata aa nɩya anɩɩ Yesu we ŋmanɩɩ tɩyaŋ, ɛɛ rɛ ʋ sii lɩɩ mʋ dɩ ʋ kyeme ʋ, aŋka Mɛɛrɩ kɛ fa we dɩya tɩyaŋ."
21,"Martha said to Jesus, “Lord, if you had been here, my brother would not have died.","Ɛɛ rɛ Maata basɩ tɩya Yesu a baa, “Ŋ Tɩɩna, dɩ ɩ rɛ fa we daha, ŋ naabiibaal hʋ fa bɩ sɩ sʋba."
24,"Martha answered, “I know he will be raised to life on the last day, when all the dead are raised.”","Ɛɛ rɛ Maata basɩ tɩya ʋ a baa, “Ŋ gyɩma anɩɩ dʋnɩya kyɛtenii, ʋ sɩ sii sʋʋ tɩyaŋ.”"
25,"Jesus then said, “I am the one who raises the dead to life! Everyone who has faith in me will live, even if they die.","Ɛɛ rɛ Yesu basɩ tɩya ʋ a baa, “Mɩyaŋ nɛ yaa nal hʋ aa kyisi nala sʋʋ tɩyaŋ a tɩya ba mɩɩbol. Nala hʋ buloŋ aa laa ŋ wɩya di, dɩ ba aa rɛ sʋba mɛ, ba sɩ kaŋ mɩɩbol."
27,"“Yes, Lord!” she replied. “I believe you are the Christ, the Son of God. You are the one we hoped would come into the world.”","Ɛɛ rɛ Maata baa, “Waa, ŋ Tɩɩna. Ŋ laa di anɩɩ ɩ rɛ yaa Krisita hʋ, laataal hʋ Wɩɩsɩ aa lɩya, a yaa Wɩɩsɩ Biye mɛ, nal hʋ Wɩɩsɩ aa baa ʋ sɩ ko tuu dʋnɩya no.” Yesu wiye"
28,"After Martha said this, she went and privately said to her sister Mary, “The Teacher is here, and he wants to see you.”","Maata aa basɩ wɩya no teŋ, ʋ mɩɩgɩ gyʋʋ dɩya a lʋwɔlɩ yɩrɩ ʋ naatoluu Mɛɛrɩ, a miŋsi basɩ tɩya ʋ a baa, “Mɛɛrɩ, á nɩhɩyawʋ hʋ ko rɛ, a pɩyɛsɩ kɩ kyɛ ɩ.”"
29,"As soon as Mary heard this, she got up and went out to Jesus.","Mɛɛrɩ aa nɩɩ gɛɛ, ʋ sii lagɩ lagɩ, a lɩɩ dɩ ʋ kyeme ʋ."
30,He was still outside the village where Martha had gone to meet him.,"Saŋa no tɩyaŋ dɩ Yesu ha bɩ gyʋʋ bee hʋ tɩyaŋ, dɩ ʋ ha gyɩ we lee hʋ Maata aa kyeme ʋ hʋ tɩyaŋ nɛ."
31,"Many people had come to comfort Mary, and when they saw her quickly leave the house, they thought she was going out to the tomb to cry. So they followed her.","Nala hʋ fa aa we dɩya hʋ tɩyaŋ a kɩ fɩyɛlɩ Mɛɛrɩ bembii, aa naa dɩ ʋ sii tarɩsɩ kɩ lɩɩ gɛɛ, ba mɛ sii tɩŋa ʋ hal, beewɩya ba kɛ fa bɩɩna anɩɩ ʋ aa kyɛ dɩ ʋ mʋ wii Laazʋrɔsɩ bil hʋ lee rɛ."
32,"Mary went to where Jesus was. Then as soon as she saw him, she knelt at his feet and said, “Lord, if you had been here, my brother would not have died.”","Mɛɛrɩ aa mʋʋ pele lee hʋ Yesu fa aa wee a na ʋ, ʋ tuu tele ʋ naasɩ tɩyaŋ aŋ baa, “Ŋ Tɩɩna, dɩ ɩ rɛ fa we daha, ŋ naabiibaal no fa bɩ sɩ sʋba.”"
33,"When Jesus saw that Mary and the people with her were crying, he was terribly upset","Yesu aa naa Mɛɛrɩ abee nala hʋ aa tɩŋa ʋ hal aa wii gɛɛ, ʋ tɩya kyogi kɩŋkaŋ. Ʋ nyuu buloŋ nyiiri."
34,"and asked, “Where have you put his body?” They replied, “Lord, come and you will see.”","Ɛɛ rɛ ʋ pɩyɛsɩ ba a baa, “Lee tɩyaŋ nɛ ma hogo ʋ?” Ba basɩ tɩya ʋ a baa, “Á Tɩɩna, ko na doŋ.”"
36,"and the people said, “See how much he loved Lazarus.”","Ɛɛ rɛ nala hʋ basɩ tɩya dɔmɔŋ a baa, “Ma na ʋ aa kyo ʋ gɛɛ.”"
37,"Some of them said, “He gives sight to the blind. Why couldn't he have kept Lazarus from dying?”","Badɔmɔŋ mɛ pɩyɛsɩ a baa, “Ka ʋ rɛ gyɩ suri nyʋlʋŋ hʋ sɩya gɛɛ, ʋ fa bɩ sɩ wuwo leŋ dɩ Laazʋrɔsɩ ta sʋba?”"
38,"Jesus was still terribly upset. So he went to the tomb, which was a cave with a stone rolled against the entrance.","Ba aa basɩ gɛɛ, Yesu nyuu bɩl nyiiri. Ɛɛ rɛ ba mʋ pele bʋwa hʋ lee. Bʋwa hʋ fa yaa bʋbʋwa rɛ, ka ba kpa bʋyɩ tɔ ʋ nyʋwa."
39,"Then he told the people to roll the stone away. But Martha said, “Lord, you know that Lazarus has been dead four days, and there will be a bad smell.”","Ɛɛ rɛ Yesu baa dɩ ba kaŋ bʋyɩ hʋ suri bʋwa hʋ nyʋwa tɩyaŋ. Ɛɛ rɛ Maata, Laazʋrɔsɩ nɩɩnatoliye hʋ kɩdɩgɩ basɩ tɩya ʋ a baa, “Ŋ Tɩɩna, ʋ aa sʋba ʋ kyɛyɛ banaa rɛ yaa gyɩnaŋ. Mɔɔnyɛ ʋ aa sʋwalɩ.”"
40,"Jesus replied, “Didn't I tell you that if you had faith, you would see the glory of God?”","Ɛɛ rɛ Yesu basɩ tɩya ʋ a baa, “Ŋ bɩ basɩ tɩya ɩ anɩɩ dɩ ɩ rɛ laa ŋ wɩya di, ɩ sɩ na Wɩɩsɩ dee aa maga gɛɛ?”"
41,"After the stone had been rolled aside, Jesus looked up toward heaven and prayed, “Father, I thank you for answering my prayer.","Ɛɛ rɛ ba kaŋ bʋyɩ hʋ suri. Yesu wil deŋ wɩɩsɩnyuu aŋ baa, “Ŋ Kuwo, ŋ aa kyʋwalɩ ɩ aŋgyʋwasʋ abee ɩ aa gyegile kɩ nɩɩ ŋ wulo."
42,"I know that you always answer my prayers. But I said this, so the people here would believe you sent me.”","Ŋ gyɩma anɩɩ ɩ gyegili kɩ nɩɩ ŋ wulo rɛ saŋa buloŋ. Amɛ nala no aa we daha wɩya rɛ tɩŋ ŋ basɩ wɩɩ no, dɩ ba wuwo laa di anɩɩ ɩ rɛ tɩma ŋ.”"
43,"When Jesus had finished praying, he shouted, “Lazarus, come out!”","Yesu aa basɩ gɛɛ ko teŋ, ʋ nɔsɩ yɩrɩ a baa, “Laazʋrɔsɩ, ko lɩɩ!”"
44,"The man who had been dead came out. His hands and feet were wrapped with strips of burial cloth, and a cloth covered his face. Jesus then told the people, “Untie him and let him go.” The Plot To Kill Jesus (Matthew","Ʋ aa basɩ gɛɛ baal hʋ aa sʋba hʋ sii ko lɩɩ. Ʋ aa ko lɩɩ dɩ liŋe hʋ ha fa vʋwa ʋ naasɩ abee ʋ nosi buloŋ, ka kɩdɩgɩ mɛ tɔ ʋ sɩya. Ɛɛ rɛ Yesu basɩ tɩya nala hʋ a baa, “Ma kaŋ kɩna hʋ puri ta ʋ tɩyaŋ dɩ ʋ mʋ.” Ba vʋʋla dɩ ba kpʋ Yesu Matiwu"
45,"Many of the people who had come to visit Mary saw the things Jesus did, and they put their faith in him.","Nala hʋ gyɩ aa ko dɩ ba kyʋwalɩ Mɛɛrɩ, a na wɩɩ hʋ Yesu aa yaa, ba tɩyaŋ nala yʋga gyɩ laa ʋ wɩya di rɛ."
46,Others went to the Pharisees and told what Jesus had done.,Ka ba badɔmɔŋ mɛ mɩɩgɩ mʋ basɩ tɩya Farasiima badɔmɔŋ wɩɩ hʋ Yesu aa yaa.
47,"Then the chief priests and the Pharisees called the council together and said, “What should we do? This man is working a lot of miracles.","Ɛɛ rɛ Farasiima hʋ abee wɩɩkyʋwal sɩlaala nɩhɩyasɩ hʋ abee bee hʋ nɩhɩyasɩ na dɔmɔŋ a baa, “Wɩbee rɛ á sɩ yaa? Ma na wɩmagɩla no buloŋ baal no aa yaa."
48,"If we don't stop him now, everyone will put their faith in him. Then the Romans will come and destroy our temple and our nation.”","Dɩ ámaa rɛ leŋ dɩ ʋ yaa wɩya no kɩ mʋ deŋdeŋ, nal nal buloŋ sɩ ko laa ʋ wɩya di. Dɩ gɛɛ rɛ ko yaa, Roma paalʋʋ nala sɩ ko kaŋ á taŋha abee á Wɩɩkyʋwaldɩɩbal hʋ buloŋ laa.”"
49,"One of the council members was Caiaphas, who was also high priest that year. He spoke up and said, “You people don't have any sense at all!","Gyuuma nɩhɩyasɩ hʋ tɩyaŋ kɩdɩgɩ rɛ ba fa kɩ yɩrɩ Kayifasɩ. Haŋ bɩna hʋ tɩyaŋ, ʋ rɛ gyɩ yaa Gyuuma wɩɩkyʋwal sɩlaala nɩhɩyawʋ. Ɛɛ rɛ ʋ baa, “Ma yaa bambugo kɩŋkaŋ!"
50,Don't you know it is better for one person to die for the people than for the whole nation to be destroyed?”,"Ma bɩ gyɩma anɩɩ dɩ nɩdɩgɩ rɛ laa paalʋʋ no nala buloŋ nyuu sʋba, ʋ rɛ kpɩya á paalʋʋ no nala buloŋ aa sʋba, koo ma bɩ gyɩŋ gɛɛ tɩyaŋ?”"
52,Yet Jesus would not die just for the Jewish nation. He would die to bring together all of God's scattered people.,"Ba paalʋʋ hʋ nala mɛ dʋŋ wɩya daa ʋ sɩ sʋba, amɛ dɩ ʋ wuwo pɛ kasɩ Wɩɩsɩ biisi hʋ aa pɩsa we lee buloŋ tɩyaŋ mɛ, a pɛ dɔmɔŋ."
53,"From that day on, the council started making plans to put Jesus to death.","A yaŋ lɩɩ haŋ kyɛɛ hʋ kɩ mʋ, ɛɛ rɛ Gyuuma nɩhɩyasɩ hʋ piili kɩ kyɛ ŋmanɩɩ hʋ ba aa sɩ tɩŋa a kpʋ Yesu."
54,"Because of this plot against him, Jesus stopped going around in public. He went to the town of Ephraim, which was near the desert, and he stayed there with his disciples.","Ɛɛwɩya, Yesu gyɩ bɩl bɩ gɔllɔ kɩ mʋ leye hʋ Gyuuma aa sɩ kɩ na ʋ. Ʋ gyɩ lɩɩ Gyudɩya paalʋʋ tɩyaŋ nɛ, ʋ bee ʋ hatɩnna hʋ mʋ we tɔɔ kɩdɩgɩ ba aa yɩrɩ Efirem aa kpaga pogibal hʋ tɩyaŋ."
55,It was almost time for Passover. Many of the Jewish people who lived out in the country had come to Jerusalem to get themselves ready for the festival.,"Saŋa no tɩyaŋ dɩ Gyuuma Dɩɩsɩ-parɩ-banɩɩ Kyɛbal hʋ gyɩ kpaga. Ɛɛ rɛ Gyuuma yʋga lɩɩ ba beye, a mʋ Gyerusalɛm, dɩ ba pɩɩsɩ ba bisiŋ ta, aŋka dɩ kyɛbal hʋ na pele."
56,"They looked around for Jesus. Then when they were in the temple, they asked each other, “You don't think he will come here for Passover, do you?”","Ɛɛ rɛ ba deŋ kɩ kyɛ Yesu. Ba aa we Wɩɩkyʋwaldɩɩbal hʋ tɩyaŋ, ɛɛ rɛ ba kɩ pɩyɛsɩ dɔmɔŋ a baa, “Ma bɩɩna ʋ sɩ ko gbɩyala hʋ koo, ʋ bɩ sɩ ko?”"
57,The chief priests and the Pharisees told the people to let them know if any of them saw Jesus. This is how they hoped to arrest him.,"Saŋa hʋ tɩyaŋ, dɩ wɩɩkyʋwal sɩlaala nɩhɩyasɩ abee Farasiima hʋ tɩya nyʋwa anɩɩ dɩ nal buloŋ nɛ gyɩŋ lee hʋ Yesu aa wee, dɩ ʋ tɩɩna ko tɩya ba duwoso dɩ ba wuwo kana ʋ."
26,"If you serve me, you must go with me. My servants will be with me wherever I am. If you serve me, my Father will honor you.","Nal hʋ buloŋ aa kyɛ dɩ ʋ tʋma kɩ tɩya ŋ, see tɩɩna tɩŋa ŋ nyʋwa. Lee hʋ buloŋ ŋ aa wee, ʋ tɩɩna mɛ sɩ we doŋ. Nal hʋ buloŋ aa tʋma kɩ tɩya ŋ, ŋ Kuwo sɩ kpa ʋ tɩɩna yohuŋ.” Yesu basɩ ʋ sʋʋ wɩya"
6,Judas did not really care about the poor. He asked this because he carried the moneybag and sometimes would steal from it.,"Ʋ aa basɩ gɛɛ, ʋ bɩ kɩɩ nɩɩ ʋ aa kyo nyaaba rɛ tɩŋ, amɛ ʋ fa yaa gaal lɛ. Ʋ rɛ fa aa biŋ ba molbiye, aa gaa lɩɩ kɩ yaa ʋ tɩɩ wɩkanɩya."
13,"they took palm branches and went out to greet him. They shouted, “Hooray! God bless the one who comes in the name of the Lord! God bless the King of Israel!”","Ɛɛ rɛ ba buloŋ gyaa wɩɩwɩɩsɩ paaponni, a kaŋ mʋ dɩ ba kyeme ʋ, a kɩ yaa kyagɩŋsɩ yʋga a baa, “Ma dannɩ Wɩɩsɩ. Wɩɩsɩ sɩ kyiyeli nal hʋ aa ko á Tɩɩna Wɩɩsɩ feŋ tɩyaŋ. Wɩɩsɩ sɩ kyiyeli Iziral tɩmma kuwori hʋ."
14,"Jesus found a donkey and rode on it, just as the Scriptures say,","Nyɛ rɛ Yesu na kokubiye a kaŋ gyɩŋ. Ba fa sabɩ gɛɛ rɛ Wɩɩsɩ teŋ tɩyaŋ a baa,"
3,"Mary took a very expensive bottle of perfume and poured it on Jesus' feet. She wiped them with her hair, and the sweet smell of the perfume filled the house.","Ɛɛ rɛ Mɛɛrɩ kpa tʋranɩɩ kɩdɩgɩ sʋwala aa sʋma weliŋ ka ʋ yalɩɩ mɛ hayɛ, ʋ kpa bɩsɩ mɩsɩ Yesu naasɩ, a kaŋ ʋ nyupʋna tɩɩgɩ. Ɛɛ rɛ tʋranɩɩ hʋ sʋwala sii tɔ dɩya hʋ buloŋ."
9,"A lot of people came when they heard that Jesus was there. They also wanted to see Lazarus, because Jesus had raised him from death.","Nɩgyamaa gyɩ nɩya anɩɩ Yesu we Bɛɛtani tɩyaŋ nɛ. Ɛɛ rɛ ba sii mʋ doŋ. Amɛ Yesu dʋŋ wɩya daa ba gyɩ mʋ doŋ. Ba gyɩ mʋwa ka dɩ ba pɛ na Laazʋrɔsɩ mɛ rɛ, nal hʋ Yesu aa kyise sʋʋ tɩyaŋ."
4,"A disciple named Judas Iscariot was there. He was the one who was going to betray Jesus, and he asked,","Dɩ Yesu hatɩnna hʋ kɩdɩgɩ ba aa yɩrɩ Gyudasɩ Isɩkarɔtɩ, nal hʋ fa aa ko kpa Yesu yallɩ hʋ, baa,"
7,"Jesus replied, “Leave her alone! She has kept this perfume for the day of my burial.","Ɛɛ rɛ Yesu basɩ tɩya ba a baa, “Ma leŋ haaŋ no bee laaŋfɩya, ʋ fa kpaa tʋranɩɩ no biŋ kɩ pɔ kyɛɛ hʋ ba aa sɩ hogo ŋ nɛ."
8,"You will always have the poor with you, but you won't always have me.” A Plot To Kill Lazarus","Ma bee nyaaba sɩ we doŋ saŋa buloŋ, amɛ ŋ beel-ma kɛ bɩ sɩ we doŋ kɩ mʋ deŋdeŋ.” Ba vʋʋla dɩ ba kpʋ Laazʋrɔsɩ"
10,So the chief priests made plans to kill Lazarus.,Ɛɛ rɛ Gyuuma wɩɩkyʋwal sɩlaala nɩhɩyasɩ vʋʋlɩ anɩɩ see dɩ ba kpʋ Laazʋrɔsɩ mɛ.
21,"Philip from Bethsaida in Galilee was there too. So they went to him and said, “Sir, we would like to meet Jesus.”","Ɛɛ rɛ nala no sii mʋ Fɩlɩpɩ lee, a basɩ tɩya ʋ a baa, “Nɩhɩyawʋ, á aa kyɛ á na Yesu rɛ.”"
19,"But the Pharisees said to each other, “There is nothing we can do! Everyone in the world is following Jesus.” Some Greeks Want To Meet Jesus","Ɛɛ rɛ Farasiima hʋ basɩ tɩya dɔmɔŋ a baa, “Á lʋga á wɩɩ hʋ kɩ lɔlɔ rɛ. Ma deŋ na, dʋnɩya nala buloŋ nɛ aa tɩŋa ʋ hal gɛɛ.” Giriisi tɩmma badɔmɔŋ ko kɩ kyɛ dɩ ba na Yesu"
40,"“The Lord has blinded the eyes of the people, and he has made the people stubborn. He did this so that they could not see or understand, and so that they would not turn to the Lord and be healed.”","“Wɩɩsɩ tɔɔ ba sɩya rɛ, dɩ ba ta wuwo na kɩŋ buloŋ. a kaŋ ba hakɩllɩ mɛ tɔ, dɩ ba ta wuwo gyɩŋ wɩya memiye. Dɩ gɛɛ fa daa, ba fa sɩ ko Wɩɩsɩ lee dɩ ʋ tɩɩbɩ ba.”"
12,"The next day a large crowd was in Jerusalem for Passover. When they heard that Jesus was coming for the festival,","Ʋ sɩgballɩya, gyamaa hʋ aa ko Dɩɩsɩ-parɩ-banɩɩ Kyɛbal hʋ nɩya anɩɩ Yesu aa ko Gyerusalɛm nɛ."
15,"“People of Jerusalem, don't be afraid! Your King is now coming, and he is riding on a donkey.”","“Zaayɔŋ nala, ma ta kɩ fáá kambɩŋ. Ma na, ma kuwori rɛ gyɩŋ kokubiye a kɩ ko.”"
16,"At first, Jesus' disciples did not understand. But after he had been given his glory, they remembered all this. Everything had happened exactly as the Scriptures said it would.","Yesu hatɩnna hʋ gyɩ bɩ gyɩŋ wɩya no buloŋ aa yaa, amɛ Wɩɩsɩ aa kyisi Yesu ʋ sii sʋʋ tɩyaŋ a laa feŋ hʋ gɛɛ hal tɩyaŋ nɛ ba liisi anɩɩ wɩya hʋ ba aa saba Wɩɩsɩ teŋ tɩyaŋ a mʋ kɩ tile Yesu tɩyaŋ, ba aa rɛ kɔnɩ ko yaa ʋ tɩyaŋ gɛɛ."
18,A crowd had come to meet Jesus because they had seen him call Lazarus out of the tomb. They kept talking about him and this miracle.,"Nɩgyamaa hʋ gyɩ aa nɩya anɩɩ Yesu rɛ yaa wɩmagɩl no, ɛɛ rɛ tɩŋ ba buloŋ gyɩ ko lɩɩ dɩ ba kyeme ʋ."
22,Philip told Andrew. Then the two of them went to Jesus and told him. The Son of Man Must Be Lifted Up,Fɩlɩpɩ mɛ sii mʋ basɩ tɩya Aŋduru. Ɛɛ rɛ ba buloŋ balɩya mʋ basɩ tɩya Yesu.
23,Jesus said: The time has come for the Son of Man to be given his glory.,"Ɛɛ rɛ Yesu basɩ tɩya ba a baa, “Nyɛ kɛ, saŋa hʋ pele rɛ dɩ Wɩɩsɩ daga mɩyaŋ Nihuwobiŋ Biye gaŋdarɩ."
24,"I tell you for certain that a grain of wheat that falls on the ground will never be more than one grain unless it dies. But if it dies, it will produce lots of wheat.","Wɩtɩɩ rɛ ŋ basɩ kɩ tɩya ma, dɩ ɩ rɛ bɩ kpaa miŋbii doho, dɩ ʋ sʋba, ʋ aa yaa miŋbidɩgɩ dʋŋ nɛ. Amɛ dɩ ɩ rɛ ko kpa ʋ doho dɩ ʋ sʋba ʋ aa we miŋbigyamaa rɛ."
29,"When the crowd heard the voice, some of them thought it was thunder. Others thought an angel had spoken to Jesus.","Nɩgyamaa hʋ aa sɩŋ doŋ a nɩɩ taal hʋ, ba badɔmɔŋ baa dɩ duwoŋ nɛ nɔsɔ. Badɔmɔŋ mɛ baa dɩ malɩka rɛ basɩ wɩya tɩya ʋ."
30,"Then Jesus told the crowd, “That voice spoke to help you, not me.","Ɛɛ rɛ Yesu basɩ tɩya ba a baa, “Ma wɩya rɛ tɩŋ taal no basɩ gɛɛ, ŋ wɩya daa."
31,"This world's people are now being judged, and the ruler of this world is already being thrown out!","Saŋa hʋ Wɩɩsɩ aa sɩ di dʋnɩya nala sarɩya pele rɛ. Saŋa no tɩyaŋ nɛ ʋ sɩ kile Sɩtaanɩ, nal hʋ aa yaa dʋnɩya nala kuwori a ta ʋ kuwori kpasa tɩyaŋ."
32,"If I am lifted up above the earth, I will make everyone want to come to me.”","Amɛ dɩ ba aa rɛ ko kpaasɩ ŋ mal daagarɩɩ hʋ nyuu tɩyaŋ, ŋ sɩ kaŋ nala buloŋ ko ŋ lee.”"
34,"The crowd said to Jesus, “The Scriptures teach that the Messiah will live forever. How can you say that the Son of Man must be lifted up? Who is this Son of Man?”","Ɛɛ rɛ nala hʋ baa, “Ba daga ma á mɩrɩsɩ hʋ tɩyaŋ a baa, ‘Krisita hʋ, laataal hʋ Wɩɩsɩ aa lɩya, ʋ bɩ sɩ sʋba, ʋ sɩ we doŋ deŋdeŋ kɩ mʋ. Ɛɛ rɛ ɩ yaŋ sɩ yaa baa dɩ ba sɩ kaŋ Nihuwobiŋ Biye a kpaasɩ mal daagarɩɩ tɩyaŋ? Aŋnɛ rɛ yaa Nihuwobiŋ Biye no wɩya ɩ aa basɩ?’"
35,"Jesus answered, “The light will be with you for only a little longer. Walk in the light while you can. Then you won't be caught walking blindly in the dark.","Ɛɛ rɛ Yesu basɩ tɩya ba aa baa, “Pʋlʋŋ hʋ bɩ sɩ we ma lee pɩɩsɩ. Pʋlʋŋ hʋ ha aa we doŋ nyɛ, ma kɩ vala pʋlʋŋ hʋ tɩyaŋ, dɩ bilhuu ta pirigi gyʋʋ ma, beewɩya nal hʋ aa vala bilhuu tɩyaŋ, ʋ bɩ gyɩŋ lee hʋ ʋ aa mʋʋ."
36,"Have faith in the light while it is with you, and you will be children of the light.” The People Refuse To Have Faith in Jesus After Jesus had said these things, he left and went into hiding.","Nal hʋ aa tɩya pʋlʋŋ hʋ ha aa we ma lee nyɛ, ma laa ʋ wɩya di. Ɛɛ rɛ ma sɩ yaa nala hʋ aa we pʋlʋŋ tɩyaŋ.” Yesu aa basɩ wɩya no ko teŋ, ʋ sii lɩɩ a kana ʋ tɩɩ faŋa dɩ ba ta na ʋ. Gyuuma gyeniŋ buloŋ vɩya Yesu wɩya"
37,"He had worked a lot of miracles among the people, but they were still not willing to have faith in him.","Abee wɩmagɩla hʋ buloŋ ʋ aa yaa ba sɩɩ tɩyaŋ, ka ba ha bɩ laa ʋ wɩya di."
38,"This happened so that what the prophet Isaiah had said would come true, “Lord, who has believed our message? And who has seen your mighty strength?”","Ba aa bɩ laa ʋ wɩya di gɛɛ, ɛɛ leŋ wɩya hʋ Wɩɩsɩ tɩŋdaal Azaaya fa aa basa ko yaa wɩtɩɩ rɛ. Ʋ gyɩ baa, “Tɩɩna, aŋnɛ rɛ laa wɩya hʋ ŋ aa basɩ di, aŋnɛ rɛ Wɩɩsɩ daga ʋ dee hʋ tɩya.”"
39,"The people could not have faith in Jesus, because Isaiah had also said,","Ɛɛ rɛ tɩŋ ba kɔnɩ gyɩ bɩ laa Wɩɩsɩ wɩya di gɛɛ. Beewɩya Azaaya gyɩ bɩl basɩ ba wɩya rɛ abaa,"
41,"Isaiah said this, because he saw the glory of Jesus and spoke about him.","Azaaya kɛ gyɩ laa sɩya na Yesu gaŋdarɩ aa sɩ kɩɩ gɛɛ rɛ, ɛɛ rɛ tɩŋ ʋ basɩ ʋ wɩya gɛɛ."
42,"Even then, many of the leaders put their faith in Jesus, but they did not tell anyone about it. The Pharisees had already given orders for the people not to have anything to do with anyone who had faith in Jesus.","Abee gɛɛ buloŋ, Gyuuma nɩhɩyasɩ yʋga gyɩ laa Yesu wɩya di rɛ, ka kambɩŋ gyɩ kaŋ ba Farasiima hʋ wɩya. Ɛɛ rɛ tɩŋ ba bɩ wuwo kyaasɩ basɩ anɩɩ ba laa ʋ wɩya di rɛ. Dɩ ba aa rɛ basɩ gɛɛ, ba fa sɩ kile ba ta ba wɩɩkyʋwaldɩya tɩyaŋ."
43,"And besides, the leaders liked praise from others more than they liked praise from God. Jesus Came To Save the World",Ba fa kyo dɩ nala kɩ bigisi ba rɛ a te Wɩɩsɩ aa sɩ kɩ bigisi ba. Ɛɛ rɛ tɩŋ ba fa kaŋ ba laadii faŋa.
44,In a loud voice Jesus said: Everyone who has faith in me also has faith in the one who sent me.,"Ɛɛ rɛ Yesu heeli basɩ a baa, “Nal hʋ buloŋ aa laa ŋ wɩya di, nal hʋ aa tɩma ŋ wɩya mɛ rɛ ʋ tɩɩna laa di gɛɛ, ŋ dʋŋ wɩya daa."
45,And everyone who has seen me has seen the one who sent me.,"Nal hʋ buloŋ aa naa ŋ, ʋ tɩɩna naa nal hʋ aa tɩma ŋ mɛ rɛ."
46,I am the light that has come into the world. No one who has faith in me will stay in the dark.,"Ŋ ko tuu dʋnɩya rɛ dɩ ŋ yaa dʋnɩya nala pʋlʋŋ a kyaanɩ tɩya ba. Ɛɛwɩya, nal hʋ buloŋ aa laa ŋ wɩya di, ʋ tɩɩna bɩl bɩ sɩ we bilhuu tɩyaŋ kɩ mʋ deŋdeŋ."
47,"I am not the one who will judge those who refuse to obey my teachings. I came to save the people of this world, not to be their judge.","Nal hʋ buloŋ aa nɩɩ ŋ wɩbasɩya aŋ bee tɩŋ ba, ŋ bɩ sɩ di ʋ tɩɩna sarɩya, beewɩya ŋ bɩ ko dɩ ŋ di dʋnɩya nala sarɩya a kpa kyogisi tɩya ba. Amɛ ŋ ko dɩ ŋ laa dʋnɩya nala ta rɛ."
48,But everyone who rejects me and my teachings will be judged on the last day by what I have said.,Sarɩdiil lɛ we doŋ ʋ aa sɩ di nal hʋ buloŋ aa vɩya ŋ wɩya sarɩya. Dʋnɩya kyɛtenii ŋ wɩbasɩya rɛ ba sɩ kpa di nal buloŋ aa bɩ laa ŋ wɩya di sarɩya a kpa kyogisi tɩya ʋ.
50,I know that his commands will bring eternal life. This is why I tell you exactly what the Father has told me.,"Ŋ gyɩma anɩɩ wɩya hʋ ʋ aa daga ŋ dɩ ŋ basɩ aa tɩya nala mɩɩbol hʋ aa bɩ kaŋ tenii rɛ. Ɛɛwɩya, wɩya hʋ buloŋ ŋ aa basɩ, ŋ Kuwo rɛ daga ŋ.”"
1,"It was before Passover, and Jesus knew that the time had come for him to leave this world and to return to the Father. He had always loved his followers in this world, and he loved them to the very end.","Ʋ gyɩ ko ka kyɛdɩgɩ rɛ ka dɩ Gyuuma Dɩɩsɩ-parɩ-banɩɩ Kyɛbal hʋ pele. Yesu gyɩ gyɩma anɩɩ saŋa hʋ ʋ aa sɩ lɩɩ dʋnɩya no tɩyaŋ a mʋ ʋ Kuwo lee pele rɛ. Ʋ gyɩ kyo nala hʋ aa tɩŋa ʋ hal lɛ dʋnɩya no tɩyaŋ weliŋ, ʋ ha sɩ kyo ba a kaŋ kɩ mʋ dʋnɩya tenii."
2,"Even before the evening meal started, the devil had made Judas, the son of Simon Iscariot, decide to betray Jesus.","Kyɛɛ no dɩdaana, Yesu bee ʋ hatɩnna hʋ hɔŋ kɩ di kɩdiiliye. Saŋa no tɩyaŋ dɩ Sɩtaanɩ kɛ foŋ gyʋʋ Siimɔŋ biibaal Gyudasɩ Isɩkarɔtɩ hakɩla tɩyaŋ nɛ dɩ ʋ kpa Yesu yallɩ."
3,Jesus knew he had come from God and would go back to God. He also knew that the Father had given him complete power.,"Yesu gyɩ gyɩma anɩɩ ʋ Kuwo kpaa kɩŋ buloŋ dee rɛ tɩya ʋ. Ʋ tɩɩ fa gyɩma anɩɩ Wɩɩsɩ lee rɛ ʋ lɩɩ ko, ɛɛwɩya ʋ fa gyɩma anɩɩ ʋ bɩl aa mɩɩgɩ ʋ mʋ Wɩɩsɩ lee rɛ."
4,"So during the meal Jesus got up, removed his outer garment, and wrapped a towel around his waist.","Ɛɛ rɛ Yesu sii kɩdiiliye hʋ nyuu, a wuri ʋ gabal biŋ, aŋ kpa bɔridʋba vʋwa ʋ tɩŋa,"
5,He put some water into a large bowl. Then he began washing his disciples' feet and drying them with the towel he was wearing.,"aŋ yaa nɩɩ we kɩŋ tɩyaŋ, a piili kɩ sɔmɔ ʋ hatɩnna hʋ naasɩ aŋ kaŋ bɔrɩdʋba hʋ ʋ aa kpaa vʋwa ʋ tɩŋa a kɩ bɩllɩ ba naasɩ."
6,"But when he came to Simon Peter, this disciple asked, “Lord, are you going to wash my feet?”","Ʋ aa ko pele Siimɔŋ Piita, ɛɛ rɛ Piita pɩyɛsɩ ʋ a baa, “Ŋ Tɩɩna, ɩ aa kyɛ dɩ ɩ sɔmɔ ŋ naasɩ rɛ?”"
7,"Jesus answered, “You don't really know what I am doing, but later you will understand.”","Yesu basɩ tɩya ʋ a baa, “Gyɩnaŋ kɛ ɩ bɩ gyɩŋ wɩɩ no ŋ aa yaa memii, amɛ ʋ hal tɩyaŋ ɩ sɩ gyɩma ʋ memii.”"
8,"“You will never wash my feet!” Peter replied. “If I don't wash you,” Jesus told him, “you don't really belong to me.”","Piita bɩl basɩ tɩya ʋ a baa, “Ŋ bɩ sɩ laa nyʋwa dɩ ɩ sɔmɔ ŋ naasɩ maakyiye kɩdɩgɩ buloŋ.” Ɛɛ rɛ Yesu baa, “Dɩ mɩyaŋ nɛ bɩ sɔmɔ ɩ naasɩ, ŋ beel-ɩ bɩl bɩ sɩ pɛ wɩɩ buloŋ.”"
9,"Peter said, “Lord, don't wash just my feet. Wash my hands and my head.”","Ɛɛ rɛ Piita bɩl baa, “Ŋ Tɩɩna, dɩ ɛɛ kɛ rɛ haa, ta sɔmɔ ŋ naasɩ dʋŋ, sɔmɔ ŋ nyuu abee ŋ nosi buloŋ.”"
10,"Jesus answered, “People who have bathed and are clean all over need to wash just their feet. And you, my disciples, are clean, except for one of you.”","Ɛɛ rɛ Yesu baa, “Nal hʋ buloŋ aa foo nɩɩ, ʋ teŋ lee buloŋ aa weliye rɛ, ʋ bɩl bɩ maga dɩ ʋ tɩɩna fo nɩɩ, see dɩ ʋ sɔmɔ ʋ naasɩ dʋŋ. Ma buloŋ yaŋ bɩ kaŋ bisiŋ, amɛ nɩdɩgɩ dʋŋ nɛ kaŋ bisiŋ ma tɩyaŋ.”"
11,"Jesus knew who would betray him. That is why he said, “except for one of you.”","Yesu gyɩ gyɩŋ nal hʋ aa sɩ kpa ʋ yallɩ rɛ. Ɛɛ rɛ tɩŋ ʋ baa dɩ ba buloŋ daa kaŋ bisiŋ, dɩ see nɩdɩgɩ dʋŋ gɛɛ."
12,"After Jesus had washed his disciples' feet and had put his outer garment back on, he sat down again. Then he said: Do you understand what I have done?","Yesu aa sɔmɔ ʋ hatɩnna hʋ naasɩ ko teŋ, ʋ bɩl kpa ʋ gabal hʋ laalɩ, a bɩl mʋ hɔŋ ʋ lɩhɔnɩɩ, aŋ pɩyɛsɩ ba a baa, “Ma gyɩŋ wɩɩ no ŋ aa yaa memii rɛ?"
13,"You call me your teacher and Lord, and you should, because that is who I am.","Ma kana ŋ kɩ yɩrɩ ma dɩdagɩl lɛ abee ma Tɩɩna. Ʋ yaa ŋmanɩɩ rɛ dɩ ma kɩ yɩrɩ ŋ gɛɛ, beewɩya ŋ kɔnɩ maga gɛɛ rɛ."
15,"I have set the example, and you should do for each other exactly what I have done for you.","Ŋ laa sɩya yaa rɛ dɩ ma na, a mɛ wuwo yaa gɛɛ tɩɩ kɩ tɩya dɔmɔŋ."
16,"I tell you for certain that servants are not greater than their master, and messengers are not greater than the one who sent them.","Wɩtɩɩ rɛ ŋ basɩ kɩ tɩya ma, yoŋ buloŋ bɩ tee ʋ tɩɩna. Nal ba aa tɩma mɛ bɩ tee nal hʋ aa tɩma ʋ."
18,"I am not talking about all of you. I know the ones I have chosen. But what the Scriptures say must come true. And they say, “The man who ate with me has turned against me!”",Ma buloŋ daa ŋ kɩ daga. Ŋ gyɩŋ nala hʋ ŋ aa lɩya rɛ. Amɛ wɩɩ hʋ ba aa saba biŋ Wɩɩsɩ teŋ tɩyaŋ maga dɩ ʋ yaa rɛ. Ba basa anɩɩ ŋ bee nal hʋ aa pɛɛ dɔmɔŋ di kɩdiiliye rɛ sɩ mɩɩgɩ bɩrɩmɩ ŋ dɔŋ.
19,"I am telling you this before it all happens. Then when it does happen, you will believe who I am.","Ŋ basɩ wɩɩ no kɩ tɩya ma rɛ ka dɩ ʋ na yaa, dɩ gɛɛ rɛ kɔnɩ ko yaa, ma sɩ gyɩma anɩɩ mɩyaŋ nɛ yaa nal hʋ ŋ aa baa ŋ yaa."
25,"So the disciple leaned toward Jesus and asked, “Lord, which one of us are you talking about?”","Ɛɛ rɛ hatɩnnɩ hʋ fa aa hɔŋ Yesu logiŋ hʋ marɩ fasɩ mʋ kpaga Yesu a pɩyɛsɩ ʋ a baa, “Ŋ Tɩɩna, aŋnɛ rɛ?”"
21,"After Jesus had said these things, he was deeply troubled and told his disciples, “I tell you for certain that one of you will betray me.”","Yesu aa basɩ wɩya no ko teŋ, ʋ tɩya buloŋ kyogi kɩŋkaŋ. Ɛɛ rɛ ʋ basɩ polli tɩya ba a baa, “Wɩtɩɩ rɛ ŋ basɩ kɩ tɩya ma, ma kɩdɩgɩ rɛ sɩ kpa ŋ yallɩ.”"
23,"Jesus' favorite disciple was sitting next to him at the meal,",Yesu hatɩnna hʋ tɩyaŋ nal hʋ wɩya ʋ fa aa kyo kɩŋkaŋ nɛ fa hɔŋ ʋ logiŋ.
24,and Simon motioned for this disciple to find out which one Jesus meant.,Ɛɛ rɛ Siimɔŋ Piita lɔgɩ ʋ anɩɩ ʋ pɩyɛsɩ Yesu na dɩ aŋnɛ rɛ ʋ kɩ daga gɛɛ?
29,"But because Judas was in charge of the money, some of them thought that Jesus had told him to buy something they needed for the festival. Others thought that Jesus had told him to give some money to the poor.","Gyudasɩ rɛ fa aa biŋ ba molbiye. Ɛɛ wɩya Yesu hatɩnna hʋ badɔmɔŋ kɛ fa bɩɩna anɩɩ Yesu fa aa kyɛ dɩ Gyudasɩ mʋ yɔbɔ kɩna hʋ ba aa sɩ di rɛ gbɩyala hʋ tɩyaŋ, koo ʋ baa ʋ kaŋ kɩŋ nɛ a lɩɩ tɩya nyaaba."
30,Judas took the piece of bread and went out. It was already night. The New Command,"Gyudasɩ aa laa paanʋʋ hʋ teŋ, ʋ nyagɩ sii lɩɩ lagɩ lagɩ. Saŋa no tɩyaŋ dɩ lee gyɩ bile rɛ. Yesu wee nyʋʋfalɩɩ tɩya nala"
33,"My children, I will be with you for only a little while longer. Then you will look for me, but you won't find me. I tell you just as I told the people, “You cannot go where I am going.”","Ŋ nikyooliye, ŋ bɩl bɩ sɩ we ma lee pɩɩsɩ. Ma sɩ deŋ kyɛ ŋ. Amɛ, wɩɩ hʋ ŋ aa basɩ tɩya Gyuuma nɩhɩyasɩ hʋ, ʋ tɩɩ rɛ ŋ basɩ kɩ tɩya ma mɛ. Lee hʋ ŋ aa sɩ mʋ, ma bɩ sɩ wuwo mʋ doŋ."
38,"“Would you really die for me?” Jesus asked. “I tell you for certain before a rooster crows, you will say three times that you don't even know me.”","Ɛɛ rɛ Yesu pɩyɛsɩ ʋ a baa, “Ɩ kɔnɩ yaa siri dɩ ɩ kpa ɩ mɩɩbol lenni sʋʋ ŋ wɩya rɛ? Wɩtɩɩ rɛ ŋ basɩ kɩ tɩya ɩ, ka dɩ gyibal na wii gyɩnaŋ, ɩ sɩ tʋwa naaŋsɩɩnyʋwa bʋto anɩɩ ɩ bɩ gyɩma ŋ.”"
1,"Jesus said to his disciples, “Don't be worried! Have faith in God and have faith in me.","Ɛɛ rɛ Yesu baa, “Ma ta leŋ dɩ ma tɩsɩ kyogi. Ma laa Wɩɩsɩ di, a laa ŋ mɛ di."
2,"There are many rooms in my Father's house. I wouldn't tell you this, unless it was true. I am going there to prepare a place for each of you.","Ŋ Kuwo bee tɩyaŋ dɩɩgyamaa rɛ we doŋ. Dɩ gɛɛ fa daa, ŋ fa bɩ sɩ basɩ tɩya ma anɩɩ ŋ sɩ mʋ marɩ lee a biŋ ma."
3,"After I have done this, I will come back and take you with me. Then we will be together.","Dɩ mɩyaŋ nɛ mʋwa a marɩ lee hʋ biŋ ma ko teŋ, ŋ sɩ mɩɩgɩ ko a kaŋ ma mʋ ŋ lee dɩ á buloŋ we lɩdɩgɩ."
4,You know the way to where I am going.”,"Lee hʋ mɛ ŋ aa sɩ mʋ, ma gyɩŋ ŋmanɩɩ hʋ rɛ.”"
5,"Thomas said, “Lord, we don't even know where you are going! How can we know the way?”","Ɛɛ rɛ Tɔmaasɩ basɩ tɩya ʋ a baa, “Á Tɩɩna, á bɩ gyɩŋ lee hʋ ɩ aa mʋʋ, ɛɛ rɛ á sɩ wuwo yaa gyɩŋ ʋ ŋmanɩɩ?”"
6,"“I am the way, the truth, and the life!” Jesus answered. “Without me, no one can go to the Father.","Ɛɛ rɛ Yesu basɩ tɩya ʋ a baa, “Mɩyaŋ nɛ yaa ŋmanɩɩ hʋ, abee Wɩɩsɩ wɩtɩɩ, a kɩ tɩya mɩɩbol mɛ. Nal buloŋ bɩ sɩ wuwo mʋ ŋ Kuwo lee, dɩ ʋ tɩɩna bɩ tɩŋa ŋ tɩyaŋ."
7,"If you had really known me, you would have known the Father. But from now on, you do know him, and you have seen him.”","Dɩ mamaa rɛ kɔnɩ gyɩma ŋ, ma sɩ gyɩŋ ŋ Kuwo mɛ. A lɩɩ gyɩnaŋ kaŋ kɩ mʋ, ma paalɩ gyɩma ʋ rɛ, a na ʋ mɛ.”"
8,"Philip said, “Lord, show us the Father. That is all we need.”","Ɛɛ rɛ Fɩlɩpɩ basɩ tɩya ʋ a baa, “Ŋ Tɩɩna, daga ma Kuwo hʋ, wɩɩ hʋ á aa kyɛɛ buloŋ nɛ gɛɛ.”"
9,"Jesus replied: Philip, I have been with you for a long time. Don't you know who I am? If you have seen me, you have seen the Father. How can you ask me to show you the Father?","Ɛɛ rɛ Yesu pɩyɛsɩ ʋ a baa, “Fɩlɩpɩ, ŋ beel-ma buloŋ sɩ we doŋ a pɩɩsɩ maga nyɛ, ka ɩ ha bɩ gyɩma ŋ? Nal hʋ buloŋ aa naa ŋ, ʋ tɩɩna naa ŋ Kuwo mɛ rɛ. Bee rɛ yaŋ tɩŋ ɩ baa dɩ ŋ daga ma ŋ Kuwo?"
10,Don't you believe that I am one with the Father and that the Father is one with me? What I say isn't said on my own. The Father who lives in me does these things.,"Ɩ bɩ laa di anɩɩ ŋ bee ŋ Kuwo buloŋ yaa kɩdɩgɩ rɛ koo? Wɩya hʋ buloŋ ŋ aa basɩ tɩya ma, ŋ tɩɩ dee tɩyaŋ daa ŋ basɩ ba. Wɩya hʋ mɛ ŋ aa yaa, ŋ Kuwo tɩɩ rɛ tɩŋa ŋ ŋ kɩ yaa ba gɛɛ."
11,Have faith in me when I say that the Father is one with me and that I am one with the Father. Or else have faith in me simply because of the things I do.,"Ma laa di anɩɩ ŋ aa baa ŋ bee ŋ kuwo buloŋ yaa kɩdɩgɩ rɛ. Dɩ mamaa bɩ sɩ laa ŋ di akuu ŋ aa baa ŋ bee ŋ kuwo yaa kɩdɩgɩ wɩya, amɛ ma laa ŋ di akuu wɩya hʋ ŋ aa yaa nyubaanɩŋ."
12,"I tell you for certain that if you have faith in me, you will do the same things I am doing. You will do even greater things, now that I am going back to the Father.","Wɩtɩɩ rɛ ŋ basɩ kɩ tɩya ma, nal hʋ buloŋ aa laa ŋ wɩya di, ʋ tɩɩna sɩ wuwo kɩ yaa wɩya hʋ ŋ aa yaa. Ʋ tɩɩna gba sɩ paalɩ wuwo yaa wɩya a te wɩya hʋ ŋ aa yaa, beewɩya ŋ aa mʋʋ ŋ Kuwo lee rɛ."
13,"Ask me, and I will do whatever you ask. This way the Son will bring honor to the Father.","Wɩɩ kɛ buloŋ ma aa sʋla kɩ kyɛ ŋ feŋ tɩyaŋ, ŋ sɩ yaa tɩya ma. Ŋ sɩ yaa gɛɛ dɩ nala tɩŋa ŋ tɩyaŋ a na ŋ Kuwo gaŋdarɩ aa maga gɛɛ."
14,I will do whatever you ask me to do. The Holy Spirit Is Promised,"Dɩ mamaa rɛ sʋla kɩ kyɛ wɩɩ buloŋ ŋ feŋ tɩyaŋ, ŋ sɩ yaa tɩya ma.” Yesu wee nyʋwa baa ʋ sɩ leŋ dɩ Wiyesi Welii hʋ ko"
15,"Jesus said to his disciples: If you love me, you will do as I command.","Ɛɛ rɛ Yesu bɩl baa, “Dɩ mamaa rɛ kyo ŋ, ma sɩ kɩ tɩŋa ŋ nyʋwa."
16,Then I will ask the Father to send you the Holy Spirit who will help you and always be with you.,"Dɩ mamaa rɛ aa yaa gɛɛ, ŋ sɩ sʋla ŋ Kuwo dɩ ʋ kpa kyɩkyagɩl kɩdɩgɩ mɛ tɩya ma. Ʋ sɩ we ma lee a kaŋ kɩ mʋ deŋdeŋ."
17,"The Spirit will show you what is true. The people of this world cannot accept the Spirit, because they don't see or know him. But you know the Spirit, who is with you and will keep on living in you.","Ʋ rɛ yaa Wɩɩsɩ Wiyesi Welii hʋ aa daga ma Wɩɩsɩ aa kɩɩ gɛɛ. Dʋnɩya nala bɩ sɩ wuwo laa ʋ we ba tɩsɩ tɩyaŋ, beewɩya ba bee na ʋ, ba bɩ gyɩma ʋ mɛ. Amɛ ma kɛ gyɩma ʋ rɛ. Beewɩya ʋ we ma lee rɛ, a we ma tɩsɩ tɩyaŋ a kɩ mʋ deŋdeŋ."
18,I won't leave you like orphans. I will come back to you.,"Dɩ mɩyaŋ nɛ ko mʋ, ŋ bɩ sɩ vɩya ma ta dɩ ma kɩɩ gɛɛ anɩɩ busuluŋbiisi. Ŋ sɩ mɩɩgɩ ko ma lee."
19,"In a little while the people of this world won't be able to see me, but you will see me. And because I live, you will live.","Ʋ kaa mʋhʋ ka dʋnɩya nala bɩl bɩ sɩ na ŋ, amɛ ma kɛ sɩ na ŋ. Ŋ aa sɩ kaŋ mɩɩbol wɩya, ma mɛ sɩ kaŋ mɩɩbol."
20,"Then you will know I am one with the Father. You will know you are one with me, and I am one with you.","Kyɛɛ hʋ ŋ aa sɩ sii sʋʋ tɩyaŋ a bɩl kaŋ mɩɩbol, haŋ kyɛɛ hʋ rɛ ma sɩ gyɩma nɩɩ ŋ beel-ma yaa kɩdɩgɩ rɛ anɩɩ ŋ bee ŋ kuwo aa yaa kɩdɩgɩ gɛɛ."
21,"If you love me, you will do what I have said, and my Father will love you. I will also love you and show you what I am like.","Nal hʋ buloŋ aa nɩɩ ŋ nyʋwa, a kɩ tɩŋa ŋ, ʋ tɩɩna rɛ kyo ŋ. Ŋ Kuwo mɛ yaŋ sɩ kyo nal hʋ aa kyo ŋ. Ŋ mɛ sɩ kyo tɩɩna a kaŋ ŋ tɩɩ daga ʋ.”"
22,"The other Judas, not Judas Iscariot, then spoke up and asked, “Lord, what do you mean by saying that you will show us what you are like, but you will not show the people of this world?”","Ɛɛ rɛ Gyudasɩ baa “Ŋ Tɩɩna, ɛɛ rɛ ɩ sɩ yaa a kaŋ ɩ tɩɩ daga ma, aŋ bɩ sɩ kaŋ ɩ tɩɩ daga dʋnɩya nala.” ."
23,"Jesus replied: If anyone loves me, they will obey me. Then my Father will love them, and we will come to them and live in them.","Nyɛ rɛ Yesu basɩ tɩya ʋ a baa, “Nal hʋ buloŋ aa kyo ŋ, ʋ sɩ kɩ tɩŋa ŋ nyʋwa. Ŋ Kuwo mɛ sɩ kyo ʋ. Ŋ bee ŋ Kuwo buloŋ sɩ ko we ʋ tɩɩna lee."
24,"But anyone who doesn't love me, won't obey me. What they have heard me say doesn't really come from me, but from the Father who sent me.","Nal hʋ buloŋ aa bɩ kyo ŋ, ʋ bee tɩŋa ŋ nyʋwa. Wɩya hʋ buloŋ ŋ aa daga ma bɩ yaa ŋ tɩɩ wɩdagɩya. Amɛ ba lɩɩ ŋ kuwo aa tɩma ŋ lee rɛ."
25,I have told you these things while I am still with you.,Ŋ ha aa we ma lee rɛ tɩŋ ŋ basɩ wɩya no kɩ tɩya ma nyɛ.
26,"But the Holy Spirit will come and help you, because the Father will send the Spirit to take my place. The Spirit will teach you everything and will remind you of what I said while I was with you.","Amɛ kyɩkyagɩl hʋ ŋ Kuwo aa sɩ tɩma ŋ feŋ tɩyaŋ, ʋ rɛ yaa ʋ Wiyesi Welii hʋ. Ʋ sɩ kɩ pɛ ma tɩyaŋ a daga ma wɩɩ buloŋ, a leŋ dɩ ma kɩ liisi wɩya hʋ buloŋ ŋ aa basɩ tɩya ma."
28,"You have already heard me say I am going and I will also come back to you. If you really love me, you should be glad I am going back to the Father, because he is greater than I am.","Ŋ basɩ tɩya ma rɛ a baa, ‘Ŋ aa mʋʋ rɛ ka dɩ ŋ bɩl mɩɩgɩ ko ma lee.’ Dɩ mamaa rɛ fa kyo ŋ, ma tenni fa sɩ fɩyɛlɩ, ŋ aa mʋʋ ŋ kuwo lee nyɛ wɩya, beewɩya ʋ rɛ tee ŋ."
29,"I am telling you this before I leave, so when it does happen, you will have faith in me.","Ŋ basɩ wɩya no buloŋ kɩ tɩya ma rɛ, ka dɩ ba na yaa. Dɩ ba aa rɛ ko kɩ yaa, ma sɩ laa di anɩɩ wɩya hʋ buloŋ ŋ aa basɩ kɔnɩ yaa wɩtɩɩ rɛ."
30,"I cannot speak with you much longer, because the ruler of this world is coming. But he has no power over me.","Ŋ bɩ sɩ wuwo basɩ wɩya ma lee pɩɩsɩ, beewɩya dʋnɩya kuwori hʋ aa ko rɛ. Amɛ ʋ bɩ kaŋ ŋ dee wɩɩ buloŋ tɩyaŋ."
31,"I obey my Father, so everyone in the world might know that I love him. It is time for us to go now.",Amɛ ŋ aa kyɛ dɩ dʋnɩya nala gyɩma rɛ anɩɩ ŋ kyo ŋ Kuwo rɛ. Ɛɛ rɛ tɩŋ ŋ kɩ yaa wɩya hʋ buloŋ ʋ aa baa dɩ ŋ yaa. Ma sii dɩ á lɩɩ daha tɩyaŋ.”
1,"Jesus said to his disciples: I am the true vine, and my Father is the gardener.","Ɛɛ rɛ Yesu baa, “Mɩyaŋ nɛ yaa tɩya hʋ tɩɩ. Ŋ Kuwo mɛ rɛ aa deŋ tɩya hʋ."
2,"He cuts away every branch of mine that doesn't produce fruit. But he trims clean every branch that does produce fruit, so that it will produce even more fruit.","Tɩya hʋ naaŋ buloŋ aa bee nɔnɔ, ʋ aa keri keri ta rɛ, a marɩ marɩ tɩya hʋ we, dɩ ʋ wuwo kɩ nɔnɔ yʋga."
3,You are already clean because of what I have said to you.,"Ma tɩsɩ kɛ bɩl bɩ kaŋ bisiŋ buloŋ, akuu wɩya hʋ ŋ aa basɩ tɩya ma nyuniŋ."
4,"Stay joined to me, and I will stay joined to you. Just as a branch cannot produce fruit unless it stays joined to the vine, you cannot produce fruit unless you stay joined to me.","Ma mal ŋ tɩyaŋ dɩ ŋ mɛ mal ma tɩyaŋ. Tɩya naasɩ dʋŋ bɩ sɩ wuwo nɔnɔ, see dɩ ba mal tɩya hʋ maŋkpaŋ tɩyaŋ. Ma mɛ bɩ sɩ wuwo yaa wɩɩ buloŋ, dɩ ma bɩ mal ŋ tɩyaŋ.”"
5,"I am the vine, and you are the branches. If you stay joined to me, and I stay joined to you, then you will produce lots of fruit. But you cannot do anything without me.","Ɛɛ rɛ Yesu bɩl baa, “Mɩyaŋ nɛ yaa tɩya hʋ, mamaa mɛ rɛ yaa tɩya hʋ naasɩ. Nal hʋ buloŋ aa mal ŋ tɩyaŋ, ŋ mɛ mal tɩɩna tɩyaŋ nɛ. Ɛɛ rɛ sɩ wuwo leŋ dɩ ʋ yaa wɩweliye weliŋ, beewɩya dɩ mamaa rɛ bɩ mal ŋ, ma bɩ sɩ wuwo yaa wɩɩ buloŋ."
6,"If you don't stay joined to me, you will be thrown away. You will be like dry branches that are gathered up and burned in a fire.","Dɩ nal lɛ bɩ mal ŋ tɩyaŋ, ba sɩ kpa tɩɩna yuwo ta anɩɩ ba aa keri tɩya naasɩ ta, ba hɩla, ba paa yuwo we diŋ tɩyaŋ ba di gɛɛ."
7,"Stay joined to me and let my teachings become part of you. Then you can pray for whatever you want, and your prayer will be answered.","Dɩ ma mal ŋ tɩyaŋ, a leŋ dɩ wɩya hʋ ŋ aa basɩ tɩya ma we ma tɩsɩ tɩyaŋ, wɩɩ hʋ buloŋ ma aa sʋla ŋ kɩ kyɛ, ŋ sɩ yaa tɩya ma."
9,"I have loved you, just as my Father has loved me. So remain faithful to my love for you.","Ŋ kyo ma rɛ anɩɩ ŋ Kuwo aa kyo ŋ gɛɛ. Ɛɛwɩya, ma mal ŋ tɩyaŋ dɩ ŋ kyo ma a kaŋ kɩ mʋ deŋdeŋ."
10,"If you obey me, I will keep loving you, just as my Father keeps loving me, because I have obeyed him.","Dɩ mamaa rɛ aa tɩŋa ŋ nyʋwa, ŋ sɩ kyo ma a kaŋ kɩ mʋ deŋdeŋ, anɩɩ ŋ aa tɩŋ ŋ Kuwo nyʋwa, a mal ʋ tɩyaŋ ʋ kyo ŋ gɛɛ."
12,"Now I tell you to love each other, as I have loved you.",Wɩɩ hʋ ŋ aa kpaa kɩ tɩya ma rɛ nyɛ: Ma kyo dɔmɔŋ anɩɩ ŋ aa kyo ma gɛɛ.
13,The greatest way to show love for friends is to die for them.,"Dɩ nal lɛ yaa siri dɩ ʋ kpa ʋ mɩɩbol yɔbɔ sʋʋ ʋ kyana wɩya, ɛɛ daga anɩɩ ʋ kyo ʋ rɛ a te wɩɩ buloŋ."
15,"Servants don't know what their master is doing, and so I don't speak to you as my servants. I speak to you as my friends, and I have told you everything my Father has told me.","Ŋ bɩl bɩ kaŋ ma kɩ yɩrɩ ŋ tʋŋtʋnna, beewɩya tʋŋtʋnnɩ bɩ gyɩŋ wɩɩ hʋ ʋ nɩhɩyawʋ aa yaa. Amɛ ŋ kaŋ ma kɩ yɩrɩ ŋ kyaŋsɩ rɛ, beewɩya wɩya hʋ buloŋ ŋ kuwo aa basɩ tɩya ŋ, ŋ mɛ basɩ ba tɩya ma rɛ."
16,"You did not choose me. I chose you and sent you out to produce fruit, the kind of fruit that will last. Then my Father will give you whatever you ask for in my name.","Ma daa lɩɩ ŋ, mɩyaŋ nɛ lɩɩ ma. Ŋ lɩɩ ma rɛ dɩ ma mʋ a marɩ kɩ yaa wɩweliye, wɩweliye hʋ aa bɩ sɩ maakyiye nyʋgɩsɩ. Dɩ mamaa rɛ aa yaa gɛɛ, ŋ Kuwo sɩ tɩya ma kɩŋ buloŋ ma aa sʋla kɩ kyɛ ŋ feŋ tɩyaŋ."
18,"If the people of this world hate you, just remember that they hated me first.","Dɩ dʋnɩya nala rɛ haasɩ ma, ma gyɩma anɩɩ ba laa sɩya haasɩ ŋ nɛ."
19,"If you belonged to the world, its people would love you. But you don't belong to the world. I have chosen you to leave the world behind, and this is why its people hate you.","Dɩ mamaa rɛ fa yaa dʋnɩya nala, dʋnɩya nala fa sɩ kyo ma rɛ weliŋ anɩɩ ba aa kyo dɔmɔŋ gɛɛ. Amɛ ma bee dʋnɩya nala bɩ yaa kɩdɩgɩ. Ŋ lɩɩ ma dʋnɩya nala tɩyaŋ nɛ, ɛɛ rɛ tɩŋ ba haasɩ ma."
20,"Remember how I told you that servants are not greater than their master. So if people mistreat me, they will mistreat you. If they do what I say, they will do what you say.","Ŋ laa sɩya basɩ tɩya ma rɛ anɩɩ yoŋ bɩ sɩ wuwo te ʋ tɩɩna. Ma liisi wɩɩ no na. Ba aa dɔgɩsɩ ŋ gɛɛ, gɛɛ tɩɩ rɛ ba sɩ dɔgɩsɩ ma mɛ. Dɩ ba aa rɛ fa laa ŋ nyʋwa, ba fa sɩ laa ma mɛ nyʋwa."
21,"People will do to you exactly what they did to me. They will do it because you belong to me, and they don't know the one who sent me.","Ba sɩ yaa wɩya no buloŋ akuu ma aa tɩŋa ŋ hal wɩya. Ba bɩ gyɩŋ nal hʋ aa tɩma ŋ, ɛɛ rɛ tɩŋ ba kɩ yaa gɛɛ."
22,"If I had not come and spoken to them, they would not be guilty of sin. But now they have no excuse for their sin.","Dɩ mɩyaŋ nɛ fa bɩ ko basɩ wɩya tɩya ba, ba aa yaa wɩbɔmɔ hʋ buloŋ, ŋ fa bɩ sɩ wuwo baa dɩ ba kyogi wɩɩ buloŋ. Amɛ ŋ foŋ aa ko basɩ wɩya tɩya ba wɩya, ba bɩl bɩ sɩ wuwo baa dɩ ba fa bɩ gyɩma."
23,Everyone who hates me also hates my Father.,"Nal hʋ aa haasɩ ŋ, tɩɩna haasɩ ŋ Kuwo mɛ rɛ."
24,"I have done things no one else has ever done. If they had not seen me do these things, they would not be guilty. But they did see me do these things, and they still hate me and my Father too.","Wɩya hʋ buloŋ ŋ aa yaa, nal buloŋ bɩ yaa ba. Dɩ mɩyaŋ nɛ fa bɩ yaa ba dɩ ba na, ba fa bɩ sɩ kaŋ wɩkyogii buloŋ. Amɛ ba naa ba buloŋ nɛ aŋ ha haasɩ ŋ bee ŋ Kuwo buloŋ."
25,"This is why the Scriptures are true when they say, “People hated me for no reason.”","Ba aa haasɩ ŋ gɛɛ, wɩya hʋ buloŋ ba aa saba Wɩɩsɩ teŋ tɩyaŋ kɔnɩ yaa wɩtɩɩ rɛ. Nyɛ rɛ ba sabɩ, ‘Ŋ bɩ yaa wɩɩ buloŋ kyogi, ka ba haasɩ ŋ.’"
26,I will send you the Spirit who comes from the Father and shows what is true. The Spirit will help you and will tell you about me.,Amɛ ŋ sɩ leŋ dɩ Wɩɩsɩ Wiyesi Welii hʋ lɩɩ ŋ Kuwo lee a ko tuu we ma tɩyaŋ. Ʋ sɩ pɛ ma tɩyaŋ a daga ma wɩtɩɩ hʋ. Ʋ rɛ sɩ marɩ basɩ ŋ wɩya tɩya ma.
27,"Then you will also tell others about me, because you have been with me from the beginning.","Ma mɛ sɩ basɩ ŋ wɩya tɩya nala, beewɩya ma we ŋ lee rɛ a lɩɩ saŋa hʋ ŋ aa piile kɩ daga nala buloŋ."
1,"I am telling you these things, so that you will not turn away.",Ŋ basɩ wɩya no buloŋ tɩya ma rɛ dɩ ma ta ko mɩɩgɩ hal ma laadii tɩyaŋ.
2,You will be chased out of the synagogues. And the time will come when people will kill you and think they are doing God a favor.,"Ba sɩ kile ma ta Gyuuma wɩɩkyʋwaldɩɩsɩ tɩyaŋ. Saŋa kɩdɩgɩ sɩ pele, dɩ nal lɛ ko kpʋ ma kɩdɩgɩ buloŋ, ʋ tɩɩna aa bɩɩnɩ anɩɩ Wɩɩsɩ ŋmanɩɩ rɛ ʋ kɩ tɩŋa gɛɛ."
3,They will do these things because they don't know either the Father or me.,"Ba sɩ yaa ma wɩya no buloŋ, beewɩya ba bɩ gyɩma ŋ Kuwo, a bɩ gyɩma ŋ mɛ."
4,"I am saying this to you now, so that when the time comes, you will remember what I have said. The Work of the Holy Spirit I was with you at the first, and so I didn't tell you these things.","Ŋ laa sɩya basɩ wɩya no buloŋ nɛ a tɩya ma, dɩ saŋa hʋ rɛ ko pele dɩ wɩya no kɩ yaa, ma sɩ liisi anɩɩ ŋ gyɩ basɩ ba tɩya ma rɛ. Wɩɩsɩ Wiyesi Welii hʋ tʋma Ŋ gyɩ aa we ma lee rɛ tɩŋ ŋ bɩ basɩ wɩya no tɩya ma piili hʋ tɩyaŋ buloŋ ma aa ko yaa ŋ hatɩnna."
5,"But now I am going back to the Father who sent me, and none of you asks me where I am going.","Amɛ nyɛ kɛ, ŋ aa mʋ nal hʋ aa tɩma ŋ lee rɛ, aŋka ma kɩdɩgɩ buloŋ ha bɩ pɩyɛsɩ ŋ anɩɩ lee rɛ ŋ kɩ mʋ?"
6,You are very sad from hearing all of this.,"Ŋ aa basɩ wɩya no tɩya ma nyɛ, lagɩlagɩ no ma tɩsɩ kyogo rɛ kɩŋkaŋ."
7,"But I tell you I am going to do what is best for you. This is why I am going away. The Holy Spirit cannot come to help you until I leave. But after I am gone, I will send the Spirit to you.","Amɛ wɩtɩɩ rɛ ŋ basɩ kɩ tɩya ma. Akuu ma wɩya, ŋ aa mʋwa rɛ kpɩya. Beewɩya dɩ mɩyaŋ nɛ bɩ mʋwa, kyɩkyagɩl hʋ bɩ sɩ ko ma lee. Amɛ dɩ ŋ ko mʋ ŋ sɩ ta ʋ dɩ ʋ ko ma lee."
9,"The Spirit will show them that they are wrong about sin, because they didn't have faith in me.","Ba bɩ gyɩŋ wɩɩ hʋ aa yaa wɩbɔŋ, beewɩya ba bɩ laa ŋ wɩya di."
10,"They are wrong about God's justice, because I am going to the Father, and you won't see me again.","Ba bɩ gyɩŋ wɩɩ hʋ aa kpaa ŋmanɩɩ mɛ beewɩya ŋ mɩɩgɩ kɩ mʋ ŋ Kuwo lee rɛ, ma bɩl bɩ sɩ maakyiye na ŋ."
11,"And they are wrong about the judgment, because God has already judged the ruler of this world.",Ba bɩ gyɩŋ Wɩɩsɩ sarɩya hʋ kyɛdiilii mɛ wɩya beewɩya Wɩɩsɩ foŋ di dʋnɩya kuwori sarɩya rɛ ʋ tele.
12,"I have much more to say to you, but right now it would be more than you could understand.","Ŋ ha kaŋ wɩya yʋga rɛ ŋ aa sɩ basɩ tɩya ma, amɛ ma bɩ kaŋ bembii ma aa sɩ nɩɩ ba buloŋ."
13,"The Spirit shows what is true and will come and guide you into the full truth. The Spirit doesn't speak on his own. He will tell you only what he has heard from me, and he will let you know what is going to happen.","Amɛ dɩ Wɩɩsɩ Wiyesi Welii hʋ aa daga ma gɛɛ hʋ Wɩɩsɩ aa kɩya rɛ ko ko, ʋ sɩ leŋ dɩ ma gyɩŋ wɩtɩɩ hʋ buloŋ aa we Wɩɩsɩ lee. Ʋ bɩ sɩ kɩ basɩ wɩya ʋ tɩɩ dee tɩyaŋ, amɛ wɩya hʋ buloŋ ʋ aa sɩ nɩɩ, ba aa rɛ ʋ sɩ basɩ. Ʋ mɛ sɩ daga ma wɩya hʋ buloŋ aa sɩ maakyiye yaa."
14,The Spirit will bring glory to me by taking my message and telling it to you.,"Wɩya hʋ buloŋ ŋ aa kana dɩ ŋ basɩ tɩya ma, ʋ sɩ kaŋ ko basɩ tɩya ma dɩ gɛɛ wuwo leŋ dɩ nala na ŋ gaŋdarɩ."
15,Everything the Father has is mine. This is why I have said that the Spirit takes my message and tells it to you. Sorrow Will Turn into Joy,"Kɩŋ hʋ buloŋ ŋ Kuwo a kana yaa ŋ kɩŋ nɛ. Ɛɛ rɛ tɩŋ ŋ basɩ tɩya ma anɩɩ wɩya hʋ buloŋ ŋ aa kana dɩ ŋ basɩ, ŋ sɩ kpa tɩya Wiyesi Welii hʋ dɩ ʋ ko basɩ tɩya ma gɛɛ.” Tikyogi sɩ bɩrɩmɩ teŋfɩyɛlʋʋ"
16,"Jesus told his disciples, “For a little while you won't see me, but after a while you will see me.”","Ɛɛ rɛ Yesu bɩl basɩ tɩya ba a baa, “Mʋhʋ sʋwaa, ma bɩl bɩ sɩ na ŋ, amɛ ʋ kyɛyɛ baŋmana hal, ma bɩl sɩ na ŋ.”"
17,"They said to each other, “What does Jesus mean by saying that for a little while we won't see him, but after a while we will see him? What does he mean by saying he is going to the Father?","Ɛɛ rɛ ʋ hatɩnna hʋ badɔmɔŋ kɩ pɩyɛsɩ dɔmɔŋ a baa, “Wɩɩ no memii rɛ yaa bee? Ʋ basɩ tɩya ma anɩɩ mʋhʋ sʋwaa á bɩ sɩ na ʋ amɛ dɩ ʋ kyɛyɛ baŋmana hal dɩ á bɩl sɩ na ʋ. Ʋ bɩl baa ʋ aa sɩ mʋ ʋ kuwo lee rɛ tɩŋ á bɩl bɩ sɩ na ʋ gɛɛ."
18,What is this ‘little while’ that he is talking about? We don't know what he means.”,"Ʋ aa baa kyɛyɛ baŋmana no, ʋ memii rɛ yaa bee? Á bɩ gyɩŋ wɩɩ no ʋ aa basɩ memii.”"
19,"Jesus knew they had some questions, so he said: You are wondering what I meant when I said that for a little while you won't see me, but after a while you will see me.","Yesu gyɩma anɩɩ ba aa kyɛ dɩ ba pɩyɛsɩ ʋ gyɩŋ wɩɩ no memii rɛ. Ɛɛ rɛ ʋ basɩ tɩya ba a baa, “Ŋ aa baa dɩ mʋhʋ sʋwaa ma bɩ sɩ na ŋ, ka dɩ kyɛyɛ baŋmana hal dɩ ma bɩl na ŋ hʋ wɩya rɛ ma kɩ pɩyɛsɩ dɔmɔŋ nyɛ koo?"
20,"I tell you for certain that you will cry and be sad, but the world will be happy. You will be sad, but later you will be happy.","Wɩtɩɩ rɛ ŋ basɩ kɩ tɩya ma, ma sɩ wii gʋwagɩ sɩnɩɩl, amɛ dʋnɩya nala tenni kɛ sɩ fɩyɛlɩ. Ma tɩsɩ sɩ kyogi, amɛ ma tɩkyogi hʋ sɩ mɩɩgɩ bɩrɩmɩ teŋfɩyɛlʋʋ."
21,"When a woman is about to give birth, she is in great pain. But after it is all over, she forgets the pain and is happy, because she has brought a child into the world.","Dɩ haaŋ halʋllɩ-luwol lɛ ko kɩ wɩɩ, ʋ tɩya aa kyogi rɛ, beewɩya ʋ gyɩma tʋwara puu ʋ rɛ. Amɛ dɩ ʋ rɛ ko lʋl biye hʋ teŋ, ʋ aa yeŋŋi ʋ tʋwara hʋ buloŋ nɛ, a kuu ʋ aa lʋla biifalɩɩ wɩya."
22,"You are now very sad. But later I will see you, and you will be so happy that no one will be able to change the way you feel.","Ɛɛ rɛ ʋ yaŋ kɩɩ ma tɩyaŋ mɛ. Nyɛ kɛ, ma tɩsɩ kyogo rɛ, amɛ ŋ bɩl sɩ na ma, a leŋ dɩ ma tenni fɩyɛlɩ fɩyɛlɩɩ hʋ iriŋ nal buloŋ aa bɩ sɩ wuwo leŋ dɩ ʋ lɩɩ ma kɩdɩgɩ buloŋ tɩyaŋ."
23,"When that time comes, you won't have to ask me about anything. I tell you for certain the Father will give you whatever you ask for in my name.","Dɩ kyɛɛ hʋ rɛ ko pele, ma bɩ sɩ pɩyɛsɩ ŋ kɩ kyɛ wɩɩ buloŋ. Wɩtɩɩ rɛ ŋ basɩ kɩ tɩya ma, ŋ Kuwo sɩ tɩya ma kɩŋ hʋ buloŋ ma aa sʋla ʋ kɩ kyɛ ŋ feŋ tɩyaŋ."
24,"You have not asked for anything in this way before, but now you must ask in my name. Then it will be given to you, so you will be completely happy.","Abee gyɩnaŋ, ma ha bɩ sʋla ʋ a kyɛ kɩŋ buloŋ ŋ feŋ tɩyaŋ. Ɛɛwɩya, ma yaŋ sʋla ʋ, ʋ sɩ kpa kɩŋ hʋ ma aa sʋla ʋ kɩ kyɛ tɩya ma dɩ ma tenni fɩyɛlɩ a mʋ teŋ."
25,I have used examples to explain to you what I have been talking about. But the time will come when I will speak to you plainly about the Father and will no longer use examples like these.,"Wɩya no buloŋ ŋ aa basɩ tɩya ma, namagɩsɩ rɛ ŋ kɩ maga. Amɛ saŋa kɩdɩgɩ sɩ pele, ŋ bɩl bɩ sɩ maga namagɩsɩ, ŋ sɩ basɩ ŋ kuwo wɩya polli tɩya ma."
26,"You will ask the Father in my name, and I won't have to ask him for you.","Dɩ haŋ kyɛɛ hʋ rɛ ko pele, ma sɩ sʋla ʋ kɩ kyɛ kɩna ŋ feŋ tɩyaŋ. Ŋ bɩ baa mɩyaŋ nɛ sɩ sʋla ʋ tɩya ma,"
27,"God the Father loves you because you love me, and you believe I have come from him.","beewɩya ŋ Kuwo tɩɩ mɛ kyo ma rɛ. Ma kyo ŋ nɛ, a laa ŋ wɩya di anɩɩ ŋ lɩɩ ʋ lee rɛ. Ɛɛ rɛ tɩŋ ʋ mɛ kyo ma gɛɛ."
28,"I came from the Father into the world, but I am leaving the world and returning to the Father.","Ŋ lɩɩ ŋ Kuwo lee rɛ a ko tuu dʋnɩya. Nyɛ kɛ, ŋ yaŋ sɩ lɩɩ dʋnɩya no tɩyaŋ a mɩɩgɩ mʋ ŋ Kuwo lee.”"
29,"The disciples said, “Now you are speaking plainly to us! You are not using examples.","Ɛɛ rɛ ʋ hatɩnna hʋ basɩ tɩya ʋ a baa, “Nyɛ kɛ, ɩ kyaasɩ basɩ wɩya kɩ polli rɛ. Ɩ bɩl bee maga namagɩsɩ."
30,"At last we know that you understand everything, and we don't have any more questions. Now we believe you truly have come from God.”","Nyɛ kɛ, á gyɩma anɩɩ ɩ gyɩŋ wɩɩ buloŋ aa we nihuwobiŋ hakɩla tɩyaŋ nɛ, ɛɛwɩya ɩ bɩl bɩ maga dɩ ɩ pɩyɛsɩ nal wɩɩ buloŋ. Nyɛ leŋ á gyɩma anɩɩ ɩ lɩɩ Wɩɩsɩ lee rɛ.”"
32,"The time will come and is already here when all of you will be scattered. Each of you will go back home and leave me by myself. But the Father will be with me, and I won't be alone.","Saŋa kɩdɩgɩ sɩ pele, ʋ gba pele mɛ rɛ, dɩ ma buloŋ fá pɩsa mʋ ma dɩɩsɩ, aŋ ka ŋ dʋŋ. Amɛ ŋ bɩ sɩ yaa ŋ dʋŋ beewɩya ŋ Kuwo we ŋ lee rɛ saŋa buloŋ."
33,"I have told you this, so that you might have peace in your hearts because of me. While you are in the world, you will have to suffer. But cheer up! I have defeated the world.","Ŋ basɩ wɩya no kɩ tɩya ma rɛ, dɩ ŋ beel-ma yaa kɩdɩgɩ dɩ ma wuwo tɩŋ ŋ tɩyaŋ a na fɩyɛlʋʋ. Dʋnɩya no tɩyaŋ ma sɩ na tʋwara. Amɛ ma kaŋ ma tɩɩ, beewɩya ŋ yuwo di dʋnɩya rɛ.”"
1,"After Jesus had finished speaking to his disciples, he looked up toward heaven and prayed: Father, the time has come for you to bring glory to your Son, in order that he may bring glory to you.","Yesu aa basɩ wɩya no ko teŋ, ʋ wil deŋ wɩɩsɩnyuu aŋ baa, “Ŋ Kuwo, saŋa hʋ pele rɛ. Leŋ dɩ dʋnɩya nala na mɩyaŋ ɩ biye hʋ gaŋdarɩ dɩ ŋ mɛ leŋ dɩ ba na ɩ gaŋdarɩ."
2,"And you gave him power over all people, so he would give eternal life to everyone you give him.","Ɩ rɛ kpaa dʋnɩya nala wɩɩ buloŋ dee a we ŋ nosi tɩyaŋ, dɩ ŋ kpa mɩɩbol hʋ aa bɩ kaŋ tenii a tɩya nala hʋ ɩ aa leŋ ba yaa ŋ hatɩnna."
3,"Eternal life is to know you, the only true God, and to know Jesus Christ, the one you sent.","Nala hʋ aa gyɩma anɩɩ ɩ dʋŋ nɛ kɔnɩ yaa Wɩɩsɩ, aŋ pɛ gyɩŋ mɩyaŋ Yesu Krisita, laataal hʋ mɛ ɩ aa tɩma, ba aa rɛ kaŋ mɩɩbol hʋ aa bɩ kaŋ tenii."
4,I have brought glory to you here on earth by doing everything you gave me to do.,"Ŋ daga ɩ gaŋdarɩ rɛ dʋnɩya tɩyaŋ daha, beewɩya tʋma hʋ ɩ aa kpaa tɩya ŋ, ŋ tʋŋ ba buloŋ teŋ nɛ."
5,"Now, Father, give me back the glory I had with you before the world was created.",Ŋ kuwo tɩya ŋ gaŋdarɩ ɩ sɩya tɩyaŋ lagɩlagɩ no. Gaŋdarɩ hʋ ŋ fa aa kana ɩ lee ka ɩ na marɩ dʋnɩya hʋ.
6,"You have given me some followers from this world, and I have shown them what you are like. They were yours, but you gave them to me, and they have obeyed you.","Nala hʋ ɩ aa lɩɩ tɩya ŋ dʋnɩya nala tɩyaŋ, ŋ leŋ ba gyɩma ɩ rɛ. Ba fa yaa ɩ nala rɛ, ka ɩ kpa ba tɩya ŋ. Ba laa ɩ wɩya di rɛ."
7,They know that you gave me everything I have.,"Ɛɛwɩya, lagɩlagɩ no, ba gyɩma anɩɩ kɩna hʋ buloŋ ŋ aa kana lɩɩ ɩ lee rɛ."
8,"I told my followers what you told me, and they accepted it. They know I came from you, and they believe you are the one who sent me.","Duwoso hʋ ɩ aa kpaa tɩya ŋ, ŋ basɩ tɩya ba rɛ. Ba laa di rɛ a gyɩma anɩɩ wɩtɩɩ rɛ, ŋ kɔnɩ lɩɩ ɩ lee rɛ. Ba laa di mɛ rɛ anɩɩ ɩ rɛ tɩma ŋ."
9,"I am praying for them, but not for those who belong to this world. My followers belong to you, and I am praying for them.","Nala hʋ ɩ aa lɩɩ tɩya ŋ dʋŋ wɩya rɛ ŋ kɩ sʋla ɩ, beewɩya ba aa rɛ yaa ɩ nala. Dʋnɩya nala buloŋ wɩya daa ŋ kɩ sʋla ɩ:"
10,"All I have is yours, and all you have is mine, and they will bring glory to me.","Ɩ nala yaa ŋ nala rɛ, ŋ nala mɛ yaa ɩ nala. Ba tɩyaŋ nɛ ɩ tɩŋa a daga ŋ gaŋdarɩ."
11,"Holy Father, I am no longer in the world. I am coming to you, but my followers are still in the world. So keep them safe by the power of the name you have given me. Then they will be one with each other, just as you and I are one.","Lagɩlagɩ no, ŋ aa ko ɩ lee rɛ, ŋ bɩl bɩ sɩ we dʋnɩya no tɩyaŋ, amɛ ba kɛ sɩ we dʋnɩya no tɩyaŋ. Ŋ Kuwo, ɩ rɛ maga dɩ á kyʋwalɩ ɩ abee gyɩrɩma. Kɩ deŋ nala hʋ ɩ aa lɩɩ tɩya ŋ nyuu weliŋ abee ɩ dee hʋ ɩ aa kpaa tɩya ŋ a leŋ dɩ ba yaa kɩdɩgɩ, anɩɩ ŋ beel-ɩ aa yaa kɩdɩgɩ gɛɛ."
12,"While I was with them, I kept them safe by the power you have given me. I guarded them, and not one of them was lost, except the one who had to be lost. This happened so that what the Scriptures say would come true.","Ŋ fa aa we ba lee, ŋ deŋ ba nyuu rɛ weliŋ abee dee hʋ ɩ aa kpaa tɩya ŋ. Ŋ fa sɩŋ pɔ ba rɛ a deŋ ba nyuu weliŋ. Ba kɩdɩgɩ buloŋ bɩ nyʋgɩsa ɩ ŋmanɩɩ tɩyaŋ, see nal hʋ aa maga dɩ ʋ nyʋgɩsɩ dʋŋ, dɩ gɛɛ leŋ wɩya hʋ ba fa aa saba ɩ teŋ tɩyaŋ kɔnɩ ko yaa wɩtɩɩ."
13,"I am on my way to you. But I say these things while I am still in the world, so my followers will have the same complete joy that I do.","Lagɩlagɩ no, ŋ aa ko ɩ lee rɛ. Amɛ ŋ ha aa we dʋnɩya no tɩyaŋ nyɛ, ŋ basɩ wɩya no kɩ tɩya ba rɛ dɩ teŋfɩyɛlʋʋ hʋ buloŋ ŋ aa kana mɛ we ba tɩyaŋ."
14,"I have told them your message. But the people of this world hate them, because they don't belong to this world, just as I don't.",Ŋ basɩ ɩ nyʋwa wɩya tɩya ba rɛ. Amɛ dʋnɩya nala ha haasɩ ba rɛ beewɩya ba bee dʋnɩya nala bɩ yaa kɩdɩgɩ anɩɩ ŋ bee dʋnɩya nala mɛ aa bɩ yaa kɩdɩgɩ gɛɛ.
15,"Father, I don't ask you to take my followers out of the world, but keep them safe from the evil one.","Ŋ bɩ baa dɩ ɩ lɩɩ ba dʋnɩya no tɩyaŋ, amɛ ŋ aa sʋla ɩ rɛ dɩ ɩ pɔ ba a lɩɩ ba Sɩtaanɩ nosi tɩyaŋ."
16,"They don't belong to this world, and neither do I.",Ŋ bee dʋnɩya no nala bɩ yaa kɩdɩgɩ. Ɛɛ tɩɩ rɛ ba mɛ bee dʋnɩya no nala bɩ yaa kɩdɩgɩ.
18,"I am sending them into the world, just as you sent me.","Ɛɛ hʋ ɩ aa yaŋ tɩma ŋ, ŋ ko dʋnɩya no, ɛɛ tɩɩ rɛ ŋ mɛ tɩŋ ba dʋnɩya no tɩyaŋ."
20,I am not praying just for these followers. I am also praying for everyone else who will have faith because of what my followers will say about me.,"Ŋ bɩ sʋla ɩ kɩ tɩya ba dʋŋ, amɛ ŋ sʋla ɩ kɩ tɩya nala hʋ buloŋ aa sɩ laa ŋ wɩya hʋ ba aa sɩ basɩ di mɛ rɛ."
21,"I want all of them to be one with each other, just as I am one with you and you are one with me. I also want them to be one with us. Then the people of this world will believe that you sent me.","Ŋ bɩl aa sʋla ɩ rɛ dɩ ɩ leŋ ba buloŋ ko yaa kɩdɩgɩ. Ŋ kuwo, leŋ dɩ á beel-ba buloŋ yaa kɩdɩgɩ anɩɩ ŋ beel-ɩ aa yaa kɩdɩgɩ gɛɛ. Leŋ dɩ ba yaa kɩdɩgɩ dɩ dʋnɩya nala laa di anɩɩ ɩ rɛ kɔnɩ tɩma ŋ."
22,"I have honored my followers in the same way you honored me, in order that they may be one with each other, just as we are one.","Gaŋdarɩ hʋ ɩ aa kpaa tɩya ŋ, ʋ tɩɩ rɛ ŋ mɛ kpa tɩya ba. Ŋ yaa gɛɛ rɛ dɩ ba buloŋ yaa kɩdɩgɩ anɩɩ ŋ beel-ɩ buloŋ aa yaa kɩdɩgɩ gɛɛ."
23,"I am one with them, and you are one with me, so they may become completely one. Then this world's people will know that you sent me. They will know that you love my followers as much as you love me.","Ŋ we ba lee rɛ, ɩ mɛ we ŋ lee. Leŋ dɩ ba kɔnɩ yaa kɩdɩgɩ, dɩ gɛɛ leŋ dɩ dʋnɩya nala gyɩma anɩɩ ɩ rɛ kɔnɩ tɩma ŋ. Leŋ dɩ ba gyɩma anɩɩ ɛɛ hʋ ɩ aa kyo ŋ, ɛɛ tɩɩ rɛ ɩ kyo ba mɛ."
24,"Father, I want everyone you have given me to be with me, wherever I am. Then they will see the glory you have given me, because you loved me before the world was created.","Ŋ Kuwo, nala hʋ ɩ aa kpaa tɩya ŋ, ŋ aa kyɛ dɩ ba mɛ we lee hʋ tɩyaŋ ŋ aa sɩ we rɛ, dɩ ba wuwo na ŋ gaŋdarɩ hʋ ɩ aa kpaa tɩya ŋ. Ɩ kpaa gaŋdarɩ no tɩya ŋ nɛ beewɩya ɩ kyo ŋ nɛ aŋ na marɩ dʋnɩya no."
25,"Good Father, the people of this world don't know you. But I know you, and my followers know that you sent me.","Ŋ kuwo, tɩpʋlʋŋ tɩɩna, dʋnɩya nala bɩ gyɩma ɩ, amɛ ŋ kɛ gyɩma ɩ rɛ. Nala no mɛ gyɩma rɛ anɩɩ ɩ rɛ tɩma ŋ."
26,"I told them what you are like, and I will tell them even more. Then the love you have for me will become part of them, and I will be one with them.","Ŋ leŋ ba gyɩma ɩ rɛ. Ŋ ha sɩ leŋ dɩ ba marɩ gyɩma ɩ dɩ gɛɛ leŋ ba kyo ba dɔŋtɩŋsɩ anɩɩ ɛɛ hʋ ɩ aa kyo ŋ, ka dɩ ŋ mɛ we ba lee.”"
26,"One of the high priest's servants was there. He was a relative of the servant whose ear Peter had cut off, and he asked, “Didn't I see you in the garden with that man?”","Dɩ Gyuuma wɩɩkyʋwal sɩlaala nɩhɩyawʋ hʋ yoŋ kɩdɩgɩ mɛ gyɩ we doŋ. Ʋ gyɩ yaa nal hʋ dɩgɩŋ Piita gyɩ aa ŋmaŋ kyɔl hʋ lʋllɩ rɛ. Ɛɛ rɛ ʋ pɩyɛsɩ Piita a baa, “Na ŋ gyɩ naa ɩ bee Yesu no rɛ olivi tɩɩsɩ baga hʋ tɩyaŋ?”"
7,"Jesus again asked, “Who are you looking for?” “We are looking for Jesus from Nazareth,” they answered.","Ɛɛ rɛ Yesu bɩl pɩyɛsɩ ba a baa, “Aŋnɛ rɛ ma kɩ kyɛ?” Ba baa, “Yesu aa lɩɩ Nazarɛti.”"
8,"This time Jesus replied, “I have already told you that I am Jesus. If I am the one you are looking for, let these others go.","Ɛɛ rɛ Yesu basɩ tɩya ba a baa, “Ŋ foŋ basɩ tɩya ma rɛ anɩɩ mɩyaŋ nɛ nyɛ. Dɩ mɩyaŋ kɛ rɛ ma kɩ kyɛ, ma leŋ dɩ ŋ hatɩnna no kɛ kɩ mʋ.”"
10,"Simon Peter had brought along a sword. He pulled it out and struck at Malchus, the servant of the high priest, cutting off his right ear.","Dɩ Siimɔŋ Piita fa kol takoobii doŋ. Ɛɛ rɛ ʋ tʋʋrɩ, a ŋmaŋ Gyuuma wɩɩkyʋwal sɩlaala nɩhɩyawʋ kɩdɩgɩ yoŋ ba aa yɩrɩ Malku noduu dɩgɩŋ a kyɔl."
12,"The Roman officer and his men, together with the temple police, arrested Jesus and tied him up.","Ɛɛ rɛ Roma laalyuwolo hʋ abee ba nɩhɩyawʋ abee Wɩɩkyʋwaldɩɩbal hʋ pʋpɔɔlɔ kaŋ Yesu, a vʋwa ʋ,"
16,"Peter stayed outside near the gate. But the other disciple came back out and spoke to the girl at the gate. She let Peter go in,","Ka Piita kɛ sɩŋ paga hʋ nyʋwa tɩyaŋ. Ɛɛ rɛ Yesu hatɩnnɩ no mɩɩgɩ lɩɩ, a basɩ wɩya tɩya haŋtolibiye hʋ aa pɔɔ paga hʋ nyʋwa, aŋ kaŋ Piita ko gyʋʋ."
17,"but asked him, “Aren't you one of that man's followers?” “No, I am not!” Peter answered.","Ɛɛ rɛ haŋtolibiye hʋ aa sɩŋ pɔ paganyʋwa hʋ pɩyɛsɩ Piita a baa, “Ka ɩ yaa baal no hatɩnna hʋ kɩdɩgɩ rɛ?” Ɛɛ rɛ Piita baa, “Aayɩ, ŋ bɩ yaa ba kɩdɩgɩ.”"
18,"It was cold, and the servants and temple police had made a charcoal fire. They were warming themselves around it, when Peter went over and stood near the fire to warm himself. Jesus Is Questioned by the High Priest (Matthew",Saŋa no tɩyaŋ waal gyɩ we doŋ nɛ weliŋ. Ɛɛ rɛ dɩya hʋ tʋŋtʋnna abee Wɩɩkyʋwaldɩɩbal hʋ pʋpɔɔlɔ we diŋ a sɩŋ gol a kɩ wiyeni. Nyɛ rɛ Piita mɛ mʋ sɩŋ ba lee a kɩ wiyeni diŋ hʋ. Gyuuma wɩɩkyʋwal sɩlaala nɩhɩyawʋ hʋ pɩyɛsɩ Yesu wɩya Matiwu
19,The high priest questioned Jesus about his followers and his teaching.,Ɛɛ rɛ Gyuuma wɩɩkyʋwal sɩlaala nɩhɩyawʋ hʋ pɩyɛsɩ Yesu ʋ hatɩnna hʋ wɩya abee wɩya hʋ ʋ fa aa dagɩ.
21,Why are you questioning me? Why don't you ask the people who heard me? They know what I have said.”,"Bee rɛ yaŋ tɩŋ ɩ kɩ pɩyɛsɩ ŋ nyɛ? Pɩyɛsɩ nala hʋ aa nɩɩ wɩya hʋ ŋ aa basa, dɩ ba daga ɩ. Beewɩya ba gyɩŋ wɩya hʋ ŋ aa basa rɛ.”"
24,"Jesus was still tied up, and Annas sent him to Caiaphas the high priest. Peter Again Denies that He Knows Jesus (Matthew","Ɛɛ rɛ Anaasɩ ha leŋ Yesu vʋwa gɛɛ, ka ʋ leŋ ba kana ʋ mʋ Gyuuma wɩɩkyʋwal sɩlaala nɩhɩyawʋ Kayifasɩ lee. Piita bɩl tʋwa anɩɩ ʋ bɩ gyɩŋ Yesu Matiwu"
28,It was early in the morning when Jesus was taken from Caiaphas to the building where the Roman governor stayed. But the crowd waited outside. Any of them who had gone inside would have become unclean and would not be allowed to eat the Passover meal.,"Ʋ kyɩkyʋwala pipi, ba sii kaŋ Yesu lɩɩ Kayifasɩ dɩya tɩyaŋ, a mʋ Pilato dɩya. Pilato rɛ fa laa Roma kuworibal hʋ naasɩ sɩŋ doŋ paalʋʋ tɩyaŋ. Gyuuma hʋ gyɩ bɩ gyʋʋ gyaŋwuwo hʋ. Beewɩya ba gyɩ bee kyɛ dɩ ba ko kyogi ba sɩna, ka dɩ ba wuwo di Dɩɩsɩ-parɩ-banɩɩ Kyɛbal kɩdiiliye hʋ."
29,"Pilate came out and asked, “What charges are you bringing against this man?”","Ɛɛ rɛ Pilato ko lɩɩ pɩyɛsɩ ba a baa, “Wɩbee rɛ ma baa baal no yaa kyogi?”"
30,"They answered, “He is a criminal! That's why we brought him to you.”","Ɛɛ rɛ ba basɩ tɩya ʋ a baa, “Dɩ ʋ rɛ fa bɩ yaa wɩɩ kyogi, á fa bɩ sɩ kana ʋ ko ɩ lee.”"
33,"Pilate then went back inside. He called Jesus over and asked, “Are you the king of the Jews?”","Ɛɛ rɛ Pilato mɩɩgɩ gyʋʋ dɩya, aŋ leŋ ba kaŋ Yesu ko ʋ sɩya ʋ pɩyɛsɩ ʋ a baa, “Ɩ rɛ yaa Gyuuma kuwori hʋ?”"
34,"Jesus answered, “Are you asking this on your own or did someone tell you about me?”","Ɛɛ rɛ Yesu pɩyɛsɩ ʋ a baa, “Ɩ tɩɩ rɛ basɩ wɩɩ no koo nal lɛ basɩ ŋ wɩya tɩya ɩ?”"
35,“You know I'm not a Jew!” Pilate said. “Your own people and the chief priests brought you to me. What have you done?”,"Ɛɛ rɛ Pilato bɩl baa, “Ŋ bɩ yaa Gyuu. Ɩ tɩɩ nala abee ma wɩɩkyʋwal sɩlaala nɩhɩyasɩ rɛ kana ɩ ko we ŋ nosi tɩyaŋ. Wɩbee rɛ ɩ yaa kyogi?”"
36,"Jesus answered, “My kingdom doesn't belong to this world. If it did, my followers would have fought to keep me from being handed over to our leaders. No, my kingdom doesn't belong to this world.”","Ɛɛ rɛ Yesu baa, “Ŋ koro tuwo dʋnɩya no tɩyaŋ. Dɩ ŋ koro rɛ fa we dʋnɩya no tɩyaŋ, ŋ nala fa sɩ yuwo laa ŋ, dɩ Gyuuma ta wuwo kana ŋ. Amɛ ŋ koro tuwo daha.”"
37,"“So you are a king,” Pilate replied. “You are saying that I am a king,” Jesus told him. “I was born into this world to tell about the truth. And everyone who belongs to the truth knows my voice.”","Ɛɛ rɛ Pilato pɩyɛsɩ ʋ a baa, “Ɩ yaŋ yaa kuwori rɛ koo?” Ɛɛ rɛ Yesu baa, “Ɩ tɩɩ rɛ basa. Wɩdɩgɩ dʋŋ wɩya rɛ ŋ kuu ko, ba lʋla ŋ dʋnɩya no tɩyaŋ. Wɩɩsɩ wɩtɩɩ hʋ rɛ ŋ ko dɩ ŋ basɩ tɩya nala. Nal hʋ buloŋ aa kyɛ wɩtɩɩ no, ʋ tɩɩna aa gyegile nɩɩ ŋ nyʋwa rɛ.”"
38,"Pilate asked Jesus, “What is truth?” Jesus Is Sentenced to Death (Matthew","Ɛɛ rɛ Pilato pɩyɛsɩ ʋ a baa, “Wɩtɩɩ rɛ yaa bee?” Nala hʋ baa dɩ ba kpʋ Yesu Matiwu"
39,"And since I usually set a prisoner free for you at Passover, would you like for me to set free the king of the Jews?”","Amɛ bɩna kɛ buloŋ, dɩ Dɩɩsɩ-parɩ-banɩɩ Kyɛbal hʋ rɛ ko pele, ŋ aa kuu ma wɩya rɛ aa lɩɩ nala hʋ ba aa kaŋ tɔ dɩya tɩyaŋ nɩdɩgɩ a ta, anɩɩ ma lesiri aa daga gɛɛ. Ma aa kyɛ dɩ ŋ kpa Gyuuma kuwori hʋ rɛ ta koo?”"
40,"They shouted, “No, not him! We want Barabbas.” Now Barabbas was a terrorist.","Ɛɛ rɛ ba nɔsɩ a baa, “Aayɩ, baal no kɛ daa! Lɩɩ Barabaasɩ ta tɩya ma. ”"
1,Pilate gave orders for Jesus to be beaten with a whip.,"Ɛɛ rɛ Pilato leŋ ba kaŋ Yesu a vɩɩrɩ ʋ,"
2,The soldiers made a crown out of thorn branches and put it on Jesus. Then they put a purple robe on him.,"ka laalyuwolo hʋ kpa sɔsɩ sʋwa nyupugi aa kɩɩ kuwori nyupugi, a kpa kyige ʋ, aŋ kpa gafɩyaŋdolii kɩdɩgɩ laalɩ ʋ,"
3,"They came up to him and said, “Hey, you king of the Jews!” They also hit him with their fists.","aŋ aa villi mʋ kɩ kyʋwalɩ ʋ a baa, “Gyuuma kuwori, Wɩɩsɩ sɩ tɩya ɩ mɩɩbodolii!” Aŋ aa ŋmaa ʋ kyaŋkpaŋ tɩyaŋ."
4,"Once again Pilate went out. This time he said, “I will have Jesus brought out to you again. Then you can see for yourselves that I have not found him guilty.”","Ɛɛ rɛ Pilato bɩl mɩɩgɩ lɩɩ gyamaa hʋ lee a basɩ tɩya ba a baa, “Ma deŋ na, ŋ sɩ kana ʋ ko lɩɩ ma lee dɩ ma gyɩma anɩɩ ŋ kɛ bɩ naa wɩɩ buloŋ baal no aa yaa a maga dɩ ŋ kpa kyogisi tɩya ʋ.”"
5,"Jesus came out, wearing the crown of thorns and the purple robe. Pilate said, “Here is the man!”","Ɛɛ rɛ ba kaŋ Yesu ko lɩɩ dɩ ʋ ha kyige sɔsɩ nyupugi hʋ abee gafɩyaŋdolii hʋ ba aa kpaa laalɩ ʋ. Ɛɛ rɛ Pilato basɩ tɩya ba a baa, “Baal hʋ rɛ nyɛ.”"
6,"When the chief priests and the temple police saw him, they yelled, “Nail him to a cross! Nail him to a cross!” Pilate told them, “You take him and nail him to a cross! I don't find him guilty of anything.”","Gyuuma wɩɩkyʋwal sɩlaala nɩhɩyasɩ abee Wɩɩkyʋwaldɩɩbal hʋ pʋpɔɔlɔ aa naa ʋ, ba kyɩɩrɩ yʋga a baa, “Ma kpaasɩ ʋ mal daagarɩɩ tɩyaŋ.” Ɛɛ rɛ Pilato basɩ tɩya ba a baa, “Ma tɩɩ kana ʋ mʋ kpaasɩ mal daagarɩɩ tɩyaŋ. Ŋ kɛ bɩ naa wɩɩ hʋ ʋ aa yaa a maga dɩ ŋ kpa kyogisi tɩya ʋ.”"
7,"The crowd replied, “He claimed to be the Son of God! Our law says that he must be put to death.”","Ɛɛ rɛ Gyuuma hʋ bɩl baa, “Ʋ kaŋ ʋ tɩɩ kɩ yɩrɩ Wɩɩsɩ Biye rɛ. Á mɩrɩsɩ daga anɩɩ nal hʋ buloŋ ko yaa gɛɛ, ʋ tɩɩna maga dɩ ba kpʋ ʋ rɛ.”"
9,"He went back inside and asked Jesus, “Where are you from?” But Jesus did not answer.","Ɛɛ rɛ ʋ bɩl mɩɩgɩ gyʋʋ dɩya hʋ a pɩyɛsɩ Yesu a baa, “Lee rɛ ɩ lɩɩ?” Amɛ Yesu bɩ laa wɩɩ buloŋ basɩ."
10,“Why won't you answer my question?” Pilate asked. “Don't you know I have the power to let you go free or to nail you to a cross?”,"Ɛɛ rɛ Pilato pɩyɛsɩ ʋ a baa, “Ɩ bee tɔgɩmɩ ŋ? Ɩ bɩ gyɩma anɩɩ ŋ kaŋ dee rɛ ŋ aa sɩ wuwo kpa ɩ ta, a bɩl kaŋ dee mɛ ŋ aa sɩ wuwo leŋ dɩ ba kpaasɩ ɩ mal daagarɩɩ tɩyaŋ koo?”"
11,"Jesus replied, “If God had not given you the power, you couldn't do anything at all to me. But the one who handed me over to you did something even worse.”","Ɛɛ rɛ Yesu basɩ tɩya ʋ a baa, “Ɩ fa bɩ sɩ kana ŋ dee dɩ Wɩɩsɩ fa bɩ tɩya ɩ gɛɛ dee. Amɛ nala hʋ aa kana ŋ ko we ɩ nosi tɩyaŋ wɩbɔŋ nɛ yʋga a te wɩbɔŋ buloŋ.”"
12,"Then Pilate wanted to set Jesus free. But the crowd again yelled, “If you set this man free, you are no friend of the Emperor! Anyone who claims to be a king is an enemy of the Emperor.”","Pilato aa nɩɩ gɛɛ, ʋ fa kɩ kyɛ dɩ ʋ kpa Yesu ta. Ɛɛ rɛ Gyuuma hʋ bɩl kyɩɩrɩ yʋga a baa, “Dɩ ɩ rɛ ko kpa ʋ ta, ɩ bɩl bɩ yaa á paalʋʋ kuworibal Siiza kyana. Beewɩya nal hʋ buloŋ aa kaŋ ʋ tɩɩ kɩ yɩrɩ kuwori, ʋ tɩɩna yaa kuworibal hʋ dɔŋ nɛ.”"
13,"When Pilate heard this, he brought Jesus out. Then he sat down on the judge's bench at the place known as “The Stone Pavement.” In Aramaic this pavement is called “Gabbatha.”","Pilato aa nɩɩ gɛɛ, ʋ kaŋ Yesu ko lɩɩ, aŋ mʋ hɔŋ ʋ sarɩdi-kpasa nyuu tɩyaŋ. Bʋwa rɛ ba fa kpa marɩ kuwori kpasa hʋ lɩsɩnɩɩ a kaŋ doŋ kɩ yɩrɩ Gabata Hiiburu taal tɩyaŋ."
14,"It was about noon on the day before Passover, and Pilate said to the crowd, “Look at your king!”","Saŋa no tɩyaŋ dɩ wɩɩsɩ gyɩ maga nyutʋtʋʋ rɛ. Kyɛɛ no rɛ Gyuuma aa yaa siri, a sii ʋ sɩgballɩya, ba di Dɩɩsɩ-parɩ-banɩɩ Kyɛbal hʋ. Ɛɛ rɛ Pilato basɩ tɩya ba a baa, “Ma kuwori hʋ rɛ nyɛ.”"
16,Then Pilate handed Jesus over to be nailed to a cross. Jesus Is Nailed to a Cross (Matthew,Ɛɛ rɛ Pilato kpa Yesu tɩya ba dɩ ba kaŋ mʋ kpaasɩ mal daagarɩɩ tɩyaŋ. Ba kpaasɩ Yesu mal daagarɩɩ tɩyaŋ Matiwu
32,The soldiers first broke the legs of the other two men who were nailed there.,Ɛɛ rɛ laalyuwol hʋ mʋ ŋmaa baala hʋ ba aa kpaasa a pɛ Yesu tɩyaŋ naasɩ bori.
21,"So the chief priests went to Pilate and said, “Why did you write that he is King of the Jews? You should have written, ‘He claimed to be King of the Jews.’ ”","Ɛɛ rɛ Gyuuma wɩɩkyʋwal sɩlaala nɩhɩyasɩ basɩ tɩya Pilato anɩɩ ʋ ta saba a baa dɩ Gyuuma kuwori rɛ nyɛ, amɛ dɩ ʋ sabɩ a baa dɩ baal no rɛ baa dɩ ʋ rɛ yaa Gyuuma kuwori."
26,"When Jesus saw his mother and his favorite disciple with her, he said to his mother, “This man is now your son.”","Yesu aa naa ʋ naa abee ʋ hatɩnnɩ hʋ wɩya ʋ fa aa kyo kɩŋkaŋ dɩ ba sɩna, ɛɛ rɛ ʋ basɩ tɩya ʋ naa a baa, “Ŋ naa, ɩ biibaal lɛ nyɛ.”"
18,"There Jesus was nailed to the cross, and on each side of him a man was also nailed to a cross.","Doŋ tɩyaŋ nɛ ba kpaasɩ Yesu mal daagarɩɩ hʋ tɩyaŋ. Ba fa kpaasɩ nala balɩya mɛ rɛ daagarɩya balɩya nyuni tɩyaŋ a pɛ Yesu tɩyaŋ. Kɩdɩgɩ we ʋ noduu dɩɩlaŋ, kɩdɩgɩ mɛ we ʋ nogɔbɔ dɩɩlaŋ."
19,"Pilate ordered the charge against Jesus to be written on a board and put above the cross. It read, “Jesus of Nazareth, King of the Jews.”","Ɛɛ rɛ Pilato leŋ ba sabɩ mal Yesu daagarɩɩ hʋ nyuu tɩyaŋ a baa, “Yesu aa lɩɩ Nazarɛti, Gyuuma kuwori hʋ.”"
20,"The words were written in Hebrew, Latin, and Greek. The place where Jesus was taken wasn't far from the city, and many of the people read the charge against him.",Gyuuma gyɩ yʋga a karɩmɩ wɩɩ no beewɩya lee hʋ ba gyɩ aa kpaasɩ Yesu mal daagarɩɩ hʋ tɩyaŋ gyɩ kpaga Gyerusalɛm nɛ. Pilato gyɩ leŋ ba sabɩ wɩɩ no Hiiburu abee Laatɩn abee Giriki taanɩ tɩyaŋ nɛ.
22,"But Pilate told them, “What is written will not be changed!”","Ɛɛ rɛ Pilato baa, “Wɩɩ hʋ ŋ foŋ aa saba, ŋ bɩl bɩ kaŋ kɩ bɩrɩmɩ.”"
24,"The soldiers said to each other, “Let's not rip it apart. We will gamble to see who gets it.” This happened so the Scriptures would come true, which say, “They divided up my clothes and gambled for my garments.” The soldiers then did what they had decided.","Ɛɛ rɛ laalyuwolo hʋ basɩ tɩya dɔmɔŋ a baa, “Ma ta leŋ dɩ á kaŋ gal hʋ kɩyɛsɩ, ma leŋ dɩ á yuwo gbaŋŋa, a na nal hʋ aa sɩ di ʋ.” Ba yaa wɩɩ no dɩ wɩya hʋ ba fa aa saba Wɩɩsɩ teŋ tɩyaŋ ko yaa wɩtɩɩ rɛ. Ba fa saba abaa, “Ba paa ŋ gannɩ kpaa dɔmɔŋ nɛ aŋ kuu ŋ gadolii hʋ wɩya a yuwo gbaŋŋa.” Ɛɛ tɩɩ rɛ laalyuwolo hʋ mɛ kɔnɩ yaa."
25,Jesus' mother stood beside his cross with her sister and Mary the wife of Clopas. Mary Magdalene was standing there too.,"Yesu nɩɩna, abee Yesu ʋ naa nɩɩna toluu abee Kulopasi haaŋ Mɛɛrɩ, abee Mɛɛrɩ Magidalina fa sɩŋ kpaga Yesu daagarɩɩ hʋ rɛ."
33,"But when they came to Jesus, they saw he was already dead, and they did not break his legs.",Ba aa ko Yesu lee dɩ ʋ sʋba. Ɛɛ wɩya ba gyɩ bɩ bori ʋ naasɩ kɛ.
41,"In the place where Jesus had been nailed to a cross, there was a garden with a tomb that had never been used.","Dipolo kɩdɩgɩ rɛ fa we lee hʋ tɩyaŋ ba gyɩ aa kpaasɩ Yesu mal daagarɩɩ hʋ tɩyaŋ. Dipolo hʋ tɩyaŋ, bʋbʋwa kɩdɩgɩ rɛ fa we doŋ, ba ha bɩ maakyiye hogo nal buloŋ doŋ."
28,"Jesus knew that he had now finished his work. And in order to make the Scriptures come true, he said, “I am thirsty!”",Yesu gyɩ gyɩma anɩɩ nyɛ kɛ ʋ tʋŋ tʋma hʋ ʋ kuwo aa kpaa tɩya ʋ teŋ nɛ. Ɛɛ rɛ ʋ baa “Nɩɩnyʋwasɩ kana ŋ nɛ.” Nyɛ leŋ wɩya hʋ ba aa sabɩ biŋ Wɩɩsɩ teŋ tɩyaŋ ko yaa wɩtɩɩ rɛ.
29,A jar of cheap wine was there. Someone then soaked a sponge with the wine and held it up to Jesus' mouth on the stem of a hyssop plant.,"Dɩ sɩkyaakyaa mɛ gyɩ suu gbaha a sɩŋ doŋ. Ɛɛ rɛ ba kpa gbara a sɩna sɩŋ hʋ tɩyaŋ, a kpa kaakelii lɩɩ gbara hʋ a kaŋ gyɩŋ dige ʋ nyʋʋpine."
30,kilograms of spices made from myrrh and aloes. This was the same Nicodemus who had visited Jesus one night.,"Yesu aa lamɩsɩ sɩŋ hʋ ko teŋ, ɛɛ rɛ ʋ baa, “Wɩɩ buloŋ tene rɛ!” Aŋ kaŋ ʋ nyuu kyugili a sʋba."
31,"The next day would be both a Sabbath and the Passover. It was a special day for the Jewish people, and they did not want the bodies to stay on the crosses during this day. So they asked Pilate to break the men's legs and take their bodies down.","Kyɛɛ no dɩ Gyuuma hʋ mɛ aa yaa ba siri, beewɩya ʋ sɩgballɩya rɛ sɩ yaa Dɩɩsɩ-parɩ-banɩɩ Kyɛbal hʋ. Kyɛwiyesii hʋ mɛ kyɛɛ rɛ gɛɛ. Ɛɛ rɛ tɩŋ ba gyɩ bee kyɛ dɩ nala hʋ saga daagarɩya hʋ nyuu haŋ kyɛbal hʋ. Nyɛ rɛ ba mʋ sʋla Pilato dɩ ʋ leŋ dɩ laalyuwolo hʋ mʋ bori ba naasɩ aŋ lallɩ ba tuu daagarɩya hʋ tɩyaŋ."
34,"One of the soldiers stuck his spear into Jesus' side, and blood and water came out.",Amɛ laalyuwol hʋ kɩdɩgɩ kpa ʋ tiŋ a kyɔgɔ Yesu logiŋ luri. Ɛɛ rɛ kyal abee nɩɩ gyaa lɩɩ gyaasɩ.
36,"All this happened so that the Scriptures would come true, which say, “No bone of his body will be broken”","Wɩya no buloŋ yaa rɛ dɩ wɩya hʋ ba aa saba Wɩɩsɩ teŋ tɩyaŋ ko yaa wɩtɩɩ. Ba saba a baa, “Ba bɩ sɩ bori ʋ hogidɩgɩ mɛ.”"
37,and “They will see the one in whose side they stuck a spear.” Jesus Is Buried (Matthew,"Wɩɩsɩ teŋ logiŋ kɩdɩgɩ tɩyaŋ, ba bɩl basa rɛ anɩɩ nala sɩ deŋ nal hʋ logiŋ ba aa kyɔgɔ. Ba hogo Yesu Matiwu"
42,"The tomb was nearby, and since it was the time to prepare for the Sabbath, they were in a hurry to put Jesus' body there.","Akuu ʋ sɩgballɩya aa sɩ yaa Gyuuma kyɛwiyesii hʋ kyɛɛ wɩya, ka bʋbʋwa no mɛ gyɩ aa kpaga doŋ wɩya, ba gyɩ kpa Yesu hogo ʋ tɩyaŋ."
38,"Joseph from Arimathea was one of Jesus' disciples. He had kept it secret though, because he was afraid of the Jewish leaders. But now he asked Pilate to let him have Jesus' body. Pilate gave him permission, and Joseph took it down from the cross.","Baal kɩdɩgɩ rɛ gyɩ we doŋ ba kɩ yɩrɩ Gyosɛfʋ, a lɩɩ Arimatiya. Ʋ fa yaa Yesu hatɩnna kɩdɩgɩ rɛ. Amɛ ʋ fa kaŋ ʋ tɩɩ faŋa rɛ Gyuuma nɩhɩyasɩ hʋ wɩya. Yesu aa ko sʋba, ɛɛ rɛ ʋ mʋ sʋla Pilato dɩ ʋ leŋ dɩ ʋ mʋ kpa Yesu. Nyɛ rɛ Pilato tɩya ʋ ŋmanɩɩ ʋ mʋ kpa ʋ."
40,"The two men wrapped the body in a linen cloth, together with the spices, which was how the Jewish people buried their dead.","Ba balɩya rɛ gyɩ mʋʋ kpa Yesu teŋbii, a kpa kɩna hʋ ʋ aa mara tɩsɩ ʋ aŋ kpa gapʋlʋŋ, a bɔ tɔ ʋ, anɩɩ Gyuuma sʋʋnɩ hogii lesiri aa daga gɛɛ."
28,"Thomas replied, “You are my Lord and my God!”","Ɛɛ rɛ Tɔmaasɩ baa, “Ɩ rɛ yaa ŋ tɩɩna abee ŋ Wɩɩsɩ.”"
1,"On Sunday morning while it was still dark, Mary Magdalene went to the tomb and saw that the stone had been rolled away from the entrance.","Alahadi kyɛɛ sɩgballɩnyʋwa pipi, Mɛɛrɩ Magidalina sii foŋ mʋ bʋwa hʋ lee. Ʋ mʋwa dɩ dabʋyɩ hʋ ba aa kpaa tɔ bʋwa hʋ suro."
8,"The disciple who got there first then went into the tomb, and when he saw it, he believed.","Ɛɛ rɛ nal hʋ aa laa sɩya mʋ bʋwa hʋ lee mɛ mʋ gyʋʋ bʋwa hʋ tɩyaŋ a na wɩɩ hʋ aa yaa, a laa di anɩɩ Yesu kɔnɩ sii sʋʋ tɩyaŋ nɛ."
24,"Although Thomas the Twin was one of the twelve disciples, he wasn't with the others when Jesus appeared to them.","Saŋa hʋ tɩyaŋ Yesu aa kaŋ ʋ tɩɩ ko daga ʋ hatɩnna hʋ, dɩ ʋ hatɩnna hʋ kɩdɩgɩ ba aa yɩrɩ Tɔmaasɩ kɛ fa tuwo. Ʋ feŋ kɩdɩgɩ mɛ rɛ fa yaa Daalɩyanɩ."
12,and saw two angels inside. They were dressed in white and were sitting where Jesus' body had been. One was at the head and the other was at the foot.,"dɩ ʋ naa malɩkasɩ balɩya bʋwa hʋ tɩyaŋ dɩ ba laalɩ gapʋllɩ a hɔŋ lee hʋ Yesu fa aa pɩna. Kɩdɩgɩ hɔŋ Yesu nyuu fa aa mʋʋ lee hʋ rɛ, ka kɩdɩgɩ mɛ hɔŋ ʋ naasɩ fa aa mʋʋ lee hʋ."
2,"She ran to Simon Peter and to Jesus' favorite disciple and said, “They have taken the Lord from the tomb! We don't know where they have put him.”","Nyɛ rɛ ʋ mɩɩgɩ fá mʋ Siimɔŋ Piita abee Yesu hatɩnnɩ hʋ Yesu fa aa kyo kɩŋkaŋ hʋ lee, a basɩ tɩya ba a baa, “Ba lɩɩ á Tɩɩna Yesu bʋwa hʋ tɩyaŋ nɛ. Ka á bɩ gyɩŋ lee hʋ ba aa kpaa ʋ biŋ.”"
3,Peter and the other disciple started for the tomb.,Ɛɛ rɛ Piita bee Yesu hatɩnnɩ-kyoolii hʋ gyɩ sii fá kɩ mʋ bʋwa hʋ lee.
4,"They ran side by side, until the other disciple ran faster than Peter and got there first.","Nyɛ rɛ kɩdɩgɩ hʋ tɩɩna fá kaŋ Piita ta, aŋ laa sɩya fá mʋ pele bʋwa hʋ lee."
5,"He bent over and saw the strips of linen cloth lying inside the tomb, but he did not go in.",Amɛ ʋ gyɩ bɩ gyʋʋ bʋwa hʋ tɩyaŋ. Ʋ gyɩ tuu luŋ nɛ a deŋ na dɩ Yesu liŋe hʋ dʋŋ pɩŋ bʋwa hʋ tɩyaŋ.
6,"When Simon Peter got there, he went into the tomb and saw the strips of cloth.","Amɛ Piita kɛ aa tɩŋ hal ko, ʋ bɩl bɩ gyegile aŋ mʋ gyʋʋ bʋwa hʋ a na dɩ Yesu liŋe hʋ dʋŋ pɩna."
7,He also saw the piece of cloth that had been used to cover Jesus' face. It was rolled up and in a place by itself.,Ka gal hʋ ba fa aa kpaa vʋwa Yesu nyuu mɛ kulo pɩŋ ʋ dʋŋ.
11,"Mary Magdalene stood crying outside the tomb. She was still weeping, when she stooped down","Ka Mɛɛrɩ Magidalina ha sɩŋ bʋwa hʋ logiŋ a kɩ wii. Ʋ aa wii gɛɛ rɛ aŋ tuu luŋ dɩ ʋ deŋ bʋwa hʋ tɩyaŋ,"
13,"The angels asked Mary, “Why are you crying?” She answered, “They have taken away my Lord's body! I don't know where they have put him.”","Nyɛ rɛ ba pɩyɛsɩ ʋ a baa, “Haŋtolibiye, bee rɛ tɩŋ ɩ kɩ wii?” Ɛɛ rɛ ʋ baa, “Ba kpaa ŋ Tɩɩna bʋwa hʋ tɩyaŋ nɛ, ka ŋ bɩ gyɩŋ lee hʋ ba aa kpaa ʋ mʋ biŋ.”"
15,"Jesus asked her, “Why are you crying? Who are you looking for?” She thought he was the gardener and said, “Sir, if you have taken his body away, please tell me, so I can go and get him.”","Ɛɛ rɛ Yesu mɛ pɩyɛsɩ Mɛɛrɩ a baa, “Haŋtolibiye, bee rɛ tɩŋ ɩ kɩ wii? Kɩbee rɛ ɩ kɩ kyɛ?” Mɛɛrɩ fa bɩɩna anɩɩ baal hʋ aa deŋ dipolo hʋ rɛ. Ɛɛ rɛ ʋ pɩyɛsɩ ʋ a baa, “Nɩhɩyawʋ, dɩ ɩ rɛ kpa ʋ, daga ŋ lee hʋ ɩ aa kana ʋ mʋ biŋ, dɩ ŋ mʋ kpa ʋ.”"
17,"Jesus told her, “Don't hold on to me! I have not yet gone to the Father. But tell my disciples I am going to the one who is my Father and my God, as well as your Father and your God.”","Ɛɛ rɛ Yesu basɩ tɩya ʋ a baa, “Ta dige ŋ, beewɩya ŋ ha bɩ mʋʋ ŋ Kuwo lee. Amɛ mʋ basɩ tɩya ŋ hatɩnna hʋ anɩɩ ŋ mɩɩgɩ kɩ gyɩŋ ŋ Kuwo lee rɛ. Ʋ rɛ yaa ŋ beel-ma buloŋ Kuwo a yaa ŋ beel-ma buloŋ Wɩɩsɩ mɛ.”"
20,"and showed them his hands and his side. When the disciples saw the Lord, they became very happy.","Ʋ aa basɩ gɛɛ ko teŋ, ʋ kaŋ ʋ nosi abee ʋ logiŋ daga ba dɩ ba na fʋfʋʋnɩ hʋ. Ʋ hatɩnna hʋ buloŋ tenni gyɩ fɩyɛla rɛ weliŋ ba aa naa Tɩɩna hʋ nyuniŋ."
19,"The disciples were afraid of the Jewish leaders, and on the evening of that same Sunday they locked themselves in a room. Suddenly, Jesus appeared in the middle of the group. He greeted them","Haŋ Alahadi hʋ kyɛɛ dɩdaana, ʋ hatɩnna hʋ gyɩ laŋŋa dɩya tɩyaŋ nɛ aŋ kaŋ dimbee hʋ lara, beewɩya ba gyɩ aa fá Gyuuma nɩhɩyasɩ hʋ rɛ. Ɛɛ rɛ Yesu ko sɩŋ ba tʋtʋʋ aŋ baa, “Fɩyɛlʋʋ we ma lee.”"
21,"After Jesus had greeted them again, he said, “I am sending you, just as the Father has sent me.”","Ɛɛ rɛ Yesu bɩl basɩ tɩya ba a baa, “Fɩyɛlʋʋ we ma lee.” Ŋ Kuwo aa tɩma ŋ gɛɛ, ɛɛ tɩɩ rɛ ŋ mɛ kɩ tɩŋ ma."
23,"If you forgive anyone's sins, they will be forgiven. But if you don't forgive their sins, they will not be forgiven.” Jesus and Thomas","Dɩ mamaa rɛ ko kpa nal wɩbɔmɔ kyɛ ʋ, Wɩɩsɩ mɛ sɩ kpa ʋ tɩɩna wɩbɔmɔ kyɛ ʋ. Dɩ mamaa rɛ ko bɩ kpaa nal wɩbɔmɔ kyɛ ʋ, Wɩɩsɩ mɛ bɩ sɩ kpa ʋ tɩɩna wɩbɔmɔ kyɛ ʋ.” Yesu kaŋ ʋ tɩɩ ko daga Tɔmaasɩ"
25,"So they told him, “We have seen the Lord!” But Thomas said, “First, I must see the nail scars in his hands and touch them with my finger. I must put my hand where the spear went into his side. I won't believe unless I do this!”","Ɛɛ rɛ ʋ hatɩnnɩ-kaalɩya hʋ basɩ tɩya ʋ a baa, “Á naa á Tɩɩna rɛ.” Ɛɛ rɛ Tɔmaasɩ basɩ tɩya ba a baa, “See dɩ ŋ na habibʋʋsɩ hʋ ʋ nosi tɩyaŋ, a kpa ŋ nonii dige doŋ fʋfʋʋnɩ, a kpa ŋ nonii tʋʋ ʋ logiŋ bʋwa hʋ mɛ tɩyaŋ, ka dɩ ŋ na laa ma wɩɩ hʋ di.”"
26,"A week later the disciples were together again. This time, Thomas was with them. Jesus came in while the doors were still locked and stood in the middle of the group. He greeted his disciples","Ʋ kyɛyɛ kyori hal tɩyaŋ, Yesu hatɩnna hʋ bɩl gyʋʋ dɩya a kaŋ dimbee hʋ lara. Saŋa no tɩyaŋ kɛ dɩ Tɔmaasɩ mɛ we ba tɩyaŋ. Ba ko yaa dɩ ba deŋ dɩ Yesu sɩŋ ba tʋtʋʋ aŋ baa, “Fɩyɛlʋʋ we ma lee.”"
27,"and said to Thomas, “Put your finger here and look at my hands! Put your hand into my side. Stop doubting and have faith!”","Ɛɛ rɛ ka ʋ basɩ tɩya Tɔmaasɩ a baa, “Kpa ɩ nonii a tʋʋ ŋ noŋ bʋwa hʋ tɩyaŋ aŋ deŋ ŋ nosi na, aŋ kpa ɩ nonii tʋʋ ŋ logiŋ bʋwa hʋ mɛ tɩyaŋ a na. Laa di, ta kɩ yaa sige.”"
29,"Jesus said, “Thomas, do you have faith because you have seen me? The people who have faith in me without seeing me are the ones who are really blessed!” Why John Wrote His Book","Ɛɛ rɛ Yesu pɩyɛsɩ ʋ baa, “Ɩ aa naa ŋ nɛ tɩŋ ɩ laa di nyɛ koo? Nyusʋŋtɩmma rɛ yaa nala hʋ aa bɩ naa ŋ, aŋ laa ŋ wɩya di.”"
30,"Jesus worked many other miracles for his disciples, and not all of them are written in this book.",Yesu gyɩ yaa wɩmagɩla yʋga rɛ ʋ hatɩnna hʋ sɩɩ tɩyaŋ. Amɛ wɩya no buloŋ daa ŋ sabɩ we teŋ no tɩyaŋ.
31,"But these are written so that you will put your faith in Jesus as the Messiah and the Son of God. If you have faith in him, you will have true life.","Amɛ ŋ sabɩ wɩya no rɛ dɩ ma wuwo laa di anɩɩ Yesu rɛ yaa Krisita hʋ, laataal hʋ Wɩɩsɩ aa lɩya, a yaa Wɩɩsɩ Biye mɛ. Dɩ mamaa rɛ laa ʋ wɩya di, ma sɩ kaŋ mɩɩbol aa bɩ kaŋ tenii."
1,Jesus later appeared to his disciples along the shore of Lake Tiberias.,Ɛɛ hal tɩyaŋ nɛ Yesu gyɩ bɩl kaŋ ʋ tɩɩ ko daga ʋ hatɩnna badɔmɔŋ fuwo kɩdɩgɩ ba aa yɩrɩ Tibeeriya nyʋwa tɩyaŋ.
2,"Simon Peter, Thomas the Twin, Nathanael from Cana in Galilee, and the brothers James and John, were there, together with two other disciples.","Siimɔŋ Piita abee Tɔmaasɩ, nal hʋ ba fa aa yɩrɩ Daalɩyanɩ, abee Nataniyɛl fa aa lɩɩ Keena aa we Galili paalʋʋ tɩyaŋ, abee Zebedi biisi hʋ, abee Yesu hatɩnna hʋ balɩya buloŋ nɛ gyɩ laŋŋa ka wɩɩ no yaa."
4,"Early the next morning Jesus stood on the shore, but the disciples did not realize who he was.","Ʋ sɩgballɩnyʋwa, Yesu ko sɩŋ nɩɩ hʋ nyʋwa, amɛ ʋ hatɩnna hʋ gyɩ bɩ gyɩma anɩɩ ʋ rɛ."
5,"Jesus shouted, “Friends, have you caught anything?” “No!” they answered.","Ɛɛ rɛ Yesu pɩyɛsɩ ba a baa, “Ŋ kyaŋsɩ, ma ha bɩ kaŋ fuwonamɩya buloŋ?” Ba baa dɩ aayɩ."
6,"So he told them, “Let your net down on the right side of your boat, and you will catch some fish.” They did, and the net was so full of fish that they could not drag it up into the boat.","Ɛɛ rɛ ʋ basɩ tɩya ba a baa, “Ma yuwo ma gyoŋ hʋ we nɩɩduworiboro hʋ noduu logiŋ dɩɩlaŋ, ma sɩ kasɩ fuwonamɩɩsɩ.” Ɛɛ rɛ ba yuwo gyoŋ hʋ a kasɩ fuwonamɩɩsɩ su. Ʋ aa suwo gɛɛ, ba bɩ wuwo dɩ ba gba tarɩ gyoŋ hʋ gyɩŋ."
7,"Jesus' favorite disciple told Peter, “It's the Lord!” When Simon heard it was the Lord, he put on the clothes he had taken off while he was working. Then he jumped into the water.","Ɛɛ rɛ Yesu hatɩnnɩ hʋ ʋ fa aa kyo kɩŋkaŋ hʋ basɩ tɩya Piita a baa, “Á Tɩɩna rɛ basɩ wɩya kɩ ma gɛɛ.” Saŋa no tɩyaŋ dɩ Piita fa wuri ʋ gal lɛ. Ʋ aa nɩɩ gɛɛ, ʋ kpa ʋ gal hʋ laalɩ, aŋ lɩɩ nɩɩduworiboro hʋ tɩyaŋ, a gyaa tuu nɩɩ hʋ dɩ ʋ duwori mʋ Yesu lee."
9,"When the disciples got out of the boat, they saw some bread and a charcoal fire with fish on it.","Ba aa ko lɩɩ nɩɩ hʋ nyʋwa, ba na diŋ dɩ fuwonamɩɩsɩ kyɛbɛ ka ba na paanʋʋ mɛ."
10,"Jesus told his disciples, “Bring some of the fish you just caught.”","Ɛɛ rɛ Yesu basɩ tɩya ba a baa, “Ma lɩɩ fuwonamɩɩsɩ hʋ badɔmɔŋ ma aa kasa lagɩlagɩ no hʋ a kaŋ ko.”"
12,"Jesus said, “Come and eat!” But none of the disciples dared ask who he was. They knew he was the Lord.","Ɛɛ rɛ Yesu basɩ tɩya ba a baa, “Ma ko bɩllɩ nyʋwa.” Ʋ aa basɩ gɛɛ, ʋ hatɩnna hʋ kɩdɩgɩ buloŋ gyɩ bɩ wuwo dɩ ʋ pɩyɛsɩ baa “Aŋnɛ rɛ yaa ɩ.” Beewɩya ba buloŋ gyɩma anɩɩ Tɩɩna hʋ rɛ."
13,Jesus took the bread in his hands and gave some of it to his disciples. He did the same with the fish.,"Ɛɛ rɛ Yesu kaŋ paanʋʋ hʋ kpaa tɩya ba, a kpaa fuwonamɩɩsɩ hʋ mɛ tɩya ba."
14,This was the third time Jesus appeared to his disciples after he was raised from death. Jesus and Peter,"Ʋ aa sii sʋʋ tɩyaŋ, ʋ bʋto rɛ yaŋ nyɛ ʋ aa kaŋ ʋ tɩɩ ko daga ʋ hatɩnna. Yesu basɩ wɩya tɩya Piita"
15,"When Jesus and his disciples had finished eating, he asked, “Simon son of John, do you love me more than the others do?” Simon Peter answered, “Yes, Lord, you know I do!” “Then feed my lambs,” Jesus said.","Ba aa dii kɩna hʋ ko teŋ, ɛɛ rɛ Yesu pɩyɛsɩ Siimɔŋ Piita a baa, “Gyɔɔŋ biibaal Siimɔŋ, ɩ kyo ŋ a te gɛɛ ɩ dɔŋtɩŋsɩ no aa kyo ŋ nɛ?” Ɛɛ rɛ Piita baa, “Waa, ŋ Tɩɩna, ɩ tɩɩ gyɩma anɩɩ ŋ kyo ɩ rɛ.” Ɛɛ rɛ Yesu basɩ tɩya ʋ a baa, “Kɩ deŋ ŋ hatɩnna nyuu anɩɩ pedaal aa kɩ deŋ ʋ piyese nyuu gɛɛ.”"
16,"Jesus asked a second time, “Simon son of John, do you love me?” Peter answered, “Yes, Lord, you know I love you!” “Then take care of my sheep,” Jesus told him.","Ɛɛ rɛ Yesu bɩl pɩyɛsɩ ʋ a baa, “Gyɔɔŋ biibaal Siimɔŋ, ɩ kɔnɩ kyo ŋ nɛ?” Ɛɛ rɛ Piita bɩl baa, “Waa, ŋ Tɩɩna, ɩ gyɩma anɩɩ ŋ kyo ɩ rɛ.” Ɛɛ rɛ Yesu bɩl basɩ tɩya ʋ a baa, “Kɩ deŋ ŋ hatɩnna nyuu anɩɩ pedaal aa kɩ deŋ ʋ piyese nyuu gɛɛ.”"
17,"Jesus asked a third time, “Simon son of John, do you love me?” Peter was hurt because Jesus had asked him three times if he loved him. So he told Jesus, “Lord, you know everything. You know I love you.” Jesus replied, “Feed my sheep.","Ɛɛ rɛ Yesu bɩl pɩyɛsɩ Piita bʋto tɩɩna a baa, “Gyɔɔŋ biibaal Siimɔŋ, ɩ kyo ŋ nɛ?” Yesu aa pɩyɛsɩ ʋ bʋto gɛɛ, Piita tɩya buloŋ kyogi, ʋ basɩ tɩya Yesu a baa, “Ŋ Tɩɩna, ɩ gyɩŋ wɩɩ buloŋ nɛ. Ɩ gyɩma anɩɩ ŋ kyo ɩ rɛ.” Ɛɛ rɛ Yesu bɩl basɩ tɩya ʋ a baa, “Kɩ deŋ ŋ hatɩnna nyuu anɩɩ pedaal aa kɩ deŋ ʋ piyese nyuu gɛɛ."
18,"I tell you for certain that when you were a young man, you dressed yourself and went wherever you wanted to go. But when you are old, you will hold out your hands. Then others will wrap your belt around you and lead you where you don't want to go.”","Wɩtɩɩ rɛ ŋ basɩ kɩ tɩya ɩ, ɩ fa aa yaa bapʋwasɩɩ, ɩ aa sii nyʋgɩlɩ ɩ tɩɩ rɛ, a kɩ mʋ lee hʋ buloŋ ɩ aa kyɛ. Amɛ dɩ ɩ rɛ ko hɩyasɩ, ɩ sɩ kaŋ ɩ nosi gye, aŋka dɩ ba vʋwa ɩ, a kana ɩ mʋ lee hʋ ɩ aa bee kyɛ.”"
19,"Jesus said this to tell how Peter would die and bring honor to God. Then he said to Peter, “Follow me!” Jesus and His Favorite Disciple","Yesu aa basɩ wɩɩ no daga gɛɛ hʋ Piita aa sɩ sʋba rɛ, a leŋ dɩ nala tɩŋ gɛɛ tɩyaŋ a na Wɩɩsɩ gaŋdarɩ aa maga gɛɛ. Ɛɛ rɛ ka Yesu basɩ tɩya ʋ a baa, “Kɩ tɩŋa ŋ hal.”"
20,"Peter turned and saw Jesus' favorite disciple following them. He was the same one who had sat next to Jesus at the meal and had asked, “Lord, who is going to betray you?”","Ɛɛ rɛ Piita galdaasɩ hal, a na dɩ Yesu hatɩnnɩ hʋ Yesu fa aa kyo kɩŋkaŋ hʋ dɩ ʋ aa tɩŋ ba hal. Ʋ rɛ yaa nal no tɩɩna gyɩ aa hɔŋ kpala Yesu saŋa hʋ ba gyɩ aa di kɩdiiliye hʋ, a gyɩ pɩyɛsɩ ʋ a baa, “Ŋ Tɩɩna, aŋnɛ rɛ sɩ kpa ɩ yallɩ?”"
21,"When Peter saw this disciple, he asked Jesus, “Lord, what about him?”","Piita aa naa ʋ, ɛɛ rɛ ʋ pɩyɛsɩ Yesu a baa, “Ŋ Tɩɩna, ka baal no mɛ, bee rɛ sɩ yaa ʋ mɛ?”"
22,"Jesus answered, “What is it to you, if I want him to live until I return? You must follow me.”","Ɛɛ rɛ Yesu basɩ tɩya ʋ a baa, “Dɩ mɩyaŋ nɛ aa kyɛ dɩ ʋ we doŋ a mʋ pele saŋa hʋ ŋ aa sɩ mɩɩgɩ ko dʋnɩya mɛ, ɩ wɩbee rɛ we doŋ? Ɩ kɛ kɩ tɩŋa ŋ hal.”"
23,"So the rumor spread among the other disciples that this disciple would not die. But Jesus did not say he would not die. He simply said, “What is it to you, if I want him to live until I return?”","Yesu aa basɩ nyɛ wɩya, ʋ hatɩnna buloŋ gyɩ aa basɩ rɛ anɩɩ ʋ hatɩnnɩ no kɛ bɩ sɩ sʋba. Amɛ Yesu gyɩ bɩ baa dɩ ʋ bɩ sɩ sʋba. Wɩɩ hʋ ʋ gyɩ aa basa rɛ nyɛ: “Dɩ mɩyaŋ nɛ aa kyɛ dɩ baal no we doŋ a mʋ pele saŋa hʋ ŋ aa sɩ mɩɩgɩ ko dʋnɩya mɛ, Piita, ɩ wɩɩ tuwo.”"
24,"This disciple is the one who told all of this. He wrote it, and we know he is telling the truth.","Hatɩnnɩ no rɛ yaa nal hʋ aa basɩ wɩya no, a bɩl sabɩ ba biŋ teŋ tɩyaŋ mɛ. Á gyɩma anɩɩ wɩya hʋ buloŋ ʋ aa basa yaa wɩtɩɩ rɛ."
25,"Jesus did many other things. If they were all written in books, I don't suppose there would be room enough in the whole world for all the books.","Yesu yaa wɩya badɔmɔŋ mɛ rɛ yʋga a pɛ wɩya hʋ ŋ aa saba we teŋ no tɩyaŋ. Dɩ mɩyaŋ nɛ fa sabɩ wɩya hʋ buloŋ kɩŋ kɩŋ a biŋ tenni tɩyaŋ, ŋ bɩ tama tenni hʋ fa sɩ na lee a pɩŋ dʋnɩya no tɩyaŋ."
2,"until he was taken up to heaven. But before he was taken up, he gave orders to the apostles he had chosen with the help of the Holy Spirit.","a mʋ pele kyɛɛ hʋ Wɩɩsɩ aa kpaa ʋ gyɩŋ wɩɩsɩbee. Wɩɩsɩ Wiyesi Welii hʋ dee tɩyaŋ, ʋ gyɩ daga ʋ kpambɩsɩ hʋ ʋ aa lɩya tʋma hʋ ba aa sɩ kɩ tʋma rɛ, aŋ na mʋ wɩɩsɩbee."
4,"While he was still with them, he said: Don't leave Jerusalem yet. Wait here for the Father to give you the Holy Spirit, just as I told you he has promised to do.","Yesu ha gyɩ aa we ʋ hatɩnna hʋ lee, ʋ gyɩ basɩ tɩya ba rɛ abee sɩfɩyasɩ a baa, “Ma ta ko kɩ lɩɩ Gyerusalɛm tɩyaŋ. Ma gyegili bɔnyɛ kɩŋ hʋ ŋ Kuwo aa wee nyʋwa a baa dɩ ʋ sɩ tɩya ma. Ŋ laa sɩya basɩ ʋ wɩya tɩya ma rɛ."
5,"John baptized with water, but in a few days you will be baptized with the Holy Spirit. Jesus Is Taken to Heaven","Gyɔɔŋ, Wɩɩsɩnɩɩfool hʋ kɛ, nɩɩ rɛ ʋ gyɩ kaŋ kɩ fo nala wɩɩkyʋwalnɩɩ. Amɛ ʋ bɩ sɩ pɩɩsɩ, ka dɩ Wɩɩsɩ kpa ʋ Wiyesi Welii hʋ fo ma wɩɩkyʋwalnɩɩ.” Yesu gyɩŋ wɩɩsɩbee Maakɩ"
6,"While the apostles were still with Jesus, they asked him, “Lord, are you now going to give Israel its own king again?”","Yesu bee ʋ kpambɩsɩ hʋ aa laŋŋa gɛɛ rɛ, ba pɩyɛsɩ ʋ a baa, “Á Tɩɩna, lagɩlagɩ no kɛ, ɩ sɩ leŋ dɩ Iziral tɩmma bɩl di ba paalʋʋ koro koo?”"
8,"But the Holy Spirit will come upon you and give you power. Then you will tell everyone about me in Jerusalem, in all Judea, in Samaria, and everywhere in the world.”","Amɛ dɩ Wɩɩsɩ ko kpa ʋ Wiyesi Welii hʋ we ma tɩyaŋ, ma sɩ kaŋ dee a yaa ŋ daŋsɩya diile a basɩ ŋ wɩya Gyerusalɛm tɩyaŋ, abee Gyudɩya paalʋʋ buloŋ tɩyaŋ abee Samaarɩya paalʋʋ buloŋ tɩyaŋ, a kaŋ kɩ mʋ dʋnɩya logiŋ kɛ buloŋ.”"
9,"After Jesus had said this and while they were watching, he was taken up into a cloud. They could not see him,","Yesu aa basɩ gɛɛ ko teŋ, Wɩɩsɩ kpa ʋ kaŋ gyɩŋ wɩɩsɩbee, ka ʋ kpambɩsɩ hʋ sɩŋ wil nyuni kɩ deŋ wɩɩsɩnyuu. Nyɛ rɛ taal ko tɔ ʋ, ba bɩl bɩ na ʋ."
11,"They said, “Why are you men from Galilee standing here and looking up into the sky? Jesus has been taken to heaven. But he will come back in the same way you have seen him go.” Someone To Take the Place of Judas","a pɩyɛsɩ ba a baa, “Galili tɩmma, bee rɛ tɩŋ ma sɩŋ kɩ deŋ wɩɩsɩnyuu nyɛ? Ɛɛ hʋ ma aa yaŋ na Wɩɩsɩ kpaa Yesu a kaŋ kɩ gyɩŋ wɩɩsɩbee ma sɩɩ tɩyaŋ nyɛ, ɛɛ tɩɩ rɛ ʋ sɩ bɩl mɩɩgɩ lɩɩ wɩɩsɩbee ko tuu.” Ba lɩɩ nal dɩ ʋ laa Gyudasɩ nyuu Matiwu"
13,"The Mount of Olives was about a kilometer from Jerusalem. The apostles who had gone there were Peter, John, James, Andrew, Philip, Thomas, Bartholomew, Matthew, James the son of Alphaeus, Simon, known as the Eager One, and Judas the son of James. After the apostles returned to the city, they went upstairs to the room where they had been staying.","Ba ko pele Gyerusalɛm, a kpa mʋ ba dɩɩgyʋʋlɩɩ gyirambisa nyuu dɩya kɩdɩgɩ tɩyaŋ. Ba nala hʋ gyɩ aa laŋŋa kɩ gyʋʋ doŋ nɛ nyɛ: Piita, Gyɔɔŋ, Gyemsi, Aŋduru, Fɩlɩpɩ, Tɔmaasɩ, Batolomi, Matiwu, Alfiyasɩ biibaal Gyemsi, Siimɔŋ, nal hʋ aa kyɩl ʋ nala wɩya, abee Gyemsi biibaal Gyudasɩ."
14,"The apostles often met together and prayed with a single purpose in mind. The women and Mary the mother of Jesus would meet with them, and so would his brothers.","Ba bee haana badɔmɔŋ abee Yesu nɩɩna Mɛɛrɩ abee Yesu nɩmmabalɩya buloŋ nɛ gyɩ yaa nyʋʋdɩgɩ aa kɩ laŋŋɩ doŋ saŋa buloŋ, a kɩ kyʋwalɩ Wɩɩsɩ abee sɩfɩyasɩ."
18,"Then Judas bought some land with the money he was given for doing that evil thing. He fell headfirst into the field. His body burst open, and all his insides came out.","(Gyudasɩ gyɩ yaa wɩbɔŋ nɛ, a na molbiye doŋ a kpa yɔbɔ taŋha kɩdɩgɩ. Haŋ taŋha hʋ tɩyaŋ nɛ ʋ tele pɔsɔ, ʋ nabolimo buloŋ lɩɩ gyaasɩ."
19,"When the people of Jerusalem found out about this, they called the place Akeldama, which in the local language means “Field of Blood.”","Nala hʋ aa we Gyerusalɛm tɩyaŋ buloŋ nɛ gyɩ nɩɩ ʋ wɩya. Ɛɛ rɛ tɩŋ ba kaŋ lee hʋ kɩ yɩrɩ Akɛldama, ba taal tɩyaŋ. Ʋ memii rɛ yaa taŋha hʋ tɩyaŋ kyal aa gyaasa.)"
20,"In the book of Psalms it says, “Leave his house empty, and don't let anyone live there.” It also says, “Let someone else have his job.”","“Deviti saba we Wɩɩsɩ teŋ logiŋ hʋ ba aa yɩrɩ Yɩɩla tɩyaŋ nɛ a baa, ‘Wɩɩsɩ sɩ leŋ dɩ ʋ dɩya pɩŋ gyikpiye, dɩ nal buloŋ ta kɩ gyʋʋ.’ Aŋ bɩl sabɩ abaa, ‘Amɛ ʋ tʋma kɛ, see dɩ nal laa ʋ nyuu a kɩ tʋma.’"
23,"Two men were suggested: One of them was Joseph Barsabbas, known as Justus, and the other was Matthias.",Nyɛ rɛ ba daga nala balɩya. Ba kɩdɩgɩ feŋ nɛ yaa Gyosɛfʋ Basabaasɩ. Kɩdɩgɩ hʋ mɛ feŋ nɛ fa yaa Matɩyasɩ.
26,"They drew names, and Matthias was chosen to join the group of the eleven apostles.","Nyɛ rɛ ba yuwo gbaŋŋa, Matɩyasɩ di, ba lɩɩ ʋ pɛ Yesu kpambɩsɩ fi abee kɩdɩgɩ hʋ tɩyaŋ."
2,Suddenly there was a noise from heaven like the sound of a mighty wind! It filled the house where they were meeting.,"Ba ko baa dɩ ba deŋ, dɩ dɔmɔ kɩdɩgɩ lɩɩ wɩɩsɩnyuu, a kɩɩ gɛɛ anɩɩ puwobal lɛ aa dɔŋ. Dɔmɔ hʋ ko gyʋʋ tɔ dɩya hʋ buloŋ."
4,"The Holy Spirit took control of everyone, and they began speaking whatever languages the Spirit let them speak.","Nala hʋ buloŋ tɩyaŋ diŋtʋlnɩ hʋ gyɩ aa saga, Wɩɩsɩ gyɩ kpaa ʋ Wiyesi Welii hʋ we ba tɩyaŋ nɛ, ʋ gyɩ leŋ ba piili kɩ basɩ wɩya abee taanɩ ba aa bɩ gyɩma."
5,Many religious Jews from every country in the world were living in Jerusalem.,"Gyuuma badɔmɔŋ mɛ fa we Gyerusalɛm tɩyaŋ, a yaa wɩɩkyʋwalla aa lɩɩ dʋnɩya logiŋ kɛ buloŋ."
6,"And when they heard this noise, a crowd gathered. But they were surprised, because they were hearing everything in their own languages.","Nɩgyamaa no buloŋ gyɩ aa nɩɩ kyagɩŋsɩ hʋ, ba buloŋ ko kyige doŋ. Ba aa kyige gɛɛ, ba kɩdɩgɩ buloŋ gyɩ nɩɩ Yesu Krisita hatɩnna wɩbasɩɩ hʋ rɛ ʋ tɩɩ taal tɩyaŋ. Ʋ gyɩ yaa ba wɩkperii."
11,"Crete, and Arabia. Some of us were born Jews, and others of us have chosen to be Jews. Yet we all hear them using our own languages to tell the wonderful things God has done.","Á badɔmɔŋ lɩɩ Kiriti rɛ, á badɔmɔŋ mɛ lɩɩ Areebɩya. Á kɩdɩgɩ buloŋ mɛ yaŋ bee ʋ taal lɛ, ka á nɩɩ dɩ ba aa basɩ Wɩɩsɩ wɩduwoni hʋ ʋ aa yaa á tɩɩ taanɩ tɩyaŋ.”"
12,"Everyone was excited and confused. Some of them even kept asking each other, “What does all this mean?”","Nyɛ rɛ wɩɩ hʋ ha kperi ba, ba hakɩllɩ buloŋ vʋgɩmɩ, ba kɩ pɩyɛsɩ dɔmɔŋ a baa, “Wɩya no buloŋ memii rɛ yaa bee?”"
13,"Others made fun of the Lord's followers and said, “They are drunk.” Peter Speaks to the Crowd",Ɛɛ rɛ ka nala hʋ badɔmɔŋ mɛ kɩ yaa Yesu hatɩnna hʋ sɩya a baa dɩ ba nyʋwa sɩŋ bugo rɛ. Piita basɩ Wɩɩsɩ wɩya tɩya gyamaa hʋ
14,"Peter stood with the eleven apostles and spoke in a loud and clear voice to the crowd: Friends and everyone else living in Jerusalem, listen carefully to what I have to say!","Nyɛ rɛ Yesu kpambɩsɩ hʋ sii sɩŋ, ka Piita heeli basɩ tɩya gyamaa hʋ a baa, “Ŋ kuwobalɩya Gyuuma abee nala hʋ buloŋ aa we Gyerusalɛm tɩyaŋ, ma wuwoli ma dɩgɩna, dɩ ŋ basɩ wɩya no aa yaa memii tɩya ma."
15,"You are wrong to think that these people are drunk. After all, it is only nine o'clock in the morning.","Ma aa bɩɩnɩ anɩɩ nala no bugo rɛ? Amɛ, ma yaŋ gyɩma anɩɩ ba bɩ bugo. Beewɩya, ʋ ha yaa kyɩkyʋwala kerifi nibi rɛ, ɛɛ rɛ nal sɩ yaa bugo?"
16,"But this is what God told the prophet Joel to say,","Amɛ Wɩɩsɩ tɩŋdaal Gyowɛl gyɩ basa wɩya no aa yaa wɩya rɛ anɩɩ nyɛ sɩ maakyiye yaa. Ʋ basa anɩɩ,"
17,"“When the last days come, I will give my Spirit to everyone. Your sons and daughters will prophesy. Your young men will see visions, and your old men will have dreams.","Wɩɩsɩ baa, ‘Dɩ dʋnɩya rɛ ko kpaga tenii, nyɛ rɛ ŋ sɩ yaa. Ŋ sɩ kpa ŋ Wiyesi Welii hʋ we nala iriŋ buloŋ tɩyaŋ. Ma biibaala abee ma toliye sɩ basɩ wɩya ŋ Wiyesi Welii hʋ dee tɩyaŋ. Ma bapʋwasɩya abee ma banɩhɩyasɩ buloŋ mɛ sɩ kɩ na Wɩɩsɩ wɩtɩɩ hʋ ba duwoso tɩyaŋ."
18,"In those days I will give my Spirit to my servants, both men and women, and they will prophesy.","Haŋ saŋa hʋ, ŋ sɩ kpa ŋ Wiyesi Welii hʋ tɩya baala abee haana hʋ aa tɩŋa ŋ kyɛrɩ, dɩ ba buloŋ kɩ basɩ wɩya ŋ Wiyesi Welii hʋ dee tɩyaŋ."
19,“I will work miracles in the sky above and wonders on the earth below. There will be blood and fire and clouds of smoke.,"Ŋ sɩ kɩ yaa wɩkperiye Wɩɩsɩnyuu tɩyaŋ, aŋ kɩ yaa wɩmagɩla mɛ dʋnɩya abee taŋhanyuu tɩyaŋ daha. Kyal, diŋ, abee nyʋwɔsɩ sɩ we doŋ."
20,"The sun will turn dark, and the moon will be as red as blood before the great and wonderful day of the Lord appears.","Sɩgballɩya sɩ kɩɩ gɛɛ anɩɩ tebine. Ka dɩ pene mɛ fɩyɛsɩ gɛɛ anɩɩ kyal. Wɩya no buloŋ sɩ yaa rɛ, ka dɩ á Tɩɩna Kyɛbal hʋ yaŋ na pele."
21,Then the Lord will save everyone who asks for his help.”,"Haŋ kyɛɛ hʋ, nal hʋ buloŋ aa yɩrɩ á Tɩɩna Wɩɩsɩ, ʋ sɩ laa ʋ ta.’"
23,God had already planned and decided that Jesus would be handed over to you. So you took him and had evil men put him to death on a cross.,"Wɩɩsɩ kyɛrɩ tɩyaŋ nɛ, ʋ gyɩmaa mɛ we doŋ, ka ba kaŋ Yesu Krisita we ma nosi tɩyaŋ. Ɛɛ rɛ ma kpa ʋ tɩya wɩbɔŋyaala, ba kpaasɩ ʋ mal daagarɩɩ tɩyaŋ, ʋ sʋba."
24,But God set him free from death and raised him to life. Death could not hold him in its power.,"Amɛ Wɩɩsɩ kyisi ʋ sʋʋ tɩyaŋ nɛ, a lɩɩ tʋwara hʋ buloŋ ʋ aa naa ʋ sʋʋ saŋa ta. Beewɩya sʋʋ bɩ kaŋ dee ʋ aa sɩ wuwo kana ʋ biŋ dɩ ʋ ta siye.’"
25,"What David said are really the words of Jesus, “I always see the Lord near me, and I will not be afraid with him at my right side.","Deviti fa basɩ ʋ wɩya rɛ a baa, ‘Ŋ gyɩ naa ŋ Tɩɩna rɛ dɩ ʋ laa ŋ sɩya, aŋ we ŋ lee saŋa buloŋ, dɩ nal buloŋ ta wuwo yaa ŋ wɩbɔŋ."
27,"The Lord won't leave me in the grave. I am his holy one, and he won't let my body decay.","Dɩ mɩyaŋ nɛ ko sʋba, ɩ Wɩɩsɩ bɩ sɩ laa nyʋwa vɩya ŋ ta lalɩyabee tɩyaŋ. Ɩ bɩ sɩ laa nyʋwa leŋ dɩ ɩ tʋŋtʋnnɩ hʋ aa kaŋ wɩtɩɩ pɩŋ bʋwa tɩyaŋ a pʋwa."
28,"He has shown me the path to life, and he makes me glad by being near me.”",Ɩ daga ŋ ŋmanɩɩ hʋ ŋ aa sɩ tɩŋa a kaŋ mɩɩbol lɛ. Ɩ aa we ŋ lee mɛ rɛ yaŋ sɩ leŋ dɩ ŋ kaŋ teŋfɩyɛlʋʋ.’
29,"My friends, it is right for me to speak to you about our ancestor David. He died and was buried, and his tomb is still here.","Nyɛ rɛ Piita bɩl basɩ baa, Ŋ kuwobalɩya, ŋ sɩ basɩ á naabaa Deviti wɩya a kaŋ polli tɩya ma. Deviti sʋba rɛ, ba kpa ʋ hogo, ʋ bil ha pɩŋ á bee tɩyaŋ daha a kaŋ kɩ ko gyɩnaŋ."
30,"But David was a prophet, and he knew that God had made a promise he would not break. He had told David someone from his own family would someday be king.","Ʋ fa yaa Wɩɩsɩ tɩŋdaal lɛ, a gyɩŋ wɩya hʋ buloŋ Wɩɩsɩ aa wee nyʋwa dɩ ʋ sɩ yaa tɩya ʋ. Wɩɩsɩ wee nyʋwa rɛ anɩɩ ʋ sɩ leŋ dɩ Deviti doho nal dɩ koro a kɩɩ gɛɛ anɩɩ Deviti fa aa kɩya."
31,"David knew this would happen, and so he told us Christ would be raised to life. He said God would not leave him in the grave or let his body decay.","Deviti fa aa naa wɩɩ hʋ Wɩɩsɩ fa aa kyɛ dɩ ʋ yaa, ʋ wuwo basɩ Krisita sʋʋ tɩyaŋ mɩɩgɩ siiyi wɩya rɛ a baa, ‘Wɩɩsɩ bɩ laa nyʋwa vɩya ʋ ta lalɩyabee tɩyaŋ. Ʋ bɩ laa nyʋwa leŋ ʋ teŋbii pɩŋ bʋwa tɩyaŋ a pʋwa.’"
32,All of us can tell you that God has raised Jesus to life!,Yesu no tɩɩ rɛ yaŋ Wɩɩsɩ kyisi sʋʋ tɩyaŋ gɛɛ. Á buloŋ nɛ yaa wɩɩ no daŋsɩya beewɩya á naa wɩya no buloŋ aa yaa rɛ.
33,"Jesus was taken up to sit at the right side of God, and he was given the Holy Spirit, just as the Father had promised. Jesus is also the one who has given the Spirit to us, and this is what you are now seeing and hearing.","Wɩɩsɩ kyisi ʋ sʋʋ tɩyaŋ nɛ ʋ sii gyɩŋ hɔŋ ʋ kuwo Wɩɩsɩ noduu logiŋ tɩyaŋ, ka ʋ kpa Wiyesi Welii hʋ wɩya ʋ fa aa wee nyʋwa a tɩya ʋ. Wiyesi Welii no rɛ Yesu kpa we á tɩyaŋ gyɩnaŋ, ʋ rɛ yaa wɩya hʋ ma aa na abee wɩya hʋ ma aa nɩɩ gɛɛ."
34,"David didn't go up to heaven. So he wasn't talking about himself when he said, “The Lord told my Lord to sit at his right side,","Deviti tɩɩ fa bɩ gyɩŋ mʋ Wɩɩsɩbee anɩɩ Yesu aa mʋwa gɛɛ, amɛ Yesu wɩya rɛ ʋ fa basɩ a baa, ‘Á Tɩɩna basɩ tɩya ŋ Tɩɩna rɛ, a baa Ko hɔŋ ŋ noduu logiŋ tɩyaŋ,’"
35,until he made my Lord's enemies into a footstool for him.”,Ka dɩ ŋ yuwo di ɩ dɔmɔ buloŋ teŋ.
36,"Everyone in Israel should then know for certain that God has made Jesus both Lord and Christ, even though you put him to death on a cross.","Ɛɛwɩya, Iziral tɩmma, ma buloŋ yaŋ gyɩma anɩɩ ʋ yaa wɩtɩɩ rɛ anɩɩ Yesu no ma aa kaŋ kpaasɩ mal daagarɩɩ hʋ tɩyaŋ, ʋ tɩɩ rɛ Wɩɩsɩ leŋ ʋ yaa á Tɩɩna. Ʋ rɛ bɩl yaa nal hʋ Wɩɩsɩ aa lɩya dɩ ʋ laa dʋnɩya nala ta.”"
38,"Peter said to them, “Turn to God and be baptized, every one of you, in the name of Jesus Christ for the forgiveness of your sins, and you will receive the gift of the Holy Spirit.","Nyɛ rɛ Piita basɩ tɩya ba a baa, ‘Ma bɩrɩmɩ lɩɩ ma wɩbɔmɔ tɩyaŋ, aŋ leŋ dɩ ba fo ma wɩɩkyʋwalnɩɩ Yesu Krisita feŋ tɩyaŋ, dɩ Wɩɩsɩ kpa ma wɩbɔmɔ kyɛ ma, aŋ kpa ʋ Wiyesi Welii hʋ we ma tɩyaŋ."
40,"Peter told them many other things as well. Then he said, “I beg you to save yourselves from what will happen to all these evil people.”","Ɛɛ hal tɩyaŋ, Piita bɩl basɩ wɩya rɛ kɩŋkaŋ a kpaanɩ ba abee sɩfɩyasɩ, aŋ ha sʋl ba a baa, “Ma lɩɩ ma tɩɩma nɩbɔmɔ no tɩyaŋ, dɩ tʋwara hʋ aa sɩ ko ba nyuu tɩyaŋ ta ko daagɩ ma.”"
43,Everyone was amazed by the many miracles and wonders that the apostles worked.,"Yesu kpambɩsɩ hʋ gyɩ aa yaa wɩmagɩla abee wɩkperiye rɛ yʋga, ʋ gyɩ yaa nal buloŋ nyʋʋfɩyɛlɩ."
45,They would sell their property and possessions and give the money to whoever was in need.,"Dɩ ba ko yallɩ ba kɩna mɛ, ba aa kaŋ molbiye hʋ kpaa dɔmɔŋ nɛ, a maga gɛɛ hʋ nal buloŋ aa kyɛɛ."
1,"The time of prayer was about three o'clock in the afternoon, and Peter and John were going into the temple.","Kyɛɛ kɩdɩgɩ, Piita bee Gyɔɔŋ gyɩ sii mʋ Wɩɩkyʋwaldɩɩbal hʋ rɛ Wɩɩsɩ kyʋwalɩɩ saŋa. Saŋa no gyɩ yaa nɩɩ wɩɩhaa kerifi boto rɛ."
2,"A man who had been born lame was being carried to the temple door. Each day he was placed beside this door, known as the Beautiful Gate. He sat there and begged from the people who were going in.","Ba aa mʋ dɩ baal kɩdɩgɩ mɛ we doŋ. Ʋ naa paalɩ kɩ lʋla ʋ dɩ ʋ gbarɩga rɛ. Kyɛɛ kɛ buloŋ ʋ nala aa kpa ʋ mʋ holli Wɩɩkyʋwaldɩɩbal hʋ paganyʋwa hʋ ba aa yɩrɩ Pagɩwelii hʋ tɩyaŋ nɛ. Doŋ tɩyaŋ nɛ ʋ gyɩ aa hɔŋ, a kɩ sʋla kɩna nala hʋ aa gyʋʋ Wɩɩkyʋwaldɩɩbal hʋ lee."
3,"The man saw Peter and John entering the temple, and he asked them for money.","Ʋ gyɩ aa naa Piita bee Gyɔɔŋ dɩ ba aa ko dɩ ba gyʋʋ wɩɩkyʋwaldɩya hʋ, ʋ sʋla kɩna ba lee."
4,"But they looked straight at him and said, “Look up at us!”","Nyɛ rɛ ba kɩ deŋ ʋ sɩya tɩyaŋ, aŋka Piita basɩ tɩya ʋ dɩ ʋ mɛ kɩ deŋ ba."
5,The man stared at them and thought he was going to get something.,Ɛɛ rɛ ʋ kɩ deŋ ba aŋ kɩ yɩyɛlɩ anɩɩ ba sɩ tɩya ʋ kɩŋ.
6,"But Peter said, “I don't have any silver or gold! But I will give you what I do have. In the name of Jesus Christ from Nazareth, get up and start walking.”","Nyɛ rɛ Piita mɩɩgɩ basɩ tɩya ʋ, “Ŋ bɩ kaŋ molbii buloŋ ŋ aa sɩ tɩya ɩ, amɛ kɩŋ hʋ ŋ aa kana, ʋ rɛ ŋ sɩ kpa tɩya ɩ. Yesu Krisita aa lɩɩ Nazarɛti feŋ tɩyaŋ, ŋ baa ‘Sii kɩ vala.”’"
7,"Peter then took him by the right hand and helped him up. At once the man's feet and ankles became strong,","Ʋ aa basɩ gɛɛ rɛ, ʋ kana ʋ noduu noŋ tɩyaŋ, a kana ʋ tarɩ sii sɩŋ. Ʋ naasɩ buloŋ pirigi tannɩ, a deye deye."
8,"and he jumped up and started walking. He went with Peter and John into the temple, walking and jumping and praising God.","Nyɛ rɛ ʋ sii gyaa kyigisi ʋ naasɩ tɩyaŋ, a kɩ vala. Ɛɛ rɛ ba buloŋ kpa gyʋʋ Wɩɩkyʋwaldɩɩbal hʋ. Ka baal hʋ vala aŋ sii kɩ gyaa, a kɩ dannɩ Wɩɩsɩ."
9,Everyone saw him walking around and praising God.,"Nala hʋ buloŋ na ʋ, dɩ ʋ aa val aŋ kɩ dannɩ Wɩɩsɩ."
10,"They knew he was the beggar who had been lying beside the Beautiful Gate, and they were completely surprised. They could not imagine what had happened to the man. Peter Speaks in the Temple","Ba aa na ʋ, ba wuwo gyɩma rɛ anɩɩ ʋ rɛ fa aa hɔŋ Pagɩwelii hʋ nyʋwa tɩyaŋ kɩ sʋla kɩna gɛɛ. Nyɛ rɛ ba buloŋ hirigi, beewɩya ba kɛ lee, wɩkperii rɛ ba na gɛɛ. Piita basɩ Wɩɩsɩ wɩya Wɩɩkyʋwaldɩɩbal hʋ tɩyaŋ"
11,"While the man kept holding on to Peter and John, the whole crowd ran to them in amazement at the place known as Solomon's Porch.","Nyɛ rɛ Piita bee Gyɔɔŋ abee baal hʋ buloŋ sii mʋ gyʋʋ gyambarɩŋ kɩdɩgɩ ba kɩ yɩrɩ Solomɔn Gyambarɩŋ. Nala hʋ aa naa baal hʋ dɩ ʋ aa tɩŋ Piita bee Gyɔɔŋ hal gɛɛ, ba sii giri fá mʋ dɩ ba na ʋ, beewɩya wɩkperii rɛ ba kɛ na gɛɛ."
12,"Peter saw that a crowd had gathered, and he said: Friends, why are you surprised at what has happened? Why are you staring at us? Do you think we have some power of our own? Do you think we were able to make this man walk because we are so religious?","Piita aa naa nala hʋ aa yaa gɛɛ rɛ, ʋ pɩyɛsɩ ba a baa, “Ŋ kuwobalɩya Iziral tɩmma, bee rɛ tɩŋ wɩɩ no yaa wɩkperii ma lee, haalɩ, ma paalɩ kuwoni ma sɩyasɩ we á tɩyaŋ nyɛ? Ma ta ko liisi anɩɩ á tɩɩ dee koo á wɩweliye yayɩ rɛ tɩŋ baal no sii kɩ vala nyɛ."
13,"The God that Abraham, Isaac, Jacob, and our other ancestors worshiped has brought honor to his Servant Jesus. He is the one you betrayed. You turned against him when he was being tried by Pilate, even though Pilate wanted to set him free.","Abɩraham abee Azɩkɩ abee Gyeekɔbɩ abee á naabaala Wɩɩsɩ hʋ rɛ kpaa feŋbal a tɩya ʋ tʋŋtʋnnɩ Yesu. Nal hʋ ma aa kaŋ tɩya ba di ʋ sarɩya. Ɛɛ rɛ ka ma bɩl tʋwa Pilato, sarɩdiil hʋ sɩya tɩyaŋ, anɩɩ ma bɩ gyɩma ʋ. Haalɩ, Pilato fa kɩ kyɛ dɩ ʋ kpa ʋ ta, ka ma bɩ laa nyʋwa dɩ ʋ ta ʋ."
14,"You rejected Jesus, who was holy and good. You asked for a murderer to be set free,","Wɩɩsɩ Tɩpʋlʋŋ Tɩɩna, nal hʋ aa yaa wɩweliye hʋ, ʋ rɛ ma vɩya, aŋ sʋla dɩ ba kpa Barabaasɩ, nal hʋ aa kpʋ nala, a ta."
15,"and you killed the one who leads people to life. But God raised him from death, and all of us can tell you what he has done.",Aŋ leŋ ba kpʋ nal hʋ aa tɩya mɩɩbol hʋ aa bɩ kaŋ tenii. Amɛ á dii daŋsɩya rɛ anɩɩ Wɩɩsɩ kyisi baal no rɛ sʋʋ tɩyaŋ.
16,"You see this man, and you know him. He put his faith in the name of Jesus and was made strong. Faith in Jesus made this man completely well while everyone was watching.","Baal no ma aa naa dɩ ʋ deye nyɛ, haŋ Yesu hʋ dee tɩyaŋ nɛ. Á laa ʋ dee hʋ wɩya di rɛ, ɛɛ rɛ tɩŋ wɩɩ no wuwo yaa nyɛ. Á aa laa ʋ wɩya di hʋ rɛ tɩŋ baal no wuwo na laaŋfɩya ma buloŋ sɩɩ tɩyaŋ nyɛ."
17,"My friends, I am sure you and your leaders didn't know what you were doing.","Ŋ naabalɩya, ŋ gyɩma anɩɩ ma bee ma nɩhɩyasɩ gyɩ aa bɩ gyɩma rɛ tɩŋ ma kpʋ Yesu Krisita gɛɛ."
18,"But God had his prophets tell that his Messiah would suffer, and now he has kept this promise.",Faafaa buloŋ nɛ Wɩɩsɩ leŋ ʋ tɩŋdaala basɩ anɩɩ nal hʋ ʋ aa lɩya dɩ ʋ ko laa dʋnɩya nala ta sɩ na tʋwara. Ɛɛ mɛ kɔnɩ yaŋ ko yaa wɩtɩɩ rɛ.
19,"So turn to God! Give up your sins, and you will be forgiven.","Ɛɛwɩya, ma bɩrɩmɩ lɩɩ ma wɩbɔmɔ tɩyaŋ aŋ kɩ tɩŋ Wɩɩsɩ, dɩ ʋ kpa ma wɩbɔmɔ kyɛ ma, a leŋ dɩ ma bembiye fɩyɛlɩ."
20,"Then the time will come when the Lord will give you fresh strength. He will send you Jesus, his chosen Messiah.","Ka dɩ Wɩɩsɩ bɩl tɩŋ Krisita hʋ, nal hʋ ʋ aa lɩya dɩ ʋ ko ma lee. Ʋ rɛ yaa Yesu."
22,"Moses said, “The Lord your God will choose one of your own people to be a prophet, just as he chose me. Listen to everything he tells you.","Moosi mɛ fa yaa Wɩɩsɩ tɩŋdaala no kɩdɩgɩ rɛ. Ʋ gyɩ basɩ baa, ‘Á Tɩɩna Wɩɩsɩ sɩ tɩŋ ʋ tɩŋdaal kɩdɩgɩ dɩ ʋ ko ma lee anɩɩ ʋ aa tɩma ŋ gɛɛ. Ʋ sɩ yaa ma nɩɩnabiye tɩɩ. Dɩ ʋ rɛ ko ko, ma laa ʋ nyʋwa wɩbasɩya buloŋ di, aŋ tɩŋa ʋ."
23,No one who disobeys this prophet will be one of God's people any longer.”,"Nal hʋ buloŋ ko bɩ tɩŋ ʋ nyʋwa, Wɩɩsɩ sɩ lɩɩ ʋ tɩɩna ta ʋ nala tɩyaŋ.’"
25,"You are really the ones God told his prophets to speak to. And you were given the promise God made to your ancestors. He said to Abraham, “All nations on earth will be blessed because of someone from your family.”","Nyʋʋsɩ hʋ buloŋ Wɩɩsɩ aa bine ʋ tɩŋdaala hʋ ko basɩ gɛɛ, mamaa rɛ ʋ biŋ ba buloŋ tɩya. Ʋ biŋ tɩya á naabaala rɛ ka ba ha pɩŋ gbal ma mɛ gyɩnaŋ. Beewɩya ʋ gyɩ basɩ tɩya Abɩraham nɛ a baa, ‘I doho nala tɩyaŋ nɛ ŋ sɩ tɩŋa a leŋ dɩ dʋnɩya nala buloŋ na marɩsɩ.’"
26,"God sent his chosen Son to you first, because God wanted to bless you and make each one of you turn away from your sins.","Ɛɛ rɛ tɩŋ Wɩɩsɩ lɩɩ ʋ tʋŋtʋnnɩ Yesu á Tɩɩna, dɩ ʋ laa sɩya ko ma lee, a pɛ ma tɩyaŋ dɩ ma buloŋ bɩrɩmɩ lɩɩ ma wɩbɔmɔ tɩyaŋ.”"
2,"These men were angry because the apostles were teaching the people that the dead would be raised from death, just as Jesus had been raised from death.","Nyɛ rɛ ba ko na baaŋ Piita bee Gyɔɔŋ nyuu tɩyaŋ kɩŋkaŋ, beewɩya, ba fa aa daga nala hʋ rɛ anɩɩ Yesu sii sʋʋ tɩyaŋ nɛ. Ɛɛ daga anɩɩ dɩ nal lɛ sʋba, ʋ tɩɩna sɩ mɩɩgɩ sii sʋʋ tɩyaŋ nɛ gɛɛ."
3,"It was already late in the afternoon, and they arrested Peter and John and put them in jail for the night.",Nyɛ rɛ ba kaŋ Piita bee Gyɔɔŋ mʋ tɔ dɩya tɩyaŋ sɩya gballɩ. .
5,"The next morning the leaders, the elders, and the teachers of the Law of Moses met in Jerusalem.","Ʋ sɩgballɩya, Gyuuma sɩlaala abee ba nɩhɩyasɩ abee Wɩɩsɩ Tenni dɩdagɩla buloŋ nɛ gyɩ ko laŋŋɩ Gyerusalɛm tɩyaŋ."
6,"The high priest Annas was there, as well as Caiaphas, John, Alexander, and other members of the high priest's family.","Ba bee Anaasɩ, Gyuuma wɩɩkyʋwal sɩlaala nɩhɩyawʋ hʋ, abee Kayifasɩ, abee Gyɔɔŋ abee Alizaŋda, abee nala hʋ kɛ buloŋ aa lɩɩ ba wɩɩkyʋwal sɩlaala nɩhɩyawʋ hʋ doho nala tɩyaŋ nɛ gyɩ ko laŋŋɩ."
7,"They brought in Peter and John and made them stand in the middle while they questioned them. They asked, “By what power and in whose name have you done this?”","Ba aa ko laŋŋɩ teŋ, ba yɩrɩ Yesu kpambɩsɩ hʋ balɩya ba lɩɩ sɩŋ ba tʋtʋʋ tɩyaŋ, a pɩyɛsɩ ba a baa, “Degɛɛ rɛ ma kana, a wuwo leŋ baal no deye nyɛ, koo aŋnɛ feŋ nɛ ma yɩrɩ a leŋ baal no deye nyɛ?”"
8,Peter was filled with the Holy Spirit and told the nation's leaders and the elders:,"Ɛɛ rɛ Wɩɩsɩ Wiyesi Welii hʋ dee tɩyaŋ Piita basɩ tɩya ba a baa, “Mamaa aa yaa sɩlaala abee nɩhɩyasɩ,"
9,You are questioning us today about a kind deed in which a man who could not walk was healed.,ma kaŋ ma ko kɩ di á sarɩya rɛ gyɩnaŋ akuu á aa yaa wɩwelii a tɩɩbɩ gbarɩgɩ no wɩya.
10,"But there is something we must tell you and everyone else in Israel. This man is standing here completely well because of the power of Jesus Christ from Nazareth. You put Jesus to death on a cross, but God raised him to life.","Ʋ yaŋ maga dɩ ma nala no abee Iziral tɩmma buloŋ gyɩma rɛ anɩɩ Yesu Krisita aa lɩɩ Nazarɛti, ʋ feŋ tɩyaŋ nɛ baal no wuwo deye a sɩŋ ma sɩya tɩyaŋ nyɛ. Ʋ rɛ ma leŋ ba kaŋ kpaasɩ mal daagarɩɩ hʋ tɩyaŋ ʋ sʋba gɛɛ, ka Wɩɩsɩ kyisi ʋ sʋʋ tɩyaŋ."
11,"He is the stone you builders thought was worthless, and now he is the most important stone of all.","Yesu wɩya rɛ ba basɩ Wɩɩsɩ teŋ tɩyaŋ a baa, ‘Bʋyɩ hʋ dɩɩsaala hʋ aa vɩya ta, ʋ rɛ ko yaa wara hʋ buloŋ tɩyaŋ sɩfɩyaŋ bʋyɩ.’"
12,Only Jesus has the power to save! His name is the only one in all the world that can save anyone.,"Nal buloŋ tuwo dʋnɩya no tɩyaŋ aa sɩ wuwo laa ma ta dɩ Yesu dʋŋ daa. Ʋ dʋŋ feŋ nɛ Wɩɩsɩ baa dɩ á yɩrɩ, dɩ ʋ laa ma ta.”"
13,"The officials were amazed to see how brave Peter and John were, and they knew that these two apostles were only ordinary men and not well educated. The officials were certain these men had been with Jesus.","Nala hʋ buloŋ aa laŋŋa aa ko na anɩɩ Gyɔɔŋ bee Piita aa basɩ wɩya hʋ abee nyuduwo gɛɛ, ba nyʋʋsɩ gyɩ mɩɩgɩ fɩyɛlɩ rɛ, beewɩya ba gyɩma anɩɩ ba tuwo bol buloŋ tɩyaŋ, a yaa nyuguliŋ tɩmma mɛ, a bɩ mʋʋ sakuuri. Doŋ tɩyaŋ nɛ ba hakɩllɩ yaŋ ko anɩɩ ba gyɩ aa tɩŋ Yesu hal lɛ."
14,But they could not deny what had happened. The man who had been healed was standing there with the apostles.,"Nyɛ rɛ ba kyɛ wɩɩ lɔlɔ ba aa sɩ basɩ, beewɩya ba naa Piita bee Gyɔɔŋ abee gbarɩgɩ hʋ ba aa tɩɩba, dɩ ba buloŋ sɩŋ doŋ."
16,"“What can we do with these men? Everyone in Jerusalem knows about this miracle, and we cannot say it didn't happen.","Á bɩ sɩ wuwo baa dɩ wɩɩ no yaa wɩnyɩyɛl lɛ, beewɩya nal buloŋ aa we Gyerusalɛm tɩyaŋ gyɩma rɛ anɩɩ ba aa rɛ yaa wɩmagɩl no."
17,"But to keep this thing from spreading, we will warn them never again to speak to anyone about the name of Jesus.”","Amɛ dɩ ámaa rɛ aa kyɛ dɩ wɩɩ no ta marɩ taalɩ yʋga, ma leŋ dɩ á basɩ tɩya ba abee sɩfɩyasɩ anɩɩ ba ta bɩl ko maakyiye basɩ Yesu Krisita wɩya a tɩya nal buloŋ.”"
18,"So they called the two apostles back in and told them they must never, for any reason, teach anything about the name of Jesus.","Nyɛ rɛ ba bɩl yɩrɩ ba ko gyʋʋ, a basɩ tɩya ba abee sɩfɩyasɩ anɩɩ ba ta bɩl ko maakyiye basɩ Yesu wɩya koo a daga nala ʋ feŋ tɩyaŋ."
19,"Peter and John answered, “Do you think God wants us to obey you or to obey him?","Ɛɛ rɛ Piita bee Gyɔɔŋ pɩyɛsɩ ba a baa, “Á aa tɩŋ ma nyʋwa, abee á aa tɩŋ Wɩɩsɩ nyʋwa, kɩbee rɛ yaa ŋmanɩɩ Wɩɩsɩ sɩya tɩyaŋ? Ma basɩ wɩtɩɩ."
22,The officials could not find any reason to punish Peter and John. So they threatened them and let them go. The man who was healed by this miracle was more than,"Gbarɩgɩ no ba gyɩ aa tɩɩba, ʋ gyɩ tee bɩsɩ mɔllɩbalɩya rɛ. Nala hʋ aa laa Yesu wɩya di sʋla Wɩɩsɩ dɩ ʋ tɩya ba nyuduwo"
23,"As soon as Peter and John had been set free, they went back and told the others everything the chief priests and the leaders had said to them.","Ba aa yaŋ kpa Piita bee Gyɔɔŋ ta, ba mɩɩgɩ mʋ nɩkaalɩya hʋ aa laa Yesu wɩya di lee rɛ, ba beel-ba laŋŋɩ. Doŋ nɛ ba kpa wɩya hʋ buloŋ Gyuuma wɩɩkyʋwal sɩlaala nɩhɩyasɩ hʋ abee bee nɩhɩyasɩ hʋ aa basa, a basɩ tɩya ba."
24,"When the rest of the Lord's followers heard this, they prayed together and said: Master, you created heaven and earth, the sea, and everything in them.","Ba aa basɩ wɩya no ko teŋ, ba buloŋ piili kɩ kyʋwalɩ Wɩɩsɩ abee tɩdɩgɩ a baa, “Á Tɩɩna Wɩɩsɩ, ɩ rɛ taa wɩɩsɩnyuu abee taŋha buloŋ, abee fuwoni abee kɩna hʋ buloŋ aa we ba tɩyaŋ."
25,"And by the Holy Spirit you spoke to our ancestor David. He was your servant, and you told him to say: “Why are all the Gentiles so furious? Why do people make foolish plans?","Ɩ Wiyesi Welii hʋ dee tɩyaŋ nɛ ɩ leŋ á naabaa Deviti, Ɩ tʋŋtʋnnɩ hʋ basɩ a baa, ‘Bee rɛ tɩŋ nala hʋ aa bɩ yaa Gyuuma kɩ na baaŋ kɩŋkaŋ nyɛ? Bee rɛ tɩŋ nala no aa vʋʋlɩ dɩ ba sɩ kyogi Wɩɩsɩ tʋma aŋ lɔlɔ?"
27,"Here in Jerusalem, Herod and Pontius Pilate got together with the Gentiles and the people of Israel. Then they turned against your holy Servant Jesus, your chosen Messiah.","Wɩya no buloŋ yaŋ kɔnɩ ko yaa wɩtɩɩ rɛ, Beewɩya Hɛrɔtɩ bee Pɔŋtiyo Pilato abee nala hʋ aa bɩ yaa Gyuuma abee Iziral tɩmma, ba buloŋ gyɩ ko laŋŋɩ rɛ bee no tɩyaŋ dɩ ba yuwo Yesu, Ɩ tʋŋtʋnnɩ welii hʋ Ɩ aa lɩya dɩ ʋ yaa Krisita hʋ."
28,They did what you in your power and wisdom had already decided would happen.,Ba gyɩ laŋŋa yaa wɩya hʋ ɩ aa paalɩ gyɩma ɩ dee tɩyaŋ abee ɩ kyɛrɩ tɩyaŋ anɩɩ ba sɩ kɔnɩ yaa rɛ.
30,"Show your mighty power, as we heal people and work miracles and wonders in the name of your holy Servant Jesus.","Daga ɩ dee, a leŋ dɩ wɩɩla tɩmma abee taaga buloŋ na laaŋfɩya. Ka dɩ á mɛ wuwo kɩ yaa wɩkperiye abee wɩmagɩla, Ɩ tʋŋtʋnnɩ welii Yesu feŋ tɩyaŋ.”"
31,"After they had prayed, the meeting place shook. They were all filled with the Holy Spirit and bravely spoke God's message. Sharing Possessions","Ba aa kyʋwalɩ Wɩɩsɩ hʋ ko teŋ, dɩ lee hʋ ba aa laŋŋa buloŋ gyigise rɛ. Wɩɩsɩ Wiyesi Welii hʋ ko gyʋʋ ba kɩdɩgɩ buloŋ tɩyaŋ. Ba piili kɩ basɩ Wɩɩsɩ wɩya abee nyuduwo. Nala hʋ aa laa Yesu wɩya di aa kyiyeli dɔmɔŋ"
32,"The group of followers all felt the same way about everything. None of them claimed that their possessions were their own, and they shared everything they had with each other.","Nala hʋ buloŋ aa laa Yesu wɩya di fa kaŋ nyʋʋdɩgɩ rɛ, a kaŋ tɩdɩgɩ mɛ. Dɩ ba kɩdɩgɩ buloŋ nɛ kaŋ kɩŋ mɛ, ʋ aa bɩ kaŋ kɩ yɩrɩ ʋ dʋŋ kɩŋ. Ʋ aa kpa ʋ nɩɩ ʋ bɩrɩmɩ ba buloŋ kɩŋ nɛ."
34,and no one went in need of anything. Everyone who owned land or houses would sell them and bring the money,"Nala hʋ buloŋ fa aa kaŋ dɩɩsɩ abee bagɩsɩ, ba aa kpa ba buloŋ yallɩ rɛ, a kaŋ molbiye hʋ ba aa naa, a mʋ Yesu kpambɩsɩ hʋ lee."
37,"Joseph was one of the followers who had sold a piece of property and brought the money to the apostles. He was a Levite from Cyprus, and the apostles called him Barnabas, which means “one who encourages others.”","Ʋ fa kaŋ baga kɩdɩgɩ rɛ. Nyɛ rɛ ʋ kpa yallɩ, a kaŋ molbiye hʋ mʋ Yesu kpambɩsɩ hʋ sɩya."
2,"But they agreed to cheat and keep some of the money for themselves. So when Ananias took the rest of the money to the apostles,","a lɩɩ molbiye hʋ badɔmɔŋ faŋa, ka Ananiyasɩ sii kaŋ molbikaalɩya hʋ mʋ Yesu kpambɩsɩ hʋ lee."
3,"Peter said, “Why has Satan made you keep back some of the money from the sale of the property? Why have you lied to the Holy Spirit?","Nyɛ rɛ Piita pɩyɛsɩ ʋ a baa, “Ananiyasɩ, bee rɛ tɩŋ ɩ leŋ Sɩtaanɩ mʋrɩ ɩ, ɩ lɩɩ kɩna hʋ ɩ aa yalla molbiye badɔmɔŋ faŋa, aŋ nyɩya wɩya Wɩɩsɩ Wiyesi Welii hʋ sɩya tɩyaŋ nyɛ?"
4,"The property was yours before you sold it, and even after you sold it, the money was still yours. What made you do such a thing? You didn't lie to people. You lied to God!”","Na kɩna hʋ yaa ɩ kɩna rɛ ka ɩ na kpa yallɩ? Ɩ bɩl aa yalla mɛ, molbiye hʋ yaa ɩ molbiye rɛ. Ɛɛ rɛ ɩ yaŋ liisi ɩ tɩya tɩyaŋ, aŋ yaa wɩɩ no nyɛ? Nihuwobisi sɩya tɩyaŋ daa ɩ nyɩya wɩya no, amɛ Wɩɩsɩ sɩya tɩyaŋ nɛ ɩ nyɩya wɩya no gɛɛ.”"
5,"As soon as Ananias heard this, he dropped dead, and everyone who heard about it was frightened.","Ananiyasɩ aa nɩɩ wɩɩ no, ʋ lɩɩ tele doŋ nɛ, a sʋba haŋ lagɩlagɩbiye hʋ. Nyɛ rɛ kambɩŋ gyɩ gyʋʋ nala hʋ buloŋ aa nɩɩ wɩɩ no."
6,Some young men came in and wrapped up his body. Then they took it out and buried it.,"Nyɛ rɛ bapʋwasɩya ko gyʋʋ, a we ʋ liŋe, a kpa ʋ lɩɩ mʋ hogo."
7,"Three hours later Sapphira came in, but she did not know what had happened to her husband.","Mʋhʋ sʋwaa, dɩ ʋ haaŋ hʋ mɛ ko gyʋʋ. Ʋ kɛ fa bɩ gyɩŋ wɩɩ hʋ aa yaa tɩyaŋ."
10,"At once she fell at Peter's feet and died. When the young men came back in, they found Sapphira lying there dead. So they carried her out and buried her beside her husband.","Ɛɛ rɛ ʋ mɛ pirigi lɩɩ tele ʋ sɩya tɩyaŋ doŋ, a sʋba. Bapʋwasɩya hʋ aa kpaa ʋ bala mʋ hogo ko kɩ gyʋʋ dɩ ʋ mɛ sʋba. Ɛɛ rɛ ba kpa ʋ mɛ a kaŋ lɩɩ hogo kpala ʋ bala hʋ."
11,"The church members were afraid, and so was everyone else who heard what had happened. Peter's Unusual Power","Nala hʋ buloŋ aa laa Yesu wɩya di, aŋ aa ko kɩ laŋŋɩ, abee nala hʋ buloŋ mɛ gyɩ aa nɩɩ wɩɩ no, kambɩŋ gyɩ gyʋʋ ba rɛ kɩŋkaŋ. Wɩkperiye bee wɩmagɩla"
12,The apostles worked many miracles and wonders among the people. All of the Lord's followers often met in the part of the temple known as Solomon's Porch.,"Yesu kpambɩsɩ hʋ gyɩ yaa wɩmagɩla abee wɩkperiye rɛ yʋga nala tɩyaŋ. Nala hʋ buloŋ aa laa Yesu wɩya di, ba buloŋ nɛ gyɩ aa kɩ laŋŋɩ dɔmɔŋ abee nyʋʋdɩgɩ. Wɩɩkyʋwaldɩɩbal hʋ gyambarɩŋ ba aa yɩrɩ Solomɔn Gyambarɩŋ, ʋ tɩyaŋ nɛ ba gyɩ aa kɩ laŋŋɩ."
15,"Then sick people were brought out to the road and placed on mats. It was hoped that Peter would walk by, and his shadow would fall on them and heal them.","Akuu wɩya no buloŋ Yesu kpambɩsɩ hʋ aa yaa wɩya, nala aa paa ba wɩɩla tɩmma bee ba kɩpɩnɩya rɛ, a ko lɩɩ biŋ ŋmaŋsɩ nyʋʋsɩ tɩyaŋ. Ba aa yaa gɛɛ rɛ dɩ Piita rɛ ko kɩ baŋ, dɩ ʋ daaliiŋ gyʋʋ ba tɩyaŋ. Beewɩya dɩ Piita daaliiŋ mɛ gba ko gyʋʋ ba tɩyaŋ, ba aa na laaŋfɩya rɛ."
16,"A lot of people living in the towns near Jerusalem brought those who were sick or troubled by evil spirits, and they were all healed. Trouble for the Apostles","Nɩgyamaa mɛ gyɩ lɩɩ tɔnɩ hʋ aa kpaga Gyerusalɛm nɛ, aa kaŋ wɩɩla tɩmma abee nala hʋ gyɩŋbɔmɔ aa kana, a kaŋ ko ba lee ba buloŋ na laaŋfɩya. Ba dɔgɩsɩ Yesu kpambɩsɩ hʋ"
17,The high priest and all the other Sadducees who were with him became jealous.,"Ɛɛ rɛ Gyuuma wɩɩkyʋwal sɩlaala nɩhɩyawʋ hʋ abee ʋ hatɩnna hʋ aa we Sadusiima paati hʋ tɩyaŋ, ba sii kpa baaŋ abee tɩhɔllɩ kyeŋ Yesu kpambɩsɩ hʋ."
18,They arrested the apostles and put them in the city jail.,Ɛɛ tɩyaŋ nɛ ba kasɩ Yesu kpambɩsɩ hʋ a mʋ tɔ dɩyaŋ.
19,"But that night an angel from the Lord opened the doors of the jail and led the apostles out. The angel said,","Amɛ haŋ kyɛɛ hʋ tɩɩ tebine rɛ malɩka kɩdɩgɩ ko kaŋ nɩtɔdɩya hʋ dimbee suri, aŋ leŋ ba lɩɩ. Ka ʋ basɩ tɩya ba a baa,"
20,“Go to the temple and tell the people everything about this new life.”,"“Ma mʋ gyʋʋ sɩŋ Wɩɩkyʋwaldɩɩbal hʋ tɩyaŋ, a basɩ wɩɩkyʋwal-ŋmaŋfalɩɩ no wɩya a tɩya nala.”"
21,"So they went into the temple before sunrise and started teaching. The high priest and his men called together their council, which included all of Israel's leaders. Then they ordered the apostles to be brought to them from the jail.","Ɛɛ rɛ Yesu kpambɩsɩ hʋ tɩŋa ʋ nyʋwa hʋ. Ʋ sɩgballɩnyʋwa, ba sii mʋ gyʋʋ Wɩɩkyʋwaldɩɩbal hʋ a piili kɩ daga nala. Nyɛ rɛ Gyuuma wɩɩkyʋwal sɩlaala nɩhɩyawʋ hʋ abee ʋ hatɩnna sii yɩrɩ Gyuuma nɩhɩyasɩ abee nala hʋ buloŋ dɩ ba ko laŋŋɩ vʋʋlɩ. Ka ba tɩma dɩ ba mʋ lɩɩ Yesu kpambɩsɩ hʋ nɩtɔdɩya hʋ tɩyaŋ a kaŋ ba ko."
22,"The temple police who were sent to the jail did not find the apostles. They returned and said,","Laalyuwolo hʋ aa mʋwa ba bɩ naa Yesu kpambɩsɩ hʋ nɩtɔdɩya hʋ tɩyaŋ. Nyɛ rɛ ba mɩɩgɩ ko ba nɩhɩyasɩ hʋ lee a baa,"
23,"“We found the jail locked tight and the guards standing at the doors. But when we opened the doors and went in, we didn't find anyone there.”","“Á aa mʋʋ nɩtɔdɩya hʋ, nal buloŋ bɩ suro boro hʋ, ka nala hʋ aa pɔ nɩtɔdɩya hʋ mɛ sɩŋ boro hʋ nyʋwa. Amɛ á aa mʋʋ suri, á bɩ naa Yesu kpambɩsɩ hʋ.”"
24,"The captain of the temple police and the chief priests listened to their report, but they did not know what to think about it.","Nala hʋ aa pɔ Wɩɩkyʋwaldɩɩbal hʋ nɩhɩyawʋ abee Gyuuma wɩɩkyʋwal sɩlaala nɩhɩyasɩ aa nɩɩ wɩɩ no, ʋ yaa wɩkperii rɛ kɩŋkaŋ a tɩya ba. Ba bɩ gyɩŋ wɩɩ hʋ aa puu ba."
25,"Just then someone came in and said, “Now those men you put in jail are in the temple, teaching the people!”","Doŋ tɩyaŋ nɛ, dɩ baal kɩdɩgɩ rɛ ko gyʋʋ gɛɛ, a basɩ tɩya ba anɩɩ ba naa nala hʋ ba aa kasa tɔ dɩya hʋ tɩyaŋ nɛ, dɩ ba ko lɩɩ sɩŋ Wɩɩkyʋwaldɩɩbal hʋ tɩyaŋ a kɩ daga nala."
26,The captain went with some of the temple police and brought the apostles back. But they did not use force. They were afraid that the people might start throwing stones at them.,"Ɛɛ rɛ Wɩɩkyʋwaldɩɩbal laalyuwolo nɩhɩyawʋ hʋ abee ʋ noŋ nala sii lɩɩ a mʋ kasɩ ba a mɩɩgɩ kaŋ ko. Amɛ ba gyɩ bɩ kpaa dee a kasɩ ba, beewɩya kambɩŋ fa kaŋ ba rɛ anɩɩ nala hʋ aa we Wɩɩkyʋwaldɩɩbal hʋ tɩyaŋ sɩ paa bʋwa yaga ba."
28,"“We told you plainly not to teach in the name of Jesus. But look what you have done! You have been teaching all over Jerusalem, and you are trying to blame us for his death.”","“Á basɩ tɩya ma rɛ daha abee sɩfɩyasɩ anɩɩ ma ta bɩl ko maakyiye basɩ Yesu wɩya tɩya nal buloŋ, koo a yɩrɩ ʋ feŋ mɛ gba. Amɛ ma deŋ na, ma vɩya aŋ kaŋ wɩɩ hʋ gɔllɩ gyaasɩ Gyerusalɛm buloŋ nɛ, a kɩ kyɛ dɩ ma kpa baal no sʋʋ wɩya kyʋgɩ ma.”"
30,You killed Jesus by nailing him to a cross. But the God our ancestors worshiped raised him to life,Á naabaala Wɩɩsɩ hʋ rɛ kyisi Yesu sʋʋ tɩyaŋ. Nal hʋ ma aa kaŋ kpaasɩ mal daagarɩɩ hʋ nyuu tɩyaŋ ʋ sʋba hʋ.
31,"and made him our Leader and Savior. Then God gave him a place at his right side, so that the people of Israel would turn back to him and be forgiven.","Wɩɩsɩ kyisi ʋ rɛ, ʋ sii gyɩŋ hɔŋ ʋ noduu logiŋ, dɩ ʋ yaa sɩlaal abee laataal, a tɩya Iziral tɩmma ŋmanɩɩ dɩ ba bɩrɩmɩ lɩɩ ba wɩbɔmɔ yayɩ tɩyaŋ, ka dɩ Wɩɩsɩ kpa ba wɩbɔmɔ kyɛ ba."
32,"We are here to tell you about all this, and so is the Holy Spirit, who is God's gift to everyone who obeys God.","Wɩya no buloŋ á aa basɩ nyɛ, á bee Wɩɩsɩ Wiyesi Welii hʋ ʋ aa kpaa we nala hʋ aa tɩŋa ʋ nyʋwa, buloŋ yaa ba daŋsɩya rɛ.”"
33,"When the council members heard this, they became so angry they wanted to kill the apostles.","Nala no aa nɩɩ wɩɩ no, nyɛ rɛ ba na baaŋ kɩŋkaŋ aŋ kɩ kyɛ dɩ ba kpʋ ba."
34,"But one of the members was the Pharisee Gamaliel, a highly respected teacher. He ordered the apostles to be taken out of the room for a little while.","Amɛ ba kɩdɩgɩ rɛ gyɩ we doŋ, a lɩɩ Farasiima paati hʋ tɩyaŋ, ba kɩ yɩrɩ Gamaliyɛl. Ʋ fa yaa Wɩɩsɩ teŋ dɩdagɩl lɛ, nala fa kɩ tɩya gyɩrɩma weliŋ. Nyɛ rɛ ʋ sii sɩŋ aŋ baa, “Ma leŋ dɩ Yesu kpambɩsɩ hʋ lɩɩ lɩgyalɩɩ mʋhʋ.”"
35,"Then he said to the council: Men of Israel, be careful what you do with these men.","Ɛɛ rɛ ʋ yaŋ basɩ tɩya ba a baa, “Mamaa Iziral tɩmma, ma fɩyɛlɩ ma sɩya abee wɩya hʋ ma aa kyɛ dɩ ma yaa nala no."
38,"So I advise you to stay away from these men. Leave them alone. If what they are planning is something of their own doing, it will fail.","Ɛɛwɩya, wɩɩ no tɩyaŋ, ŋ kɛ aa naa wɩɩ rɛ nyɛ, ma ta yaa nala no wɩɩ buloŋ. Ma kɛ kpa ba ta. Dɩ ba wɩyaalɩya no ko lɩɩ nihuwobiŋ dee tɩyaŋ, tʋma hʋ sɩ nyʋgɩsɩ ba tɩɩ."
39,"But if God is behind it, you cannot stop it anyway, unless you want to fight against God. The council members agreed with what he said,","Amɛ, dɩ ʋ ko yaa Wɩɩsɩ tʋma, ma bɩ sɩ wuwo kaŋ tʋma no kyogi. Dɩ mamaa rɛ paalɩ kɩ kyɛ ma kyogi ba mɛ, ma sɩ na anɩɩ ma bee Wɩɩsɩ sɩ mɩɩgɩ kaŋ wɩɩ.”"
40,and they called the apostles back in. They had them beaten with a whip and warned them not to speak in the name of Jesus. Then they let them go.,"Ɛɛ rɛ ba gyegili nɩɩ baal hʋ nyʋwa hʋ. Doŋ nɛ ba yɩrɩ Yesu kpambɩsɩ hʋ ba ko gyʋʋ, ba leŋ ba vɩɩrɩ ba, aŋ basɩ tɩya ba anɩɩ ba ta bɩl ko basɩ wɩya Yesu feŋ tɩyaŋ, aŋ kpa ba ta."
42,Every day they spent time in the temple and in one home after another. They never stopped teaching and telling the good news that Jesus is the Messiah.,"Kyɛɛ buloŋ ba aa mʋ Wɩɩkyʋwaldɩɩbal hʋ rɛ, abee nala dɩɩsɩ, a kɩ basɩ Wɩɩsɩ wɩya aŋ kɩ daga nala Wɩɩsɩ wɩweliye hʋ a mʋ kɩ tile á tɩɩna Yesu Krisita tɩyaŋ, nal hʋ Wɩɩsɩ aa lɩya dɩ ʋ laa dʋnɩya nala ta."
1,A lot of people were now becoming followers of the Lord. But some of the ones who spoke Greek started complaining about the ones who spoke Aramaic. They complained that the Greek-speaking widows were not given their share when the food supplies were handed out each day.,Saŋa no tɩyaŋ dɩ nala hʋ aa laa Yesu wɩya di gyɩ marɩ wala kɩ pɛ rɛ. Nyɛ rɛ ba tɩyaŋ Gyuuma hʋ aa basɩ Giriki taal abee Gyuuma hʋ aa basɩ Hiiburu taal piili kɩ kaa dɔmɔŋ. Beewɩya Gyuuma hʋ aa basɩ Giriki taal gyɩ baa dɩ Hiiburu tɩmma hʋ aa vɩya ba lohaana kɩ ta rɛ ba kɩna kpayɩ tɩyaŋ kyɛɛ buloŋ.
2,"The twelve apostles called the whole group of followers together and said, “We should not give up preaching God's message in order to serve at tables.","Nyɛ rɛ Yesu Kpambɩsɩ hʋ fi abee balɩya yɩrɩ nala hʋ buloŋ aa laa Yesu wɩya di a ko laŋŋɩ, a basɩ tɩya ba a baa, “Ʋ bɩ maga dɩ á kɩ deŋ molbiye koo kɩdiiliye wɩkanɩya, aŋ yeŋŋi Wɩɩsɩ wɩya basɩɩ ta."
3,"My friends, choose seven men who are respected and wise and filled with God's Spirit. We will put them in charge of these things.","Ɛɛwɩya, ŋ naabalɩya, ma lɩɩ nala bapɛ ma tɩyaŋ. Ma lɩɩ nala hʋ aa kaŋ wɩgyʋŋ, nala kɩ tɩya ba gyɩrɩma, ka Wɩɩsɩ Wiyesi Welii hʋ mɛ we ba tɩyaŋ. Ma lɩɩ ba, dɩ á kpa á molbiye wɩkanɩya we ba nosi tɩyaŋ."
4,We can spend our time praying and serving God by preaching.”,Ka dɩ á mɛ kpa á nyuu buloŋ we Wɩɩsɩ kyʋwalɩɩ abee Wɩɩsɩ wɩya basɩɩ tɩyaŋ.”
6,These men were brought to the apostles. Then the apostles prayed and placed their hands on the men to show they had been chosen to do this work.,"Ɛɛ rɛ ba kaŋ nala no bapɛ ba aa lɩya a mʋ Yesu kpambɩsɩ hʋ sɩya. Ba kpa ba nosi dɔbɔ ba nyuni tɩyaŋ, aŋ kyʋwalɩ Wɩɩsɩ tɩya ba."
7,"God's message spread, and many more people in Jerusalem became followers. Even a large number of priests put their faith in the Lord. Stephen Is Arrested","Nyɛ rɛ ka Wɩɩsɩ wɩbii hʋ marɩ pɩsa mʋ lee buloŋ. Nala hʋ aa laa Yesu wɩya di marɩ yʋga kɩ pɛ weliŋ Gyerusalɛm tɩyaŋ. Gyuuma wɩɩkyʋwal sɩlaala mɛ gyɩ yʋga rɛ weliŋ, a ko laa Yesu wɩya di. Gyuuma nɩhɩyasɩ leŋ ba kaŋ Sɩtɩɩvɩŋ"
8,God gave Stephen the power to work great miracles and wonders among the people.,"Wɩɩsɩ noŋ gyɩ dɔbɔ Sɩtɩɩvɩŋ tɩyaŋ nɛ, ʋ dee mɛ we ʋ tɩyaŋ yʋga, ʋ wuwo kɩ yaa wɩkperiye abee wɩmagɩla nala tɩyaŋ."
10,"But they were no match for Stephen, who spoke with the great wisdom that the Spirit gave him.","Amɛ ba fa bɩ wuwo basɩ wɩya lo ʋ wɩɩ buloŋ tɩyaŋ, beewɩya Wɩɩsɩ Wiyesi Welii hʋ fa we ʋ lee rɛ, ka ʋ kaŋ wɩgyʋŋ mɛ ʋ wɩbasɩɩ buloŋ tɩyaŋ."
11,"So they talked some men into saying, “We heard Stephen say terrible things against Moses and God!”",Nyɛ rɛ ba lʋwɔlɩ we nala badɔmɔŋ nyuu dɩ ba basɩ baa ba nɩɩ Sɩtɩɩvɩŋ basɩ wɩya kɩ kyogi Moosi abee Wɩɩsɩ feŋ nɛ.
12,They turned the people and their leaders and the teachers of the Law of Moses against Stephen. Then they all grabbed him and dragged him in front of the council.,"Nala no aa basɩ wɩya no, ɛɛ rɛ bee hʋ nala abee ba nɩhɩyasɩ abee Wɩɩsɩ Teŋ dɩdagɩla hʋ buloŋ baaŋ sii Sɩtɩɩvɩŋ nyuu tɩyaŋ kɩŋkaŋ. Nyɛ rɛ ba kana ʋ mʋ hɩyarɩ sɩya."
13,"Some men agreed to tell lies about Stephen, and they said, “This man keeps on saying terrible things about this holy temple and the Law of Moses.","Aŋ kaŋ nala mɛ ko dɩ ba ko nyɩya wɩya tɩya ʋ. Ɛɛ rɛ nala nyɩya wɩya tɩya ʋ a baa, “Saŋa buloŋ, baal no aa basɩ wɩya rɛ a kɩ kyogi Wɩɩkyʋwaldɩɩwelii hʋ á aa saa, abee Wɩɩsɩ mɩrɩsɩ hʋ buloŋ ʋ aa leŋ Moosi sabɩ biŋ dɩ á kɩ tɩŋa."
14,We have heard him claim that Jesus from Nazareth will destroy this place and change the customs Moses gave us.”,"Á nɩya dɩ ʋ baa Yesu no aa lɩɩ Nazarɛti sɩ yige Wɩɩsɩ dɩya no lo, aŋ kaŋ wɩya hʋ Moosi fa aa daga a naabaala dɩ ba kɩ tɩŋa hʋ mɛ a bɩrɩmɩ kyige.”"
15,Then all the council members stared at Stephen. They saw that his face looked like the face of an angel.,Nala hʋ buloŋ fa aa hɔŋ doŋ kuwoni ba sɩya pɔ Sɩtɩɩvɩŋ tɩyaŋ. Doŋ tɩyaŋ nɛ ba na dɩ ʋ sɩya kɩɩ gɛɛ anɩɩ malɩka sɩya.
2,"Stephen answered: Friends, listen to me. Our glorious God appeared to our ancestor Abraham while he was still in Mesopotamia, before he had moved to Haran.","Ɛɛ rɛ Sɩtɩɩvɩŋ baa, “Ŋ kuwoma abee ŋ naabalɩya, ma gyegili nɩɩ daha. Wɩɩbal hʋ, feŋbal hʋ tɩɩna gyɩ kaŋ ʋ tɩɩ ko daga á naabaa Abɩraham nɛ dɩ ʋ ha gyɩ hɔŋ Mesopotemiya taŋha tɩyaŋ. Haŋ saŋa hʋ dɩ ʋ ha gyɩ bɩ mʋʋ Haraŋ paalʋʋ."
3,"God told him, “Leave your country and your relatives and go to a land that I will show you.”","Ɛɛ rɛ Wɩɩsɩ basɩ tɩya ʋ dɩ ʋ sii leŋ ʋ dɩya nala buloŋ, aŋ lɩɩ ʋ paalʋʋ mɛ tɩyaŋ, a mʋ paalʋʋ hʋ ʋ aa sɩ daga ʋ."
4,"Then Abraham left the land of the Chaldeans and settled in Haran. After his father died, Abraham came and settled in this land where you now live.","Nyɛ rɛ ʋ sii lɩɩ Kaldɩya paalʋʋ tɩyaŋ, a mʋ hɔŋ tɔɔ kɩdɩgɩ ba aa yɩrɩ Haraŋ tɩyaŋ. Doŋ tɩyaŋ nɛ ʋ kuwo sʋba. Ɛɛ rɛ Wɩɩsɩ bɩl leŋ ʋ sii doŋ, a ko hɔŋ paalʋʋ no tɩyaŋ ma aa hɔnɔ gyɩnaŋ."
5,"God didn't give him any part of it, not even a square meter. But God did promise to give it to him and his family forever, even though Abraham didn't have any children.","Saŋa hʋ tɩyaŋ, Wɩɩsɩ fa bɩ keri taŋha hʋ mʋhʋ mɛ a tɩya Abɩraham a pel naaŋsɩɩnyʋwa kɩdɩgɩ mɛ, dɩ ʋ tɩɩ kana. Amɛ ʋ gyɩ wee nyʋwa tɩya ʋ rɛ anɩɩ ʋ sɩ kpa paalʋʋ no tɩya ʋ bee ʋ doho nala. Saŋa hʋ tɩyaŋ Wɩɩsɩ aa basɩ gɛɛ dɩ Abɩraham ha bɩ lʋla."
6,God said Abraham's descendants would live for a while in a foreign land. There they would be slaves and would be mistreated,"Nyɛ rɛ Wɩɩsɩ basɩ tɩya ʋ, ‘Ɩ doho nala sɩ yaa nɩhʋwala paalʋʋ kɩdɩgɩ tɩyaŋ a yaa yosi. Ba sɩ dɔgɩsɩ ba kɩŋkaŋ bɩsɩ kɔɔsɩbanaa."
7,"But he also said, “I will punish the nation that makes them slaves. Then later they will come and worship me in this place.”","Amɛ ŋ sɩ dɔgɩsɩ haŋ paalʋʋ hʋ nala aa kaŋ ba bɩrɩmɩ yosi ba tʋma kɩ tɩya ba hʋ. Ɛɛ hal tɩyaŋ, ba sɩ lɩɩ doŋ tɩyaŋ, a bɩl ko daha, a kɩ kyʋwalɩ mɩyaŋ Wɩɩsɩ.’"
8,"God said to Abraham, “Every son in each family must be circumcised to show you have kept your agreement with me.” So when Isaac was eight days old, Abraham circumcised him. Later, Isaac circumcised his son Jacob, and Jacob circumcised his twelve sons.","Ɛɛ rɛ Wɩɩsɩ kpa ʋ nyʋwa tɩya Abɩraham. Ʋ nyʋwa hʋ magɩl lɛ yaa Abɩraham bee ʋ doho nala aa keri ba pene. Nyɛ rɛ Abɩraham lʋl Azɩkɩ. Ʋ kyɛyɛ kyori kyɛɛ, Abɩraham keri ʋ peŋ. Azɩkɩ mɛ sii lʋl Gyeekɔbɩ. Gyeekɔbɩ mɛ lʋl biisi fi abee balɩya. Ba aa rɛ ko yaa á naabaala."
9,These men were our ancestors. Joseph was also one of our famous ancestors. His brothers were jealous of him and sold him as a slave to be taken to Egypt. But God was with him,"Ba tɩyaŋ kɩdɩgɩ feŋ nɛ fa yaa Gyosɛfʋ. Nyɛ rɛ nɩkaalɩya hʋ gyɩ haasɩ ʋ, ba tɩsɩ kɩ hɔllɩ ʋ. Ba kuu gɛɛ wɩya a kana ʋ mʋ yallɩ tɩya baala badɔmɔŋ. Ba mɛ kana ʋ mʋ Igyipiti, a mʋ yallɩ tɩya baal kɩdɩgɩ, ʋ yaa yoŋ. Amɛ Wɩɩsɩ ha gyɩ aa pɛ ʋ tɩyaŋ nɛ weliŋ,"
10,and rescued him from all his troubles. God made him so wise that the Egyptian king Pharaoh thought highly of him. The king even made Joseph governor over Egypt and put him in charge of everything he owned.,"a lɩɩ ʋ tʋwara buloŋ tɩyaŋ ʋ gyɩ aa gyʋwa. Ʋ fa aa mʋʋ Igyipiti Kuwori Faaro sɩya, Wɩɩsɩ dee tɩyaŋ, ʋ wuwo kaŋ wɩgyʋŋ nɛ abee gyogiweliye. Ɛɛ rɛ Kuwori Faaro lɩɩ ʋ, ʋ yaa ʋ paalʋʋ nɩhɩyawʋ, a kɩ deŋ ʋ paalʋʋ abee ʋ dɩya buloŋ."
11,"Everywhere in Egypt and Canaan the grain crops failed. There was terrible suffering, and our ancestors could not find enough to eat.","Ɛɛ rɛ losiŋbɔŋ kɩdɩgɩ gyɩ ko gyʋʋ Igyipiti paalʋʋ abee Keenaŋ paalʋʋ buloŋ, nala kɩ na sikii kɩŋkaŋ, á naabaala hʋ gyɩ kyɛ kɩdiilii buloŋ lɔlɔ dɩ ba di."
12,"But when Jacob heard there was grain in Egypt, he sent our ancestors there for the first time.",Doŋ tɩyaŋ nɛ Gyeekɔbɩ nɩɩ anɩɩ kɩdiiliye we Igyipiti paalʋʋ tɩyaŋ nɛ. Ʋ tɩma ʋ balɩya dɩ ba mʋ yɔbɔ ko. Ɛɛ rɛ ba mʋ yɔbɔ ko.
15,"His father went to Egypt and died there, just as our ancestors did.",Doŋ tɩyaŋ nɛ ʋ bee ʋ balɩya buloŋ sʋba.
16,Later their bodies were taken back to Shechem and placed in the tomb that Abraham had bought from the sons of Hamor.,"Ba mɩɩgɩ kaŋ ba mʋ Keenaŋ paalʋʋ, a hogi ba Sɛkɛm tɩyaŋ. Bʋbʋʋbal kɩdɩgɩ rɛ Abɩraham fa yɔbɔ Hamɔ nala lee. Doŋ tɩyaŋ nɛ ba hogi ba."
17,"Finally, the time came for God to do what he had promised Abraham. By then the number of our people in Egypt had greatly increased.",Wɩɩsɩ gyɩ wee nyʋwa rɛ dɩ ʋ sɩ yaa wɩɩ kɩdɩgɩ tɩya Abɩraham. Ʋ gyɩ ko ka mʋhʋ rɛ ka dɩ Wɩɩsɩ yaa wɩɩ no. Haŋ saŋa hʋ dɩ Gyeekɔbɩ doho nala mɛ fa wala yʋga rɛ weliŋ Igyipiti paalʋʋ tɩyaŋ.
19,"He tricked our ancestors and was cruel to them. He even made them leave their babies outside, so they would die.","Nyɛ rɛ ʋ kɩ mʋrɩ á naabaala hʋ, a kɩ dɔgɩsɩ ba kɩŋkaŋ, aŋ fɩla ba dɩ ba paa ba biifɩllɩ lɩɩ ta dɩ ba sʋba."
20,"During this time Moses was born. He was a very beautiful child, and for three months his parents took care of him in their home.","Haŋ saŋa hʋ tɩyaŋ nɛ ba gyɩ lʋl Moosi. Ʋ fa yaa biiwelii nyɛ rɛ. Ɛɛ wɩya, ba kpa ʋ faŋa ʋ kuwo dɩya tɩyaŋ peŋsi boto, aŋ na kpa ʋ lɩɩ ta."
21,"Then when they were forced to leave him outside, the king's daughter found him and raised him as her own son.","Ba aa kpa ʋ lɩɩ ta gɛɛ, Kuwori Faaro tɩɩ toluu ko kpa ʋ a dɩyɛsɩ ʋ anɩɩ ʋ biilʋlɩɩ."
22,Moses was given the best education in Egypt. He was a strong man and a powerful speaker.,Ba daga ʋ Igyipiti tɩmma wɩgyʋŋ buloŋ. Ʋ wɩyaalɩya abee ʋ wɩbasɩya buloŋ gyɩ daga anɩɩ ʋ yaa nɩbal lɛ.
24,One day he saw an Egyptian mistreating one of them. So he rescued the man and killed the Egyptian.,"Ʋ gyɩ aa mʋʋ dɩ ʋ naa Igyipiti tɩmma hʋ kɩdɩgɩ dɩ ʋ aa dɔgɩsɩ Iziral tɩmma hʋ kɩdɩgɩ. Ɛɛ rɛ ʋ mʋ laa pɛ Iziral tɩɩna hʋ tɩyaŋ, a ŋmaa Igyipiti tɩɩna hʋ kpa lo ʋ sʋba."
25,Moses thought the rest of his people would realize God was going to use him to set them free. But they didn't understand.,"Ʋ fa liise anɩɩ ʋ nala hʋ sɩ gyɩma anɩɩ Wɩɩsɩ aa kyɛ dɩ ʋ rɛ laa ba ta, amɛ ba bɩ wuwo gyɩma."
26,"The next day Moses saw two of his own people fighting, and he tried to make them stop. He said, “Men, you are both Israelites. Why are you so cruel to each other?”","Ʋ sɩgballɩya, ʋ bɩl mʋwa dɩ Iziral tɩmma balɩya aa kaa dɔmɔŋ. Ʋ mʋ dɩ ʋ laa ba ta, aŋ marɩ ba dɔmɔŋ. Nyɛ rɛ ʋ basɩ tɩya ba a baa, ‘Ma yaa nɩmmabalɩya rɛ, bee rɛ tɩŋ ma mɩɩgɩ gul kɩ kaa dɔmɔŋ?’"
27,"But the man who had started the fight pushed Moses aside and asked, “Who made you our ruler and judge?","Ɛɛ rɛ nal hʋ fa aa di dee ʋ dɔŋtɩɩna hʋ nyuu tɩyaŋ kaŋ Moosi yige ta aŋ pɩyɛsɩ ʋ a baa, ‘Aŋnɛ rɛ lɩɩ ɩ dɩ ɩ kɩ deŋ á nyuu, a laa á wɩya kɩ basɩ?"
28,"Are you going to kill me, just as you killed that Egyptian yesterday?”",Koo ɩ aa kyɛ ɩ kpʋ ŋ mɛ rɛ anɩɩ ɩ dɩya aa kpʋʋ Igyipiti tɩɩna hʋ gɛɛ rɛ?’
29,"When Moses heard this, he ran away to live in the country of Midian. His two sons were born there.","Moosi aa nɩɩ gɛɛ, ʋ lɩɩ fá Igyipiti paalʋʋ tɩyaŋ, a mʋ yaa nɩhʋwal Mɩdɩya paalʋʋ tɩyaŋ. Doŋ tɩyaŋ nɛ ʋ hɔŋ a kpa haaŋ, a lʋl boyoŋbiisi balɩya."
31,"Moses was surprised by what he saw. He went closer to get a better look, and the Lord said,","Moosi aa naa gɛɛ, ʋ yaa ʋ wɩkperii. Ɛɛ rɛ ʋ mʋ pele dɩ ʋ marɩ na tɩɩbiye hʋ weliŋ. Doŋ tɩyaŋ nɛ ʋ nɩɩ á Tɩɩna Wɩɩsɩ taal, dɩ ʋ basɩ tɩya ʋ a baa,"
32,"“I am the God who was worshiped by your ancestors, Abraham, Isaac, and Jacob.” Moses started shaking all over and didn't dare to look at the bush.","‘Mɩyaŋ nɛ yaa ɩ naabaala Abɩraham abee Azɩkɩ abee Gyeekɔbɩ Wɩɩsɩ’. Ʋ aa basɩ gɛɛ, Moosi sɩŋ kɩ kyele. Ʋ bɩl bɩ wuwo dɩ ʋ deŋ."
33,"The Lord said to him, “Take off your sandals, because the place where you are standing is holy.","Sɩtɩɩvɩŋ bɩl basɩ baa, ‘Ɛɛ rɛ á Tɩɩna Wɩɩsɩ basɩ tɩya Moosi a baa, kuwoni ɩ naatɔbɔ ɩ naasɩ tɩyaŋ. Wɩɩsɩ we lee hʋ tɩyaŋ ɩ aa sɩna tɩyaŋ nɛ."
34,With my own eyes I have seen the suffering of my people in Egypt. I have heard their groans and have come down to rescue them. Now I am sending you back to Egypt.”,"Ŋ naa ɛɛ hʋ ba aa dɔgɩsɩ ŋ nala rɛ Igyipiti paalʋʋ tɩyaŋ, a nɩɩ ba wiile mɛ. Ŋ ko tuu dɩ ŋ laa ba ta rɛ. Sii dɩ ŋ tɩma ɩ dɩ ɩ mɩɩgɩ mʋ Igyipiti.’"
35,"This was the same Moses that the people rejected by saying, “Who made you our leader and judge?” God's angel had spoken to Moses from the bush. And God had even sent the angel to help Moses rescue the people and be their leader.","Ɛɛ rɛ Sɩtɩɩvɩŋ bɩl marɩ kpa, a baa, ‘Moosi no rɛ Iziral tɩmma hʋ gyɩ vɩya aŋ pɩyɛsɩ ʋ baa, Aŋnɛ rɛ baa dɩ ɩ kɩ deŋ ma a laa á wɩya kɩ basɩ?’ Ʋ rɛ Wɩɩsɩ yaŋ tɩma dɩ ʋ yaa ba nɩhɩyawʋ abee ba laataal. Wɩɩsɩ rɛ gyɩ tɩŋ ʋ malɩka, ʋ gyɩ ko Moosi lee a gyɩ kɩɩ gɛɛ anɩɩ tɩɩbiye rɛ aa di diŋ, a ko pɛ Moosi tɩyaŋ dɩ ʋ laa ʋ nala ta."
37,"Moses is the one who told the people of Israel, “God will choose one of your people to be a prophet, just as he chose me.”","Moosi no tɩɩ rɛ bɩl basɩ tɩya Iziral tɩmma a baa, ‘Wɩɩsɩ sɩ tɩŋ ʋ tɩŋdaal dɩ ʋ ko ma lee anɩɩ ʋ aa tɩma ŋ gɛɛ. Ʋ sɩ yaa ma nɩɩnabiye tɩɩ.’"
38,"Moses brought our people together in the desert, and the angel spoke to him on Mount Sinai. There he was given these life-giving words to pass on to us.",Moosi bee á naabaala gyɩ laŋŋa pogo tʋtʋʋ tɩyaŋ nɛ. Doŋ tɩyaŋ nɛ Moosi gyɩ na malɩka dogiŋbal kɩdɩgɩ ba aa yɩrɩ Saana nyuu tɩyaŋ. Ɛɛ rɛ malɩka hʋ kpa Wɩɩsɩ nyʋwa hʋ aa kaŋ mɩɩbol tɩya ʋ dɩ ʋ laa basɩ tɩya ma.
39,But our ancestors refused to obey Moses. They rejected him and wanted to go back to Egypt.,"Ɛɛ rɛ ka á naabaala hʋ gyɩ vɩya ʋ nyʋwa, aŋ kpa ba hal yɩya ʋ, ka ba tɩliise buloŋ fa kɩ tɩya ba anɩɩ ba mɩɩgɩ mʋ Igyipiti paalʋʋ."
41,Then they made an idol in the shape of a calf. They offered sacrifices to the idol and were pleased with what they had done.,"Ɛɛ rɛ ba sii mɔ vʋgɩ kɩdɩgɩ ʋ kɩɩ gɛɛ anɩɩ nɔbiye. Nyɛ rɛ ba sii marɩ ʋ, ba tenni buloŋ fɩyɛlɩ kɩŋ hʋ ba tɩɩ aa mɔɔ tɩyaŋ."
42,"God turned his back on his people and left them. Then they worshiped the stars in the sky, just as it says in the Book of the Prophets, “People of Israel, you didn't offer sacrifices and offerings to me during those","Nyɛ rɛ tɩŋ Wɩɩsɩ gyɩ kpa ʋ hal yɩya ba, a vɩya ba ta ba kɩ kyʋwalɩ kyɩŋwʋlɩya abee pene abee wɩɩpɔsɩɩ. Ba saba gɛɛ rɛ Wɩɩsɩ Teŋ logiŋ hʋ Wɩɩsɩ tɩŋdaala aa saba tɩyaŋ. Ba kɩdɩgɩ saba rɛ anɩɩ dɩ Wɩɩsɩ baa, ‘Mamaa Iziral tɩmma, bɩsɩ mɔllɩbalɩya hʋ ma fa aa we pogo hʋ tɩyaŋ, ŋ daa ma fa kpa ma kɩna koo ma pʋsɩ kɩ sʋla."
43,"Instead, you carried the tent where the god Molech is worshiped, and you took along the star of your god Rephan. You made those idols and worshiped them. So now I will have you carried off beyond Babylonia.”","Amɛ ma tɔdʋŋ hʋ ma aa yɩrɩ Mɔlɔkɩ, ʋ rɛ ma marɩ taŋtɩ-dɩya we gɛɛ, abee ma kyɩŋwʋlɩya tɔdʋŋ hʋ ma aa yɩrɩ Rɛfaŋ, ba aa rɛ ma gyɩ kyʋŋ kɩ vala gɛɛ. Ma tɩɩ rɛ mɔɔ ba, a kɩ marɩ ba. Ɛɛwɩya, ŋ sɩ leŋ dɩ ba kasɩ ma mʋ lee aa para Baabilɔŋ.’"
44,The tent where our ancestors worshiped God was with them in the desert. This was the same tent that God had commanded Moses to make. And it was made like the model that Moses had seen.,"Ɛɛ rɛ Sɩtɩɩvɩŋ bɩl basɩ baa, Á naabaala gyɩ aa we pogo hʋ tɩyaŋ, ba gyɩ marɩ taŋtɩ-dɩya rɛ doŋ a tɩya Wɩɩsɩ. Taŋtɩ-dɩya no rɛ gyɩ daga anɩɩ Wɩɩsɩ kɔnɩ we ba lee rɛ. Wɩɩsɩ tɩɩ rɛ gyɩ daga Moosi ɛɛ ʋ aa sɩ marɩ dɩya no. Ɛɛ hʋ buloŋ Wɩɩsɩ gyɩ aa kyɛ rɛ ʋ daga Moosi, ʋ mɛ leŋ ba marɩ ʋ gɛɛ."
45,"Later it was given to our ancestors, and they took it with them when they went with Joshua. They carried the tent along as they took over the land from those people that God had chased out for them. Our ancestors used this tent until the time of King David.","Ɛɛ hal tɩyaŋ nɛ á naabaala laa taŋtɩ-dɩya no ba kuwoma lee. Saŋa hʋ Wɩɩsɩ gyɩ aa leŋ ba bee Gyoosʋwa mʋ yuwo paalʋʋ kɩdɩgɩ nala, a kil ba ta aŋ laa ba taŋha hɔŋ hʋ, dɩ ba ha kyʋŋ taŋtɩ-dɩya no rɛ. Taŋtɩ-dɩya no gyɩ we ba lee rɛ, a ko pele á naabaa Deviti saŋa."
46,He pleased God and asked him if he could build a house of worship for the people of Israel.,Wɩɩsɩ gyɩ sɩŋ pɔ Deviti rɛ weliŋ. Ɛɛ rɛ Deviti gyɩ sʋla Wɩɩsɩ dɩ ʋ pɛ ʋ tɩyaŋ dɩ ʋ wuwo saa dɩya tɩya ʋ Wɩɩsɩ hʋ á naabaa Gyeekɔbɩ fa aa kyʋwalɩ.
47,And it was finally King Solomon who built a house for God.,"Amɛ Deviti gyɩ bɩ wuwo saa dɩya hʋ. Ʋ biibaal Solomɔn nɛ gyɩ mɩɩgɩ ko saa ʋ, a tɩya Wɩɩsɩ."
48,"But the Most High God doesn't live in houses made by humans. It is just as the prophet said, when he spoke for the Lord,","Amɛ Wɩɩsɩ aa tee kɩŋ buloŋ, ʋ bee gyʋʋ dɩɩsɩ hʋ nihuwobiŋ aa saa dʋŋ. Wɩɩsɩ tɩŋdaal kɩdɩgɩ gyɩ basɩ wɩɩ no wɩya rɛ, a baa dɩ"
49,"“Heaven is my throne, and the earth is my footstool. What kind of house will you build for me? In what place will I rest?","Wɩɩsɩ baa, ‘Wɩɩsɩbee tɩyaŋ nɛ ŋ kuworikpasa we, taŋha daha rɛ yaa ŋ naasɩ libinii. Dɩɩgɛɛ rɛ ma sɩ wuwo saa tɩya ŋ? Lee rɛ ŋ liwiyesii we?"
50,I have made everything.”,Ŋ daa marɩ kɩna no buloŋ?’
52,Is there one prophet that your ancestors didn't mistreat? They killed the prophets who told about the coming of the One Who Obeys God. And now you have turned against him and killed him.,"Wɩɩsɩ tɩŋdaal buloŋ tuwo dɩ ma naabaala gyɩ bɩ tɩŋ ŋmanɩɩ kɩdɩgɩ a dɔgɩsɩ ʋ. Ba gyɩ kpʋʋ nala hʋ buloŋ aa laa sɩya basɩ Wɩɩsɩ tɩpʋlʋŋ tʋŋtʋnnɩ hʋ koyi wɩya rɛ. Ɛɛ rɛ ʋ ko, ma mɛ kpa ʋ yallɩ tɩya nala, ba kpʋ ʋ."
53,"Angels gave you God's Law, but you still don't obey it. Stephen Is Stoned to Death","Wɩɩsɩ leŋ ʋ malɩkasɩ dagɩ ma ʋ mɩrɩsɩ buloŋ nɛ, amɛ ma bɩ tɩŋa ʋ nyʋwa.”’ Ba yaga Sɩtɩɩvɩŋ kpʋ abee bʋwa"
55,"But Stephen was filled with the Holy Spirit. He looked toward heaven, where he saw our glorious God and Jesus standing at his right side.","Ɛɛ rɛ Wɩɩsɩ Wiyesi Welii hʋ marɩ gyʋʋ Sɩtɩɩvɩŋ yʋga. Ʋ wil deŋ wɩɩsɩnyuu a na Wɩɩbal hʋ gaŋdarɩ, a na Yesu mɛ dɩ ʋ sɩŋ Wɩɩsɩ noduu logiŋ."
56,"Then Stephen said, “I see heaven open and the Son of Man standing at the right side of God!”","Ɛɛ rɛ Sɩtɩɩvɩŋ basɩ baa, “Ma deŋ na, ŋ naa wɩɩsɩbee dimbeenyʋwa rɛ dɩ ʋ suro, ka Nihuwobiŋ Biye hʋ sɩŋ Wɩɩsɩ noduu logiŋ tɩyaŋ.”"
57,The council members shouted and covered their ears. At once they all attacked Stephen,"Doŋ tɩyaŋ nɛ nala hʋ buloŋ kyɩɩrɩ yʋga, aŋ tɔ ba dɩgɩna, ka ba buloŋ teŋ sii giri mʋ kyige ʋ,"
58,and dragged him out of the city. Then they started throwing stones at him. The men who had brought charges against him put their coats at the feet of a young man named Saul.,"a kana ʋ yige ta ʋ lɩɩ bee hʋ samanɩ. Doŋ tɩyaŋ nɛ ba yaŋ paa bʋwa tɔ kana ʋ, a kɩ yaga lee lee buloŋ. Nala hʋ aa yaga Sɩtɩɩvɩŋ buloŋ gyɩ wuri ba gannɩ rɛ a kpa tɩya bapʋwasɩbiye kɩdɩgɩ ba aa yɩrɩ Sɔɔl dɩ ʋ kɩ deŋ."
59,"As Stephen was being stoned to death, he called out, “Lord Jesus, please welcome me!”","Ba aa yaga Sɩtɩɩvɩŋ gɛɛ rɛ, ka ʋ kɩ yɩrɩ á Tɩɩna Yesu a kɩ sʋla ʋ, “Ŋ Tɩɩna Yesu, laa ŋ dʋma mʋ ɩ lee.”"
3,"Saul started making a lot of trouble for the church. He went from house to house, arresting men and women and putting them in jail. The Good News Is Preached in Samaria","Amɛ Sɔɔl gyɩ yaa siri rɛ dɩ ʋ yalmɩ nala hʋ aa laa Yesu wɩya di. Ʋ gyɩ aa sii gɔllɩ ba dɩɩsɩ rɛ, a tarɩ ba baala abee ba haana buloŋ ko lɩɩ, a leŋ ba kasɩ ba mʋ tɔ dɩya tɩyaŋ. Ba basɩ Wɩɩsɩ wɩweliye hʋ Samaarɩya paalʋʋ tɩyaŋ"
4,"The Lord's followers who had been scattered went from place to place, telling the good news.","Ka Yesu hatɩnna hʋ mɛ gyɩ aa lɩɩ fá Gyerusalɛm tɩyaŋ hʋ, ba mɛ gɔllɩ mʋ lee buloŋ, a kɩ basɩ Yesu Krisita wɩweliye hʋ."
5,Philip went to the city of Samaria and told the people about Christ.,"Nyɛ rɛ Fɩlɩpɩ sii mʋ Samaarɩya paalʋʋ tɔbal kɩdɩgɩ, a basɩ Yesu Krisita, laataal hʋ Wɩɩsɩ aa tɩma wɩya, a kɩ tɩya doŋ nala."
6,They crowded around Philip because they were eager to hear what he was saying and to see him work miracles.,"Gyamaa hʋ buloŋ gyɩ wee dɩgɩŋgyegil lɛ a kɩ nɩɩ wɩya hʋ ʋ gyɩ aa basɩ. Ba buloŋ gyɩ gyegile nɩɩ wɩya hʋ ʋ aa basa rɛ, a na wɩmagɩla hʋ buloŋ mɛ ʋ aa yaa."
8,Everyone in that city was very glad because of what was happening.,"Ɛɛwɩya, haŋ tɔɔ hʋ tɩmma buloŋ tenni gyɩ fɩyɛla rɛ kɩŋkaŋ."
9,For some time a man named Simon had lived there and had amazed the people of Samaria. He practiced witchcraft and claimed to be somebody great.,"Haŋ tɔɔ hʋ tɩyaŋ, baal kɩdɩgɩ mɛ rɛ gyɩ we doŋ, ba kɩ yɩrɩ Siimɔŋ. Ʋ gyɩ kaŋ daaluliye rɛ weliŋ, a kɩ vʋga. Ʋ wɩyaalɩya buloŋ gyɩ yaa Samaarɩya paalʋʋ nala wɩkperii rɛ. Ɛɛ rɛ tɩŋ ʋ mɛ gyɩ aa kɩ daga ʋ tɩɩ anɩɩ ʋ bɩra rɛ."
10,"Everyone, rich and poor, crowded around him. They said, “This man is the power of God called ‘The Great Power.’ ”","Nɩhɩyasɩ bee biibiisi buloŋ gyɩ kpa ba nyuu we ʋ wɩyaalɩya tɩyaŋ nɛ a kɩ basɩ a baa, “Baal no rɛ yaa Wɩɩsɩ, ʋ kaŋ dee rɛ yʋga, dee hʋ ba aa yɩrɩ Wɩɩsɩ debal hʋ, ʋ rɛ ʋ kana.”"
11,"For a long time, Simon had used witchcraft to amaze the people, and they kept crowding around him.","Ʋ aa yaa wɩkperiye no pɩɩsɩ rɛ, ɛɛ rɛ tɩŋ nala na anɩɩ ʋ bɩra rɛ. Ɛɛ rɛ tɩŋ ba kpa ba nyuni we ʋ wɩyaalɩya tɩyaŋ gɛɛ."
12,"But when they believed what Philip was saying about God's kingdom and about the name of Jesus Christ, they were all baptized.","Amɛ Fɩlɩpɩ gyɩ aa basɩ Wɩɩsɩ wɩweliye hʋ wɩya, a kɩ daga Wɩɩsɩ koro hʋ wɩya, a basɩ Yesu Krisita wɩya mɛ, nala hʋ gyɩ laa wɩya hʋ di rɛ, ba fo ba wɩɩkyʋwalnɩɩ, baala abee haana buloŋ."
13,"Even Simon believed and was baptized. He stayed close to Philip, because he marveled at all the miracles and wonders.","Siimɔŋ tɩɩ mɛ gyɩ ko laa Yesu wɩya hʋ di rɛ, ba fo ʋ mɛ wɩɩkyʋwalnɩɩ. Ɛɛ hal tɩyaŋ, ʋ kɩ mal Fɩlɩpɩ kɩŋkaŋ. Ʋ aa naa wɩkperiye hʋ bee wɩmagɩla hʋ Fɩlɩpɩ aa yaa, ʋ yaa ʋ wɩkperii rɛ."
14,"The apostles in Jerusalem heard that some people in Samaria had accepted God's message, and they sent Peter and John.",Yesu kpambɩsɩ hʋ aa we Gyerusalɛm tɩyaŋ nɩɩ anɩɩ Samaarɩya paalʋʋ nala laa Wɩɩsɩ wɩya di rɛ. Ɛɛ rɛ ba ta Piita bee Gyɔɔŋ dɩ ba mʋ doŋ.
15,"When the two apostles arrived, they prayed that these people would be given the Holy Spirit.",Ɛɛ rɛ Piita bee Gyɔɔŋ mʋ kyʋwalɩ Wɩɩsɩ tɩya ba dɩ Wɩɩsɩ leŋ ʋ Wiyesi Welii hʋ ko tuu gyʋʋ ba tɩyaŋ.
16,"Before this, the Holy Spirit had not been given to any of them, though some of them had been baptized in the name of the Lord Jesus.",Beewɩya haŋ saŋa hʋ dɩ Wɩɩsɩ Wiyesi Welii hʋ ha gyɩ bɩ gyʋʋ Samaarɩya paalʋʋ nal kɩdɩgɩ buloŋ tɩyaŋ. Á Tɩɩna Yesu Krisita feŋ dʋŋ tɩyaŋ nɛ ba fa fo ba wɩɩkyʋwalnɩɩ hʋ.
17,"Peter and John then placed their hands on everyone who had faith in the Lord, and they were given the Holy Spirit.","Nyɛ rɛ Piita bee Gyɔɔŋ kpa ba nosi dɔbɔ ba nyuni tɩyaŋ, a kyʋwalɩ Wɩɩsɩ tɩya ba. Ɛɛ tɩyaŋ nɛ Wɩɩsɩ Wiyesi Welii hʋ ko tuu gyʋʋ ba tɩyaŋ."
18,Simon noticed that the Spirit was given only when the apostles placed their hands on the people. So he brought money,"Siimɔŋ aa naa dɩ Yesu kpambɩsɩ hʋ kpa ba nosi dɔbɔ nala hʋ aa laa Yesu wɩya di tɩyaŋ, Wɩɩsɩ Wiyesi Welii hʋ gyʋʋ ba tɩyaŋ gɛɛ, ʋ sii kpa molbii a sʋl ba a baa,"
19,"and said to Peter and John, “Let me have this power too! Then anyone I place my hands on will also be given the Holy Spirit.”","“Ma laa aŋ tɩya ŋ ma dee no dɩ ŋ mɛ ko kpa nosi dɔbɔ nal buloŋ tɩyaŋ, dɩ Wɩɩsɩ Wiyesi Welii hʋ gyʋʋ ʋ tɩɩna tɩyaŋ.” Ɛɛ rɛ Piita basɩ tɩya ʋ, a baa,"
20,"Peter said to him, “You and your money will both end up in hell if you think you can buy God's gift!",“Ɩ liise ɩ sɩ wuwo kpa molbiye yɔbɔ Wɩɩsɩ aa kpaa kɩŋ hʋ tɩya nala ʋ bɔnyɛ tɩyaŋ nɛ koo? Wɩɩsɩ sɩ leŋ ɩ bee ɩ molbiye no buloŋ gyʋʋ diŋ.
21,"You don't have any part in this, and God sees that your heart isn't right.","Ɩ noŋ tuwo á tʋma no tɩyaŋ, beewɩya ɩ bɩ pʋllɩ ɩ tɩya tɩya Wɩɩsɩ."
22,Get rid of these evil thoughts and ask God to forgive you.,Mɩɩgɩ bɩrɩmɩ lɩɩ ɩ wɩbɔmɔ no tɩyaŋ aŋ sʋla Wɩɩsɩ dɩ ʋ kpa ɩ tɩliisibɔmɔ no kyɛ ɩ.
23,I can see that you are jealous and bound by your evil ways.”,"Ŋ naa anɩɩ ɩ tɩya bile rɛ kɩŋkaŋ, ka ɩ bɩl yaa wɩbɔmɔ yoŋ mɛ.”"
24,"Simon said, “Please pray to the Lord, so that what you said won't happen to me.”",Ɛɛ rɛ Siimɔŋ sʋla Piita bee Gyɔɔŋ dɩ ba kyʋwalɩ Wɩɩsɩ tɩya ʋ dɩ wɩya no buloŋ ba aa basa ta yaa ʋ tɩyaŋ.
25,"After Peter and John had preached about the Lord, they returned to Jerusalem. On their way they told the good news in many villages of Samaria. Philip and an Ethiopian Official","Ba aa basɩ Wɩɩsɩ wɩya hʋ ko teŋ, a daga wɩya hʋ buloŋ ba aa gyɩma Yesu lugo tɩyaŋ a tɩya ba, ba sii doŋ nɛ, a mɩɩgɩ mʋ Gyerusalɛm. Saŋa hʋ ba aa mʋ Gyerusalɛm hʋ tɩyaŋ, ba basɩ Yesu Krisita wɩweliye hʋ rɛ Samaarɩya paalʋʋ tɔnɩ yʋga tɩyaŋ. Fɩlɩpɩ kyeŋ baal kɩdɩgɩ aa lɩɩ Itoopiya paalʋʋ"
26,"The Lord's angel said to Philip, “Go south along the desert road that leads from Jerusalem to Gaza.”","Ɛɛ rɛ ka malɩka kɩdɩgɩ ko basɩ tɩya Fɩlɩpɩ a baa, “Sii, a mʋ wɩɩpɔsɩɩ noduu dɩɩlaŋ, a mʋ ŋmaŋbɩnɩɩ hʋ aa lɩɩ Gyerusalɛm kɩ mʋ Gasa.” Nyɛ rɛ Fɩlɩpɩ sii kpa mʋ."
28,"and was now on his way home. He was sitting in his chariot, reading the book of the prophet Isaiah.","Ʋ fa hɔŋ toriku hʋ tɩyaŋ gɛɛ rɛ, aŋ kɩ karɩmɩ Wɩɩsɩ Teŋ lee kɩdɩgɩ Wɩɩsɩ tɩŋdaal Azaaya aa saba."
29,The Spirit told Philip to catch up with the chariot.,Ɛɛ rɛ Wɩɩsɩ Wiyesi Welii hʋ basɩ tɩya Fɩlɩpɩ dɩ ʋ vala mʋ puu toriku hʋ.
30,"Philip ran up close and heard the man reading aloud from the book of Isaiah. Philip asked him, “Do you understand what you are reading?”","Nyɛ rɛ Fɩlɩpɩ fá mʋ puu ʋ, dɩ ʋ nɩɩ baal hʋ aa karɩmɩ Wɩɩsɩ teŋ logiŋ hʋ Azaaya aa saba. Ɛɛ rɛ ʋ pɩyɛsɩ ʋ dɩ ʋ gyɩŋ wɩya hʋ ʋ aa karɩmɩ hʋ memii rɛ?"
31,"The official answered, “How can I understand unless someone helps me?” He then invited Philip to come up and sit beside him.","Nyɛ rɛ baal hʋ baa, “Ɛɛ rɛ ŋ sɩ yaa gyɩŋ ba memii dɩ nal bɩ daga tɩya ŋ.” Aŋ yɩrɩ Fɩlɩpɩ dɩ ʋ ko gyɩŋ hɔŋ pɛ ʋ tɩyaŋ."
32,"The man was reading the passage that said, “He was led like a sheep on its way to be killed. He was silent as a lamb whose wool is being cut off, and he did not say a word.","Wɩɩsɩ teŋ lee hʋ ʋ fa aa karɩmɩ hʋ, wɩɩ no rɛ ba sabɩ doŋ: “Anɩɩ ba aa kaŋ piyesi kɩ mʋ dɩ ba kpʋ ka ʋ tallɩ ʋ nyʋwa gɛɛ, anɩɩ ba aa kɩ kʋsɩ pebiye pʋna ka ʋ nyʋwa bee suri gɛɛ, ɛɛ tɩɩ rɛ ʋ mɛ bɩ suro ʋ nyʋwa."
33,"He was treated like a nobody and did not receive a fair trial. How can he have children, if his life is snatched away?”","Ba gyɩ yalmɩ ʋ rɛ weliŋ, ʋ kɩna gyɩ sʋma mɛ, ka ba vʋʋlɩ vɔmɔ ʋ, a kpa kyogisi tɩya ʋ. Ʋ mɩɩbol yaŋ aa tene taŋha no nyuu nyɛ, aŋnɛ rɛ sɩ wuwo tɩŋ ʋ doho nala naasɩ.”"
34,"The official said to Philip, “Tell me, was the prophet talking about himself or about someone else?”","Baal hʋ aa karɩma Wɩɩsɩ wɩya hʋ teŋ, ʋ pɩyɛsɩ Fɩlɩpɩ, a baa “Aŋnɛ wɩya rɛ Wɩɩsɩ tɩŋdaal hʋ kɩ basɩ nyɛ? Ʋ tɩɩ wɩya rɛ koo, nɩdɩma kɩdɩgɩ wɩya rɛ?”"
35,So Philip began at this place in the Scriptures and explained the good news about Jesus.,"Ɛɛ rɛ Fɩlɩpɩ yaŋ piili wɩya no ʋ aa karɩma tɩyaŋ, a basɩ Yesu Wɩweliye hʋ buloŋ a tɩya baal hʋ."
37,"As they were going along the road, they came to a place where there was some water. The official said, “Look! Here is some water. Why can't I be baptized?”","Ɛɛ rɛ Fɩlɩpɩ basɩ tɩya ʋ a baa, “Dɩ ɩ rɛ laa Yesu wɩya hʋ buloŋ di abee ɩ tɩya buloŋ, ŋ sɩ fo ɩ wɩɩkyʋwalnɩɩ.” Ɛɛ rɛ baal hʋ baa, “Ŋ laa di rɛ anɩɩ Yesu Krisita rɛ yaa Wɩɩsɩ biye.”"
38,"He ordered the chariot to stop. Then they both went down into the water, and Philip baptized him.","Ɛɛ rɛ baal hʋ leŋ gyaagʋ hʋ fa aa tarɩ toriku hʋ sɩŋ, ka ʋ bee Fɩlɩpɩ buloŋ kpa tuu nɩɩ hʋ. Doŋ tɩyaŋ nɛ Fɩlɩpɩ fo ʋ wɩɩkyʋwalnɩɩ."
39,"After they had come out of the water, the Lord's Spirit took Philip away. The official never saw him again, but he was very happy as he went on his way.","Ba aa ko dɩ ba lɩɩ nɩɩ hʋ tɩyaŋ, Wɩɩsɩ Wiyesi Welii hʋ ko kpa Fɩlɩpɩ dɩɩgɩ. Baal hʋ bɩrɩma dɩ ʋ bɩl bɩ naa Fɩlɩpɩ, aŋka ʋ kpa ʋ ŋmanɩɩ kɩ vala, ʋ teŋ buloŋ fɩyɛlɩ kɩŋkaŋ."
6,"Now get up and go into the city, where you will be told what to do.”",Sii mʋ gyʋʋ tɔɔ hʋ. Doŋ tɩyaŋ nɛ ba sɩ daga ɩ wɩɩ hʋ ɩ aa sɩ yaa.”
16,I will show him how much he must suffer for worshiping in my name.”,Mɩyaŋ nɛ sɩ daga ʋ tʋwara maga gɛɛ ʋ aa sɩ na ŋ wɩya.”
26,"When Saul arrived in Jerusalem, he tried to join the followers. But they were all afraid of him, because they did not believe he was a true follower.","Sɔɔl aa mʋʋ Gyerusalɛm, ʋ gyɩ aa kyɛ dɩ ʋ gyʋʋ Yesu hatɩnna hʋ aa we doŋ tɩyaŋ nɛ. Amɛ ba gyɩ bɩ laa di anɩɩ ʋ mɛ laa Yesu wɩya di rɛ. Ɛɛ rɛ gyɩ tɩŋ ba gyɩ kɩ fá ʋ."
12,"and he has seen a vision. He saw a man named Ananias coming to him and putting his hands on him, so he could see again.”","Wɩɩsɩ hʋ kyʋwalɩɩ tɩyaŋ, ʋ naa anɩɩ ɩ Ananiyasɩ rɛ ko gyʋʋ a kpa ɩ nosi dɔbɔ ʋ tɩyaŋ ʋ sɩya bɩl suri.”"
18,"Suddenly something like fish scales fell from Saul's eyes, and he could see. He got up and was baptized.","Ʋ aa basɩ gɛɛ, dɩ kɩna badɔmɔŋ aa kɩɩ gɛɛ anɩɩ fuwonamɩya para pirige lɩɩ tele ʋ sɩya tɩyaŋ, ka ʋ bɩl wuwo kɩ na. Doŋ tɩyaŋ nɛ ʋ sii, ba fo ʋ wɩɩkyʋwalnɩɩ."
1,Saul kept on threatening to kill the Lord's followers. He even went to the high priest,"Ɛɛ rɛ ka Sɔɔl mɛ ha lɩɩ sɩɩ pɔ Yesu hatɩnna hʋ tɩyaŋ, a kɩ fugisi ba, a kɩ basɩ anɩɩ ʋ sɩ kpʋ ba."
3,"When Saul had almost reached Damascus, a bright light from heaven suddenly flashed around him.","Ɛɛ rɛ Sɔɔl gyɩ sii lɩɩ kpa ŋmanɩɩ a kɩ mʋ Damaasiku. Ʋ gyɩ ko mʋ kpaga Damaasiku rɛ, dɩ kyaanʋʋ kɩdɩgɩ pirige lɩɩ wɩɩsɩnyuu, a kyaanɩ we ʋ tɩyaŋ."
4,"He fell to the ground and heard a voice saying, “Saul! Saul! Why are you so cruel to me?”","Ʋ lɩɩ tele, aŋka ʋ nɩɩ nal taal dɩ ʋ basɩ tɩya ʋ a baa, “Sɔɔl, Sɔɔl, bee rɛ tɩŋ ɩ kɩ dɔgɩsɩ ŋ nyɛ.”"
5,"“Who are you?” Saul asked. “I am Jesus,” the Lord answered. “I am the one you are so cruel to.","Ɛɛ rɛ Sɔɔl pɩyɛsɩ, “Aŋnɛ rɛ yaa ɩ, ŋ Tɩɩna?” Ɛɛ rɛ taal hʋ baa, “Mɩyaŋ Yesu rɛ, nal hʋ ɩ aa dɔgɩsɩ hʋ."
7,"The men with Saul stood there speechless. They had heard the voice, but they had not seen anyone.","Sɔɔl bee nala hʋ fa aa val hʋ buloŋ mɩɩgɩ sɩŋ tuwori kɩ deŋ. Beewɩya ba mɛ nɩɩ taal hʋ rɛ, amɛ ba bɩ naa nal buloŋ."
8,"Saul got up from the ground, and when he opened his eyes, he could not see a thing. Someone then led him by the hand to Damascus,","Ɛɛ rɛ Sɔɔl nyagɩ sii sɩŋ, a kaŋ ʋ sɩya suri. Ʋ sɩya gyɩ ta kyirigi waasʋ gɛɛ rɛ, ka ʋ bee na kɩŋ buloŋ. Ʋ noŋ tɩyaŋ nɛ ba gyɩ kana, a kana ʋ tarɩ mʋ pele Damaasiku."
9,and for three days he was blind and did not eat or drink.,"Ʋ nyʋlɩma we doŋ gɛɛ rɛ ʋ kyɛyɛ boto, dɩ ʋ bɩ wuwo di kɩŋ buloŋ, a bɩ wuwo nyʋwa nɩɩ mɛ."
10,"A follower named Ananias lived in Damascus, and the Lord spoke to him in a vision. Ananias answered, “Lord, here I am.”","Yesu hatɩnna hʋ kɩdɩgɩ mɛ gyɩ we Damaasiku tɩyaŋ, ba kɩ yɩrɩ Ananiyasɩ. Nyɛ rɛ ʋ duwosi dɩ á Tɩɩna Yesu yɩrɩ ʋ a basɩ tɩya ʋ a baa, “Ananiyasɩ!” Ɛɛ rɛ ʋ saŋa a baa, “Mɩyaŋ nɛ nyɛ, Tɩɩna.”"
11,"The Lord said to him, “Get up and go to the house of Judas on Straight Street. When you get there, you will find a man named Saul from the city of Tarsus. Saul is praying,","Ɛɛ rɛ á Tɩɩna Yesu basɩ tɩya ʋ a baa, “Sii kpa ŋmanɩɩ hʋ ba yɩrɩ ŋmaŋ-deginii hʋ, a mʋ baal kɩdɩgɩ ba aa yɩrɩ Gyudasɩ dɩya. Dɩ ɩ ko mʋ, pɩyɛsɩ ʋ dɩ baal kɩdɩgɩ aa lɩɩ Taasu rɛ ɩ kɩ kyɛ. Ʋ feŋ nɛ yaa Sɔɔl. Ʋ rɛ ha yaŋ kɩ kyʋwalɩ Wɩɩsɩ gɛɛ."
13,"Ananias replied, “Lord, a lot of people have told me about the terrible things this man has done to your followers in Jerusalem.","Ɛɛ rɛ Ananiyasɩ basɩ baa, “Ŋ Tɩɩna, nala yʋga rɛ kɩŋkaŋ a basɩ tɩya ŋ anɩɩ baal no bɔmɔ rɛ weliŋ abee ɩ nala hʋ aa we Gyerusalɛm tɩyaŋ."
14,Now the chief priests have given him the power to come here and arrest anyone who worships in your name.”,"Gyuuma wɩɩkyʋwal sɩlaala nɩhɩyasɩ rɛ tɩya ʋ ŋmanɩɩ dɩ ʋ ko Damaasiku daha, a kasɩ nala hʋ buloŋ aa kyʋwalɩ ɩ.”"
15,"The Lord said to Ananias, “Go! I have chosen him to tell foreigners, kings, and the people of Israel about me.","Á Tɩɩna Yesu basɩ tɩya Ananiyasɩ a baa, “Sii mʋ. Mɩyaŋ nɛ lɩɩ ʋ dɩ ʋ tuŋ ŋ tʋma. Ʋ sɩ mʋ basɩ ŋ wɩya tɩya nala hʋ aa bɩ yaa Gyuuma abee kuworo abee Iziral tɩmma mɛ."
17,"Ananias left and went into the house where Saul was staying. Ananias placed his hands on him and said, “Saul, the Lord Jesus has sent me. He is the same one who appeared to you along the road. He wants you to be able to see and to be filled with the Holy Spirit.”","Ɛɛ rɛ Ananiyasɩ sii kpa mʋ dɩya hʋ Sɔɔl aa gyʋwa. Nyɛ rɛ ʋ gyʋʋ a kpa ʋ nosi dɔbɔ Sɔɔl tɩyaŋ aŋ baa, “Ŋ naabiye Sɔɔl, á Tɩɩna Yesu hʋ ɩ aa naa ŋmanɩɩ hʋ tɩyaŋ dɩ ɩ aa ko daha, ʋ rɛ tɩma ŋ dɩ ŋ ko daha dɩ ɩ sɩya wuwo suri, ka dɩ Wɩɩsɩ Wiyesi Welii hʋ mɛ gyʋʋ ɩ tɩyaŋ.”"
19,Then he ate and felt much better. Saul Preaches in Damascus For several days Saul stayed with the Lord's followers in Damascus.,"Ka ʋ di kɩna a bɩl kaŋ dee. Ʋ gyɩ we Damaasiku tɩyaŋ nɛ kyɛyɛ baŋmana, ʋ bee Yesu hatɩnna hʋ aa we doŋ. Sɔɔl basɩ Wɩɩsɩ wɩya a tɩya nala Damaasiku tɩyaŋ"
20,Soon he went to the synagogues and started telling people that Jesus is the Son of God.,"Ʋ aa we doŋ gɛɛ rɛ, ʋ aa sii mʋ wɩɩkyʋwaldɩɩsɩ a piili kɩ basɩ Yesu wɩya a kɩ tɩya nala anɩɩ Yesu rɛ yaa Wɩɩsɩ biye hʋ."
21,"Everyone who heard Saul was amazed and said, “Isn't this the man who caused so much trouble for those people in Jerusalem who worship in the name of Jesus? Didn't he come here to arrest them and take them to the chief priests?”","Nala hʋ buloŋ gyɩ aa nɩɩ wɩya hʋ Sɔɔl aa basɩ, ʋ gyɩ yaa ba buloŋ wɩkperii rɛ. Ba kɩ pɩyɛsɩ dɔmɔŋ, a baa “Baal no daa fa we Gyerusalɛm tɩyaŋ a kɩ kpʋ nala hʋ aa laa Yesu wɩya di gɛɛ? Ka gɛɛ wɩya rɛ ʋ bɩl ko daha dɩ ʋ ko kasɩ ba mʋ Gyuuma wɩɩkyʋwal sɩlaala nɩhɩyasɩ hʋ lee?”"
23,"Later some of them made plans to kill Saul,","Ʋ gyɩ we doŋ pɩɩsɩ rɛ. Nyɛ rɛ kyɛɛ kɩdɩgɩ, Gyuuma hʋ sii vʋʋlɩ dɩ ba kpʋ ʋ."
24,but he found out about it. He learned that they were guarding the gates of the city day and night in order to kill him.,"Ɛɛ rɛ Sɔɔl ko nɩɩ ba aa kyɛ dɩ ba kpʋ ʋ hʋ wɩya. Wɩɩhaa bee tebine buloŋ, ba aa sɩŋ ba bee pagɩbal hʋ tɩyaŋ nɛ dɩ ba na ʋ a kpʋ."
27,"Then Barnabas helped him by taking him to the apostles. He explained how Saul had seen the Lord and how the Lord had spoken to him. Barnabas also said when Saul was in Damascus, he had spoken bravely in the name of Jesus.","Yesu hatɩnna hʋ kɩdɩgɩ ba aa yɩrɩ Banabaasɩ rɛ gyɩ pɛɛ Sɔɔl tɩyaŋ, a kana ʋ mʋ Yesu kpambɩsɩ hʋ lee. Ʋ rɛ gyɩ basɩ tɩya ba ɛɛ hʋ Sɔɔl aa naa á tɩɩna Yesu ŋmanɩɩ hʋ tɩyaŋ, ʋ basɩ wɩya tɩya ʋ. Aŋ ha gyɩ bɩl basɩ tɩya ba ɛɛ hʋ Sɔɔl aa basɩ Yesu wɩya abee nyuduwo a tɩya nala Damaasiku tɩyaŋ."
28,Saul moved about freely with the followers in Jerusalem and told everyone about the Lord.,"Nyɛ rɛ ba laa ʋ we ba tɩyaŋ, ba beel-ʋ buloŋ we doŋ, a kɩ gɔllɩ Gyerusalɛm tɩyaŋ,"
30,But the followers found out about this and took Saul to Caesarea. From there they sent him to the city of Tarsus.,"Ʋ dɔŋtɩŋsɩ hʋ aa ko nɩɩ anɩɩ dɩ ba aa lʋga dɩ ba kpʋ ʋ rɛ, ba sii kana ʋ a mʋ Sizaariya, ʋ sɩŋ doŋ kpa mʋ Taasu."
31,"The church in Judea, Galilee, and Samaria now had a time of peace and kept on worshiping the Lord. The church became stronger, as the Holy Spirit encouraged it and helped it grow. Peter Heals Aeneas","Ɛɛ hal tɩyaŋ nɛ, nala hʋ aa laa Yesu wɩya di Gyudɩya abee Galili abee Samaarɩya paalʋʋ tɩyaŋ, ba buloŋ yaŋ na wiyese, a marɩ laa Wɩɩsɩ wɩya di weliŋ, a kɩ tɩŋ Yesu á Tɩɩna, a kɩ fá ʋ mɛ. Wɩɩsɩ Wiyesi Welii hʋ mɛ pɛ ba tɩyaŋ, ba wala kɩ pɛ. Piita mʋʋ Liida abee Gyoopa"
32,"While Peter was traveling from place to place, he visited the Lord's followers who lived in the town of Lydda.","Lee buloŋ nɛ Piita fa kɩ gɔllɩ. Kyɛɛ kɩdɩgɩ, ʋ sii kpa mʋ Liida dɩ ʋ na Wɩɩsɩ nala hʋ aa we doŋ tɩyaŋ."
33,"There he met a man named Aeneas, who for eight years had been sick in bed and could not move.","Ʋ aa mʋ doŋ, ʋ na baal kɩdɩgɩ ba aa yɩrɩ Eniyasɩ. Ʋ fa gbarɩga rɛ, a pɩŋ dɩya tɩyaŋ bɩsɩ kyori, dɩ ʋ bɩ wuwo lɩɩ bee."
34,"Peter said to Aeneas, “Jesus Christ has healed you! Get up and make up your bed.” At once he stood up.","Ɛɛ rɛ Piita basɩ tɩya ʋ a baa, “Eniyasɩ, Yesu Krisita tɩya ɩ laaŋfɩya rɛ. Sii kpa ɩ wasa.” Doŋ tɩyaŋ nɛ Eniyasɩ pirigi nyagɩ sii sɩŋ abee dee."
35,Many people in the towns of Lydda and Sharon saw Aeneas and became followers of the Lord. Peter Brings Dorcas Back to Life,"Nala hʋ buloŋ aa lɩɩ Liida abee Saarɔŋ aa naa gɛɛ, ba bɩrɩmɩ lɩɩ ba wɩbɔmɔ tɩyaŋ nɛ aŋ kɩ tɩŋ á Tɩɩna Yesu."
36,"In Joppa there was a follower named Tabitha. Her Greek name was Dorcas, which means “deer.” She was always doing good things for people and had given much to the poor.","Haaŋ kɩdɩgɩ mɛ rɛ fa we Gyoopa tɩyaŋ, a mɛ fa yaa Yesu hatɩnnɩ. Ʋ feŋ nɛ fa yaa Tabiita Ʋ fa kaŋ bɔnyɛ rɛ weliŋ a kɩ pɛ nyaaba abee nɩtaaga tɩyaŋ."
37,"But she got sick and died, and her body was washed and placed in an upstairs room.","Piita ha gyɩ aa we Liida tɩyaŋ gɛɛ rɛ ka haaŋ no sʋba Gyoopa tɩyaŋ. Nyɛ rɛ ba fo ʋ nɩɩ, a kana ʋ gyɩŋ biŋ salnyuu dɩya kɩdɩgɩ tɩyaŋ."
38,"Joppa wasn't far from Lydda, and the followers heard that Peter was there. They sent two men to say to him, “Please come with us as quickly as you can!”",Gyoopa bee Liida fa bɩ boliye. Nala hʋ aa laa Yesu wɩya di Gyoopa tɩyaŋ nɩɩ anɩɩ Piita we Liida tɩyaŋ nɛ. Nyɛ rɛ ba tɩŋ nala balɩya ʋ lee dɩ ba mʋ sʋla ʋ dɩ ʋ fa ba wulo lagɩ. Ɛɛ rɛ ba mʋ basɩ tɩya ʋ.
39,"At once, Peter went with them. The men took Peter upstairs into the room. Many widows were there crying. They showed him the coats and clothes that Dorcas had made while she was still alive.","Piita sii tɩŋ ba hal a mʋ ko. Ʋ aa ko pele doŋ, ɛɛ rɛ ba kana ʋ gyɩŋ salnyuu dɩya hʋ. Ka lohaana badɔmɔŋ aa we doŋ buloŋ sɩŋ ʋ hal a kɩ wii, a paa galaalɩya abee gavʋwalɩya Dɔɔkasɩ aa mara, a ko lɩɩ kɩ daga Piita."
40,"After Peter had sent everyone out of the room, he knelt down and prayed. Then he turned to the body of Dorcas and said, “Tabitha, get up!” The woman opened her eyes, and when she saw Peter, she sat up.","Ɛɛ rɛ Piita leŋ ba buloŋ lɩɩ dɩya hʋ tɩyaŋ. Ba aa lɩɩ dɩya hʋ tɩyaŋ ko teŋ, ɛɛ rɛ ʋ tuu gbinni a kyʋwalɩ Wɩɩsɩ. Ʋ aa kyʋwalɩ Wɩɩsɩ hʋ mʋ teŋ, ʋ mɩɩgɩ bɩrɩmɩ sʋʋ hʋ lee, a basɩ baa, “Tabiita, sii!” Nyɛ rɛ ʋ kaŋ ʋ sɩya suri. Ʋ aa naa Piita, ʋ sii hɔŋ."
41,He took her by the hand and helped her to her feet. Peter called in the widows and the other followers and showed them that Dorcas had been raised from death.,"Nyɛ rɛ Piita mʋ pele ʋ, a kaŋ ʋ noŋ tɩyaŋ, ʋ sii sɩŋ. Ɛɛ rɛ ʋ yɩrɩ Wɩɩsɩ nala hʋ abee lohaana hʋ buloŋ ko laŋŋɩ, a kpa Tabiita tɩya ba. Ba buloŋ na ʋ dɩ ʋ bɩl weye."
42,"Everyone in Joppa heard what had happened, and many of them put their faith in the Lord.",Nyɛ rɛ wɩɩ no taalɩ Gyoopa buloŋ. Nala yʋga ko laa á Tɩɩna Yesu wɩya di.
43,"Peter stayed on for a while in Joppa in the house of a man named Simon, who made leather.","Piita gyɩ we Gyoopa tɩyaŋ a pɩɩsɩ mʋhʋ rɛ. Baal kɩdɩgɩ gyɩ we doŋ a kɩ tɩgɩsɩ pulo, ba kɩ yɩrɩ Siimɔŋ. Ʋ dɩya rɛ Piita gyɩ gyʋʋ."
1,"In Caesarea there was a man named Cornelius, who was the captain of a group of soldiers called “The Italian Unit.”","Baal kɩdɩgɩ rɛ gyɩ we Sizaariya tɩyaŋ ba kɩ yɩrɩ Kɔniiliyo. Ʋ fa yaa laalyuwolo aa lɩɩ Itali paalʋʋ tɩyaŋ nɩhɩyawʋ rɛ, a fa kɩ laa ba kɔɔ sɩya."
2,"Cornelius was a very religious man. He worshiped God, and so did everyone else who lived in his house. He had given a lot of money to the poor and was always praying to God.","Ʋ fa aa tɩŋ Wɩɩsɩ ŋmanɩɩ rɛ weliŋ, ʋ bee ʋ dɩya nala buloŋ fa kɩ kyʋwalɩ Wɩɩsɩ. Ʋ gyɩ aa kɩ pɛ Gyuuma nɩtaaga tɩyaŋ nɛ, aŋ kɩ kyʋwalɩ Wɩɩsɩ mɛ saŋa buloŋ."
3,"One afternoon at about three o'clock, Cornelius had a vision. He saw an angel from God coming to him and calling him by name.","Kyɛɛ kɩdɩgɩ wɩɩhaa anɩɩ kerifi boto saŋa, Kɔniiliyo na ʋ duwoso tɩyaŋ dɩ malɩka kɩdɩgɩ ko gyʋʋ yɩrɩ ʋ, “Kɔniiliyo.”"
4,"Cornelius was surprised and stared at the angel. Then he asked, “What is this all about?” The angel answered, “God has heard your prayers and knows about your gifts to the poor.","Nyɛ rɛ ʋ kaŋ ʋ sɩya suri dɩ ʋ deŋ malɩka hʋ. Kambɩŋ kana ʋ. Ɛɛ rɛ ʋ pɩyɛsɩ a baa, “Bekiŋ nɛ, ŋ Tɩɩna?” Nyɛ rɛ malɩka hʋ basɩ tɩya ʋ a baa, “Wɩɩsɩ nɩɩ ɛɛ hʋ ɩ aa kɩ kyʋwalɩ ʋ rɛ, a bɩl na ɛɛ hʋ ɩ aa yaa wɩweliye kɩ tɩya nɩtaaga mɛ. Nyɛ wɩya Wɩɩsɩ nɩɩ ɩ kyʋwala rɛ."
5,Now send some men to Joppa for a man named Simon Peter.,"Leŋ dɩ nala mʋ Gyoopa lagɩlagɩ no, a kyɛ yɩrɩ baal kɩdɩgɩ ba aa yɩrɩ Siimɔŋ Piita dɩ ʋ ko ɩ lee."
6,"He is staying with Simon the leather maker, who lives in a house near the sea.”",Ʋ aa gyʋʋ pul-tɩgɩsɩl kɩdɩgɩ dɩya rɛ ba kɩ yɩrɩ ʋ mɛ Siimɔŋ. Ʋ dɩya sɩŋ kpaga mpʋwɔnʋʋ nyʋwa rɛ.”
8,He explained everything to them and sent them off to Joppa.,"Nyɛ rɛ Kɔniiliyo basɩ wɩya hʋ buloŋ ʋ aa naa a tɩya ba, aŋ ta ba, ba kpa mʋ Gyoopa."
9,The next day about noon these men were coming near Joppa. Peter went up on the roof of the house to pray,"Ʋ sɩgballɩya, wɩɩsɩ ko kɩ maga nyutʋtʋʋ gɛɛ, dɩ ba kpaga Gyoopa rɛ. Saŋa no tɩɩ tɩyaŋ nɛ Piita mɛ sii gyɩŋ salnyuu dɩ ʋ kyʋwalɩ Wɩɩsɩ."
11,"He saw heaven open, and something came down like a huge sheet held up by its four corners.","dɩ Wɩɩsɩ nyuu lɔgɔ suri. Ka kɩŋ kɩdɩgɩ kɩɩ gɛɛ anɩɩ wagyɛbal a lɩɩ wɩɩsɩnyuu, a kɩɩ gɛɛ anɩɩ nala rɛ kaŋ ganyʋʋsɩ hʋ banaa tɩyaŋ, a kaŋ ko kɩ tuu taŋha."
13,"A voice said to him, “Peter, get up! Kill these and eat them.”","Ɛɛ rɛ ʋ nɩɩ nal taal dɩ ʋ basɩ tɩya ʋ a baa, “Piita, sii kpʋ kɩ kyaŋ.”"
14,"But Peter said, “Lord, I can't do that! I've never eaten anything that is unclean and not fit to eat.”","Ɛɛ rɛ Piita baa, “Aayɩ, ŋ Tɩɩna, ŋ ha bɩ maakyiye kyaŋ kɩŋ buloŋ aa yaa bisiŋ kɩŋ, koo á sɩna.”"
15,"The voice spoke to him again, “When God says that something can be used for food, don't say it isn't fit to eat.”","Ɛɛ rɛ taal hʋ bɩl mɩɩgɩ basɩ tɩya ʋ a baa, “Kɩŋ kɛ buloŋ Wɩɩsɩ aa baa ʋ weliye, ta basɩ baa ʋ yaa bisiŋ kɩŋ nɛ.”"
16,This happened three times before the sheet was suddenly taken back to heaven.,"Wɩya no buloŋ yaa gɛɛ rɛ naaŋsɩɩnyʋwa bʋto, ka kɩna hʋ bɩl mɩɩgɩ gyɩŋ wɩɩsɩnyuu, aŋ bɩl bɩ ko tuu."
17,"Peter was still wondering what all this meant, when the men sent by Cornelius came and stood at the gate. They had found their way to Simon's house","Wɩɩ hʋ yaa Piita wɩkperii. Ɛɛ rɛ ʋ hɔŋ kɩ kyɛ wɩɩ hʋ ʋ aa naa memii, dɩ nala hʋ Kɔniiliyo fa aa tɩma hʋ rɛ pɩyɛsa ko sɩŋ Siimɔŋ paganyʋwa tɩyaŋ gɛɛ."
20,"Hurry down and go with them. Don't worry, I sent them.”","Sii tuu, a ta yaa gyegye, ka dɩ ɩ tɩŋ ba tɩyaŋ mʋ. Mɩyaŋ nɛ tɩm-ba ɩ lee”"
21,"Peter went down and said to the men, “I am the one you are looking for. Why have you come?”","Nyɛ rɛ Piita sii ko tuu, a basɩ tɩya ba a baa, “Mɩyaŋ nɛ yaa nal hʋ ma aa kyɛ. Bekiŋ wɩɩ rɛ ma kaŋ kɩ kyɛ ŋ?”"
22,"They answered, “Captain Cornelius sent us. He is a good man who worships God and is liked by the Jewish people. One of God's holy angels told Cornelius to send for you, so he could hear what you have to say.”","ƐƐ rɛ ba baa, “Laalyuwolo nɩhɩyawʋ kɩdɩgɩ ba aa yɩrɩ Kɔniiliyo, ʋ rɛ tɩm-ma. Ʋ yaa tɩpʋlʋŋ tɩɩna rɛ, a kɩ fá Wɩɩsɩ mɛ kɩŋkaŋ. Gyuuma mɛ buloŋ kɩ tɩya ʋ gyɩrɩma weliŋ. Malɩka kɩdɩgɩ rɛ ko basɩ tɩya ʋ dɩ ʋ yɩrɩ ɩ, dɩ dɩ ɩ rɛ ko ʋ dɩya, dɩ ʋ sɩ nɩɩ wɩɩ hʋ ɩ aa sɩ basɩ tɩya ʋ.”"
23,"Peter invited them to spend the night. The next morning, Peter and some of the Lord's followers in Joppa left with the men who had come from Cornelius.","Ɛɛ rɛ Piita sʋl ba dɩ ba gyʋʋ pɩŋ sɩya gballɩ. Ʋ sɩya aa gballa, ʋ sii ba buloŋ kpa mʋ. Nala hʋ aa laa Yesu wɩya di Gyoopa tɩyaŋ, ba badɔmɔŋ mɛ sii tɩŋa ʋ mʋ."
24,The next day they arrived in Caesarea where Cornelius was waiting for them. He had also invited his relatives and close friends.,"Ba aa lɩɩ ŋmanɩɩ, ʋ kyɛlɩya kyɛɛ rɛ ba gyʋʋ Sizaariya. Bee no tɩyaŋ nɛ Kɔniiliyo fa we. Ba aa mʋ dɩ ʋ bee ʋ lʋlla abee ʋ kyaŋsɩ badɔmɔŋ ʋ aa yɩra, dɩ ba buloŋ hɔŋ kɩ gyegili ʋ."
25,"When Peter arrived, Cornelius greeted him. Then he knelt at Peter's feet and started worshiping him.","Piita aa ko dɩ ʋ gyʋʋ, Kɔniiliyo sii mʋ kyem-ʋ, a tuu gbinni ʋ sɩya tɩyaŋ, a kyʋwalɩ ʋ."
26,"But Peter took hold of him and said, “Stand up! I am nothing more than a human.”","Doŋ tɩyaŋ nɛ Piita leŋ ʋ sii sɩŋ, ka ʋ basɩ tɩya ʋ a baa, “Ta yaa gɛɛ, beewɩya, ŋ mɛ yaa nihuwobiŋ nɛ anɩɩ ɩ.”"
27,"As Peter entered the house, he was still talking with Cornelius. Many people were there,",Piita bee Kɔniiliyo basɩ wɩya kpa tɩŋ dɔmɔŋ kɩ gyʋʋ dɩya hʋ. Piita aa gyʋʋ dɩ nala bɩ kyalla a laŋŋɩ doŋ.
28,"and Peter said to them, “You know that we Jews are not allowed to have anything to do with other people. But God has shown me that he doesn't think anyone is unclean or unfit.","Nyɛ rɛ Piita basɩ tɩya ba a baa, “Ma tɩɩtɩɩ gyɩma rɛ anɩɩ Gyuuma wɩɩkyʋwal ŋmanɩɩ tɩyaŋ, ʋ yaa sɩna rɛ dɩ ba laŋŋɩ nala hʋ aa bɩ yaa Gyuuma tɩyaŋ. Ba paalɩ bee gyʋʋ ba dɩɩsɩ mɛ gba. Amɛ, ŋ kɛ, Wɩɩsɩ daga ŋ nɛ dɩ ŋ ta buloŋ kaŋ nal buloŋ kɩ yɩrɩ bisiŋ tɩɩna."
29,"I agreed to come here, but I want to know why you sent for me.”","Ɛɛ rɛ tɩŋ ba aa ko yɩrɩ ŋ, ŋ bɩ kaŋ vɩya. Ŋ aa ko nyɛ, yaŋ basɩ wɩɩ hʋ aa tɩŋ ɩ yɩrɩ ŋ?”"
30,Cornelius answered: Four days ago at about three o'clock in the afternoon I was praying at home. Suddenly a man in bright clothes stood in front of me.,"Nyɛ rɛ Kɔniiliyo basɩ tɩya ʋ a baa, “Ʋ kyɛyɛ banaa rɛ nyɛ, anɩɩ saŋa no tɩɩ tɩyaŋ nɛ, wɩɩhaa kerifi boto saŋa, ŋ kɩ kyʋwalɩ Wɩɩsɩ ŋ dɩya tɩyaŋ. Dɩ baal kɩdɩgɩ rɛ gɛɛ, a ko sɩŋ ŋ sɩya tɩyaŋ. Ka ʋ gannɩ buloŋ kɩ tʋla."
31,"He said, “Cornelius, God has heard your prayers, and he knows about your gifts to the poor.","Nyɛ rɛ ʋ basɩ tɩya ŋ a baa, ‘Kɔniiliyo, Wɩɩsɩ nɩɩ ɩ aa kɩ kyʋwalɩ ʋ gɛɛ rɛ, a na ɩ aa kɩ pɛ nyaaba abee nɩtaaga mɛ tɩyaŋ gɛɛ."
32,"Now send to Joppa for Simon Peter. He is visiting in the home of Simon the leather maker, who lives near the sea.”","Sii tɩŋ nala dɩ ba mʋ Gyoopa, a kyɛ yɩrɩ baal kɩdɩgɩ ba aa yɩrɩ Siimɔŋ Piita dɩ ʋ ko. Ʋ aa gyʋʋ pul-tɩgɩsɩl kɩdɩgɩ dɩya rɛ, ba kɩ yɩrɩ ʋ mɛ Siimɔŋ. Ʋ dɩya sɩŋ kpaga mpʋwɔnʋʋ hʋ nyʋwa rɛ.’"
33,"I sent for you at once, and you have been good enough to come. All of us are here in the presence of the Lord God, so that we can hear what he has to say.","Kɔniiliyo bɩl basɩ baa, ‘Ɛɛ rɛ tɩŋ ŋ ta nala lagɩlagɩ dɩ ba ko yɩrɩ ɩ. Ɩ mɛ yaa kuwokeri rɛ, ɩ aa wuwo ko nyɛ. Lagɩlagɩ no, á buloŋ laŋŋa rɛ Wɩɩsɩ sɩya tɩyaŋ, a kɩ gyegili dɩ á nɩɩ wɩɩ hʋ buloŋ Wɩɩsɩ aa daga ɩ dɩ ɩ basɩ tɩya ma.”’ Piita wɩbasɩɩ"
34,Peter then said: Now I am certain that God treats all people alike.,"Nyɛ rɛ Piita yaŋ kaŋ nyʋwa suri, a baa, “Wɩtɩɩ rɛ, nyɛ kɛ ŋ gyɩma anɩɩ Wɩɩsɩ kɛ sɩya tɩyaŋ, nihuwobiŋ buloŋ yaa kɩdɩgɩ rɛ."
35,"God is pleased with everyone who worships him and does right, no matter what nation they come from.","Nal kɛ buloŋ aa fá Wɩɩsɩ, aŋ kɩ yaa wɩya hʋ aa tɩŋ ŋmanɩɩ, Wɩɩsɩ aa laa ʋ rɛ. Beewɩya, Wɩɩsɩ bee lugisi nala a kuu ba aa yaa haŋ nihuwobiŋ iriŋ hʋ tɩyaŋ."
36,"This is the same message that God gave to the people of Israel, when he sent Jesus Christ, the Lord of all, to offer peace to them.","Na ma nɩɩ duwoso hʋ Wɩɩsɩ aa kpaa tɩya Iziral tɩmma rɛ. Ʋ basɩ tɩya ba rɛ dɩ ba tɩŋ Yesu Krisita dɩ ba bee Wɩɩsɩ mɩɩgɩ marɩ dɔmɔŋ, beewɩya, ʋ rɛ yaa nihuwobiŋ buloŋ Tɩɩna."
37,You surely know what happened everywhere in Judea. It all began in Galilee after John had told everyone to be baptized.,"A piili saŋa hʋ Gyɔɔŋ gyɩ aa basɩ Wɩɩsɩ nɩɩfori hʋ wɩya Galili tɩyaŋ, ma buloŋ gyɩŋ wɩbal hʋ gyɩ aa yaa rɛ Iziral paalʋʋ tɩyaŋ."
39,We all saw what Jesus did both in Israel and in the city of Jerusalem. Jesus was put to death on a cross.,"Wɩya hʋ buloŋ ʋ aa yaa Gyerusalɛm tɩyaŋ abee Gyuuma paalʋʋ tɩyaŋ, ba buloŋ nɛ á na, a yaa ba daŋsɩya diile mɛ. Ba kana ʋ rɛ, a kpaasɩ ʋ mal daagarɩɩ hʋ nyuu tɩyaŋ, ʋ sʋba."
40,"But three days later, God raised him to life and let him be seen.","Amɛ ʋ kyɛyɛ boto kyɛɛ, Wɩɩsɩ bɩl kyisi ʋ sʋʋ tɩyaŋ nɛ, a leŋ nala na ʋ."
41,"Not everyone saw him. He was seen only by us, who ate and drank with him after he was raised from death. We were the ones God chose to tell others about him.","Ka ʋ aa mɩɩgɩ sii hal tɩyaŋ, nal buloŋ daa bɩl na ʋ, see á nala hʋ Wɩɩsɩ aa lɩya dɩ á yaa ʋ daŋsɩya diile. Á dʋŋ nɛ na ʋ. Ʋ aa sii sʋʋ tɩyaŋ mɛ, á beel-ʋ buloŋ laŋŋa di kɩna rɛ."
42,God told us to announce clearly to the people that Jesus is the one he has chosen to judge the living and the dead.,"Ɛɛ rɛ ka ʋ basɩ tɩya ma abee sɩfɩyasɩ dɩ á basɩ Wɩɩsɩ wɩweliye hʋ kɩ tɩya nala, a kɩ daga ba anɩɩ ʋ rɛ Wɩɩsɩ lɩɩ, dɩ ʋ yaa niweye abee sʋʋnɩ buloŋ sarɩdiil."
44,"While Peter was still speaking, the Holy Spirit took control of everyone who was listening.","Piita ha aa sɩŋ kɩ basɩ wɩya hʋ gɛɛ, dɩ Wɩɩsɩ Wiyesi Welii hʋ ko tuu gyʋʋ nala hʋ buloŋ fa aa gyegile kɩ nɩɩ wɩya hʋ tɩyaŋ."
47,"“These Gentiles have been given the Holy Spirit, just as we have! I am certain that no one would dare stop us from baptizing them.”","“Ɛɛ hʋ Wɩɩsɩ aa yaŋ kpa ʋ Wiyesi Welii hʋ we á tɩyaŋ, ɛɛ tɩɩ rɛ ʋ kpa ʋ we nala no mɛ tɩyaŋ. Wɩbee rɛ yaŋ sɩ wuwo tɔ nala no dɩ ba ta foo ba wɩɩkyʋwalnɩɩ?”"
48,"Peter ordered them to be baptized in the name of Jesus Christ, and they asked him to stay on for a few days.","Ɛɛ rɛ ka ʋ leŋ ba fo ba wɩɩkyʋwalnɩɩ Yesu Krisita feŋ tɩyaŋ. Ɛɛ hal tɩyaŋ nɛ ba sʋla Piita, dɩ ʋ hɔŋ ba lee kyɛyɛ baŋmana."
2,"So when Peter came to Jerusalem, some of the Jewish followers started arguing with him. They wanted Gentile followers to be circumcised, and",Ɛɛ rɛ ka Piita mɛ mɩɩgɩ ko Gyerusalɛm. Doŋ tɩyaŋ nɛ Gyuuma badɔmɔŋ sii kɩ basɩ ʋ wɩya akuu wɩya hʋ ʋ aa yaa nala hʋ aa bɩ yaa Gyuuma tɩyaŋ wɩya.
3,"they said, “You stayed in the homes of Gentiles, and you even ate with them!”","Ɛɛ rɛ ba pɩyɛsɩ Piita a baa, “Bee rɛ tɩŋ ɩ mʋ nala hʋ aa bee keri ba pene lee, haalɩ, ɩ beel-ba gba laŋŋɩ di kɩna?”"
4,Then Peter told them exactly what had happened:,Ɛɛ rɛ Piita yaŋ piili a basɩ wɩya hʋ aa vala gɛɛ buloŋ a tɩya ba.
5,"I was in the town of Joppa and was praying when I fell sound asleep and had a vision. I saw heaven open, and something like a huge sheet held by its four corners came down to me.","Ʋ baa, “Ŋ gyɩ we Gyoopa tɩyaŋ nɛ. Ɛɛ rɛ kyɛɛ kɩdɩgɩ, ŋ hɔŋ kɩ kyʋwalɩ Wɩɩsɩ. Wɩɩsɩ hʋ kyʋwalɩɩ tɩyaŋ nɛ, ʋ kɩɩ gɛɛ anɩɩ ŋ aa duwosi, ka ŋ na kɩŋ kɩdɩgɩ dɩ ʋ kɩɩ gɛɛ anɩɩ wagyɛbal aa lɩɩ wɩɩsɩnyuu ko kɩ tuu, ka ba kaŋ ʋ nyʋʋsɩ hʋ banaa tɩyaŋ, a kaŋ ko tuu biŋ ŋ sɩya tɩyaŋ."
7,"I heard a voice saying to me, “Peter, get up! Kill these and eat them.”","Ɛɛ rɛ ka ŋ nɩɩ nal basɩ tɩya ŋ a baa, ‘Piita, sii kpʋ kɩ kyaŋ.’"
8,"But I said, “Lord, I can't do that! I've never taken a bite of anything that is unclean and not fit to eat.”","Ɛɛ rɛ ŋ baa, ‘Aayɩ, ŋ Tɩɩna, ŋ ha bɩ maakyiye di bisiŋ kɩŋ buloŋ.”’"
9,"The voice from heaven spoke to me again, “When God says that something can be used for food, don't say it isn't fit to eat.”","Nyɛ rɛ taal hʋ bɩl lɩɩ wɩɩsɩnyuu, a basɩ tɩya ŋ a baa, “Kɩŋ kɛ buloŋ Wɩɩsɩ aa baa ʋ weliye, ta baa dɩ ʋ yaa bisiŋ kɩŋ nɛ."
10,This happened three times before it was all taken back into heaven.,"Wɩɩ no yaa gɛɛ rɛ naaŋsɩɩnyʋwa bʋto, ka kɩna hʋ bɩl mɩɩgɩ gyɩŋ wɩɩsɩnyuu."
11,Suddenly three men from Caesarea stood in front of the house where I was staying.,"Haŋ saŋa hʋ tɩɩ rɛ baala boto mɛ ba aa tɩma ŋ lee, ba lɩɩ Sizaariya, dɩ ba mɛ yaŋ ko kɩ pele dɩya hʋ tɩyaŋ ŋ fa aa gyʋʋ."
12,The Holy Spirit told me to go with them and not to worry. Then six of the Lord's followers went with me to the home of a man,"Ɛɛ rɛ Wɩɩsɩ Wiyesi Welii hʋ basɩ tɩya ŋ dɩ ŋ ta yaa gyegye, akuu ba aa bɩ yaa Gyuuma wɩya, ka dɩ ŋ tɩŋ ba hal mʋ. Nyɛ rɛ ŋ bee ŋ naabalɩya hʋ aa laa Yesu wɩya di Gyoopa tɩyaŋ nala badʋ sii kpa mʋ Sizaariya, a mʋ gyʋʋ Kɔniiliyo dɩya."
13,who told us that an angel had appeared to him. The angel had ordered him to send to Joppa for someone named Simon Peter.,"Ɛɛ rɛ ʋ basɩ tɩya ma ɛɛ hʋ ʋ aa naa malɩka dɩ ʋ sɩŋ ʋ dɩya tɩyaŋ, a basɩ tɩya ʋ dɩ ʋ tɩŋ nala dɩ ba mʋ Gyoopa a yɩrɩ baal kɩdɩgɩ ba aa yɩrɩ Siimɔŋ Piita dɩ ʋ ko."
14,Then Peter would tell him how he and everyone in his house could be saved.,"Dɩ ʋ sɩ basɩ wɩya tɩya ba, aŋ daga ba wɩya hʋ aa sɩ laa ʋ bee ʋ dɩya nala buloŋ ta."
15,"After I started speaking, the Holy Spirit was given to them, just as the Spirit had been given to us at the beginning.","Ɛɛwɩya, ŋ aa piili kɩ basɩ wɩya hʋ, Wɩɩsɩ Wiyesi Welii hʋ ko tuu gyʋʋ ba tɩyaŋ nɛ anɩɩ ʋ gyɩ aa laa sɩya ko gyʋʋ á tɩyaŋ piili hʋ tɩyaŋ gɛɛ."
16,"I remembered that the Lord had said, “John baptized with water, but you will be baptized with the Holy Spirit.”","Wɩɩ no aa ko yaa tɩyaŋ nɛ, ŋ liisi wɩɩ hʋ á Tɩɩna Yesu fa aa basa. Ʋ fa baa, ‘Nɩɩ dʋŋ nɛ Gyɔɔŋ kaŋ kɩ fo nala wɩɩkyʋwalnɩɩ, amɛ ŋ kɛ sɩ kpa Wiyesi Welii hʋ fo ma wɩɩkyʋwalnɩɩ.’"
17,God gave those Gentiles the same gift that he gave us when we put our faith in the Lord Jesus Christ. So how could I have gone against God?,"Ɛɛ hʋ Wɩɩsɩ gyɩ aa yaŋ kpa ʋ Wiyesi Welii hʋ we á tɩyaŋ saŋa hʋ tɩyaŋ á aa laa á Tɩɩna Yesu Krisita wɩya di, ɛɛ tɩɩ rɛ ʋ kpa ʋ we ba tɩyaŋ mɛ. Mɩyaŋ nɛ yaŋ yaa aŋnɛ, ŋ aa sɩ tɔ Wɩɩsɩ ŋmanɩɩ dɩ ʋ ta yaa ʋ wɩkyɛɛlɩɩ.”"
18,"When they heard Peter say this, they stopped arguing and started praising God. They said, “God has now let Gentiles turn to him, and he has given life to them!” The Church in Antioch","Ba aa nɩɩ wɩya no, ba bɩl bɩ wuwo basɩ wɩɩ buloŋ. Nyɛ rɛ ba dannɩ Wɩɩsɩ a baa, “Wɩɩsɩ tɩya nala mɛ aa bɩ yaa Gyuuma ŋmanɩɩ rɛ dɩ ba mɛ wuwo bɩrɩmɩ lɩɩ ba wɩbɔmɔ tɩyaŋ, aŋ kaŋ mɩɩbol hʋ aa bɩ kaŋ tenii.” Nala hʋ aa laa Yesu wɩya di aŋ kɩ laŋŋɩ Aŋtiyɔki tɩyaŋ"
19,"Some of the Lord's followers had been scattered because of the terrible trouble that started when Stephen was killed. They went as far as Phoenicia, Cyprus, and Antioch, but they told the message only to the Jews.","Ba aa kpʋʋ Sɩtɩɩvɩŋ hal tɩyaŋ, ɛɛ hʋ ba gyɩ aa dɔgɩsɩ nala hʋ aa laa Yesu wɩya di Gyerusalɛm tɩyaŋ gyɩ leŋ ba gyeniŋ buloŋ lɩɩ fá pɩsa mʋ leye rɛ. Ba tɩyaŋ, badɔmɔŋ gyɩ mʋʋ pele Fɔniisɩya abee Saapʋrɔsɩ paalʋʋ rɛ, abee tɔɔ hʋ ba aa yɩrɩ Aŋtiyɔki. Doŋ tɩyaŋ ba basɩ Wɩɩsɩ wɩya a kɩ tɩya Gyuuma hʋ dʋŋ aa we doŋ."
20,Some of the followers from Cyprus and Cyrene went to Antioch and started telling Gentiles the good news about the Lord Jesus.,"Amɛ nala hʋ badɔmɔŋ aa laa Yesu wɩya di Saapʋrɔsɩ abee Sariini tɩyaŋ sii mʋ Aŋtiyɔki, a basɩ á Tɩɩna Yesu wɩweliye hʋ a kɩ tɩya nala hʋ mɛ aa bɩ yaa Gyuuma."
21,"The Lord's power was with them, and many people turned to the Lord and put their faith in him.","Wɩɩsɩ gyɩ pɛɛ ba tɩyaŋ nɛ, a sɩŋ ba hal mɛ. Ɛɛ rɛ nala yʋga gyɩ laa Yesu wɩya di a bɩrɩmɩ kɩ tɩŋa ʋ."
22,News of what was happening reached the church in Jerusalem. Then they sent Barnabas to Antioch.,Nyɛ rɛ wɩɩ no duwoso gyɩ pele Yesu hatɩnna hʋ aa we Gyerusalɛm tɩyaŋ. Ba sii tɩŋ Banabaasɩ dɩ ʋ mʋ Aŋtiyɔki na.
23,"When Barnabas got there and saw how God had blessed them with undeserved grace, he was very glad. So he begged them to remain faithful to the Lord with all their hearts.","Ʋ gyɩ aa mʋwa, ʋ naa ɛɛ hʋ Wɩɩsɩ aa pɛɛ nala hʋ tɩyaŋ nɛ. Ʋ teŋ buloŋ gyɩ fɩyɛlɩ. Ʋ basɩ wɩya kyagɩlɩ ba weliŋ aŋ baa dɩ ba sɩŋ á Tɩɩna Yesu laadii tɩyaŋ abee ba tɩsɩ buloŋ aŋ ta ko kpa kɩ ta."
24,"Barnabas was a good man of great faith, and he was filled with the Holy Spirit. Many more people turned to the Lord.","Banabaasɩ fa yaa tɩpʋlʋŋ tɩɩna rɛ, a fa laa Wɩɩsɩ di weliŋ. Wɩɩsɩ Wiyesi Welii hʋ mɛ fa we ʋ tɩyaŋ weliŋ. Ɛɛ nyuniŋ, nala gyɩ yʋga rɛ a ko laa Yesu wɩya di."
25,Barnabas went to Tarsus to look for Saul.,"Nyɛ rɛ Banabaasɩ sii mʋ Taasu, dɩ ʋ kyɛ Sɔɔl lee."
26,"He found Saul and brought him to Antioch, where they met with the church for a whole year and taught many of its people. There in Antioch the Lord's followers were first called Christians.","Ʋ aa mʋʋ na ʋ, ʋ kana ʋ, ba buloŋ mɩɩgɩ ko Aŋtiyɔki. Banabaasɩ bee Sɔɔl buloŋ gyɩ hɔŋ doŋ nɛ bɩŋpiliŋ. Ba bee nɩgyamaa hʋ aa laa Yesu wɩya di aa vala kɩ laŋŋɩ saŋa buloŋ, ba kɩ daga nala hʋ Wɩɩsɩ wɩya. Aŋtiyɔki tɩyaŋ nɛ ba gyɩ piili kaŋ Yesu hatɩnna kɩ yɩrɩ Krisitabiisi."
27,During this time some prophets from Jerusalem came to Antioch.,Saŋa no tɩyaŋ nɛ Wɩɩsɩ tɩŋdaala badɔmɔŋ mɛ lɩɩ Gyerusalɛm a ko Aŋtiyɔki.
28,"One of them was Agabus. Then with the help of the Spirit, he told that there would be a terrible famine everywhere in the world. And it happened when Claudius was Emperor.","Ba kɩdɩgɩ feŋ nɛ Agabu. Nyɛ rɛ ʋ sii sɩŋ a tɩya Wɩɩsɩ tɩŋdarɩ, a baa dɩ losiŋbɔŋ sɩ gyʋʋ dʋnɩya buloŋ."
30,So they appointed Barnabas and Saul to take their gifts to the church leaders in Jerusalem.,"Ɛɛ rɛ ba kɩyɛsɩ molbiye no ko pɛ dɔmɔŋ, a kpa tɩya Banabaasɩ bee Sɔɔl dɩ ba kaŋ mʋ tɩya Krisitabiisi nɩhɩyasɩ hʋ aa we Gyerusalɛm tɩyaŋ."
1,At that time King Herod caused terrible suffering for some members of the church.,"Saŋa no tɩyaŋ, Gyuuma paalʋʋ kuworibal feŋ nɛ fa yaa Hɛrɔtɩ. Ɛɛ rɛ ʋ mɛ sii piili a kɩ dɔgɩsɩ Krisitabiisi hʋ badɔmɔŋ."
2,"He ordered soldiers to cut off the head of James, the brother of John.","Ʋ gyɩ leŋ ba kaŋ Gyɔɔŋ maana Gyemsi rɛ, a keri ʋ nyuu abee takoobii."
3,"When Herod saw that this pleased the Jewish people, he had Peter arrested during the Festival of Thin Bread.","Ʋ gyɩ aa na dɩ Gyuuma hʋ teŋ fɩyɛla abee wɩɩ hʋ ʋ aa yaa tɩyaŋ, ʋ bɩl leŋ ba kaŋ Piita mɛ tɔ dɩyaŋ. ."
5,"While Peter was being kept in jail, the church never stopped praying to God for him. Peter Is Rescued","Piita gyɩ we nɩtɔdɩya hʋ tɩyaŋ nɛ, ka Krisitabiisi hʋ aa laŋŋɩ saŋa buloŋ, a kyʋwalɩ Wɩɩsɩ kɩ tɩya ʋ sɩfɩyaŋ abee ba tɩsɩ buloŋ. Malɩka lɩɩ Piita nɩtɔdɩya hʋ tɩyaŋ"
6,"The night before Peter was to be put on trial, he was asleep and bound by two chains. A soldier was guarding him on each side, and two other soldiers were guarding the entrance to the jail.","Nyɛ rɛ kyɛɛ kɩdɩgɩ tebine, Piita gyɩ pɩŋ laalyuwol hʋ aa deŋ ʋ balɩya tʋtʋʋ, ka ba kaŋ kyɔrʋmɔ balɩya vʋwa ʋ a mʋ mal ba kɩdɩgɩ buloŋ tɩyaŋ. Ka laalyuwolo mɛ ha sɩŋ pɔ nɩtɔdɩya hʋ dimbeenyʋwa. Ʋ sɩya rɛ fa sɩ sii gballɩ dɩ Hɛrɔtɩ lɩɩ ʋ nɩtɔdɩya hʋ tɩyaŋ a tɩya bee hʋ nala dɩ ba di ʋ sarɩya."
7,"Suddenly an angel from the Lord appeared, and light flashed around in the cell. The angel poked Peter in the side and woke him up. Then he said, “Quick! Get up!” The chains fell off his hands,","Nyɛ rɛ malɩka kɩdɩgɩ pirigi ko sɩŋ Piita lee. Nɩtɔdɩya hʋ buloŋ kyaanɩ. Nyɛ rɛ malɩka hʋ ko pɩyɛsɩ Piita vaaŋ tɩyaŋ, a kyisi ʋ, a basɩ tɩya ʋ dɩ ʋ sii lagɩ. Nyɛ rɛ kyɔrʋmɔ hʋ pirigi yɔrɩmɩ lɩɩ Piita nosi tɩyaŋ a tuu tele."
8,"and the angel said, “Get dressed and put on your sandals.” Peter did what he was told. Then the angel said, “Now put on your coat and follow me.”","Ɛɛ rɛ malɩka hʋ basɩ tɩya ʋ a baa, “Sii paa ɩ kɩna laalɩ aŋ paa ɩ naatɔbɔ mɛ we. Doŋ nɛ Piita yaa gɛɛ. Malɩka hʋ bɩl basɩ tɩya ʋ a baa, ‘Kpa ɩ wagyɛ tɔ, a kɩ tɩŋa ŋ hal.”’"
10,"They went past the two groups of soldiers, and when they came to the iron gate to the city, it opened by itself. They went out and were going along the street, when all at once the angel disappeared.","Ba mʋ gallɩ laalyuwolo hʋ aa sɩŋ sɩya a kɩ deŋ nɩtɔdɩya hʋ a bɩl mʋ gallɩ laalyuwolo hʋ badɔmɔŋ mɛ aa sɩŋ hal a mɛ ha kɩ deŋ nɩtɔdɩya hʋ, a mʋ pele hɔgɩ boro hʋ aa tɔɔ pagɩbal hʋ aa gyʋʋ bee hʋ. Ɛɛ rɛ boro hʋ suri ʋ tɩɩ tɩyaŋ ba mʋ lɩɩ. Ba lɩɩ kpa ŋmanɩɩ kɩdɩgɩ a vala kɩ mʋ. Ba aa kpa vala mʋhʋ malɩka hʋ leŋ Piita ta doŋ, aŋ mʋ."
11,"Peter now realized what had happened, and he said, “I am certain that the Lord sent his angel to rescue me from Herod and from everything the Jewish leaders planned to do to me.”","Doŋ tɩyaŋ nɛ Piita hakɩla yaŋ ko, ʋ gyɩma anɩɩ wɩya hʋ aa yaa hʋ yaa wɩtɩɩ rɛ. Ɛɛ rɛ ʋ baa, “Nyɛ kɛ, ŋ gyɩma anɩɩ Wɩɩsɩ rɛ tɩŋ ʋ malɩka dɩ ʋ ko laa ŋ ta Kuwori Hɛrɔtɩ nosi tɩyaŋ abee wɩbɔmɔ hʋ buloŋ Gyuuma hʋ fa aa liisi dɩ ba yaa ŋ.”"
12,Then Peter went to the house of Mary the mother of John whose other name was Mark. Many of the Lord's followers had come together there and were praying.,"Piita aa ko gyɩŋ nyɛ tɩyaŋ, ʋ kpa mʋ Gyɔɔŋ Maakɩ nɩɩna Mɛɛrɩ dɩya. Ʋ mʋʋ doŋ dɩ nɩgyamaa laŋŋa a kɩ kyʋwalɩ Wɩɩsɩ."
14,"When she heard Peter's voice, she was too excited to open the gate. She ran back into the house and said Peter was standing there.","Ʋ aa ko nɩɩ tɩɩna taal, ʋ gyɩma anɩɩ Piita rɛ. Ʋ teŋ buloŋ fɩyɛlɩ kɩŋkaŋ. Ɛɛ rɛ ʋ bɩl bɩ suro boro hʋ, aŋ mɩɩgɩ fá gyʋʋ basɩ tɩya nala hʋ aa we dɩya hʋ tɩyaŋ anɩɩ Piita rɛ sɩŋ gyaŋhala tɩyaŋ."
15,"“You are crazy!” everyone told her. But she kept saying it was Peter. Then they said, “It must be his angel.”",Ɛɛ rɛ ba mɩɩgɩ basɩ tɩya ʋ dɩ ʋ aa yaarɩ rɛ. Ka ʋ ha vɩya aŋ baa dɩ wɩtɩɩ rɛ ʋ kɩ basɩ. Ɛɛ rɛ ba baa dɩ gɛɛ kɛ Piita dʋma rɛ ʋ na gɛɛ.
16,"But Peter kept on knocking, until finally they opened the gate. They saw him and were completely amazed.","Ba aa basɩ wɩya no buloŋ gɛɛ, ka Piita mɛ ha sɩŋ kɩ ŋmaa boro hʋ. Ɛɛ rɛ ba ko kaŋ boro hʋ suri dɩ ʋ rɛ sɩna gɛɛ, ba buloŋ nyʋʋsɩ fɩyɛlɩ kɩŋkaŋ."
17,"Peter motioned for them to keep quiet. Then he told how the Lord had led him out of jail. He also said, “Tell James and the others what has happened.” After that, he left and went somewhere else.","Ɛɛ rɛ Piita kaŋ ʋ noŋ viri ba dɩ ba leŋ kyagɩŋsɩ, aŋ basɩ tɩya ba ɛɛ hʋ Wɩɩsɩ aa lɩɩ ʋ nɩtɔdɩya hʋ tɩyaŋ. Ʋ baa dɩ ba basɩ wɩɩ no tɩya Gyemsi abee ba nɩkaalɩya hʋ mɛ aa laa Yesu wɩya di. Ʋ aa basɩ wɩya no buloŋ ko teŋ ʋ leŋ ba aŋ mʋ lee kɩdɩgɩ."
18,The next morning the soldiers who had been on guard were terribly worried and wondered what had happened to Peter.,"Ʋ sɩya aa gballa kyɩkyʋwala ba kyɛ Piita lɔlɔ. Ɛɛ rɛ nyʋʋtaaduwo gyʋʋ ba, ba hakɩllɩ buloŋ vʋgɩmɩ, ba kɩ pɩyɛsɩ dɔmɔŋ anɩɩ lee rɛ Piita we?"
19,"Herod ordered his own soldiers to search for him, but they could not find him. Then he questioned the guards and had them put to death. After this, Herod left Judea to stay in Caesarea for a while. Herod Dies","Ɛɛ rɛ Kuwori Hɛrɔtɩ baa dɩ ba kyɛ kaŋ Piita ko. Nyɛ rɛ ba kyɛ ʋ lɔlɔ. Kuwori Hɛrɔtɩ marɩ pɩyɛsɩ laalyuwolo hʋ dɩ ʋ gyɩŋ ɛɛ hʋ wɩya hʋ aa vala, aŋ baa dɩ ba kpʋ ba. Ɛɛ hal tɩyaŋ nɛ Kuwori Hɛrɔtɩ sii Gyudɩya paalʋʋ tɩyaŋ, a kpa mʋ Sizaariya, a hɔŋ doŋ. Ɛɛ kuwori Hɛrɔtɩ aa sʋba"
20,"Herod and the people of Tyre and Sidon were very angry with each other. But their country got its food supply from the region that he ruled. So a group of them went to see Blastus, who was one of Herod's high officials. They convinced Blastus that they wanted to make peace between their cities and Herod,","Saŋa no tɩyaŋ, Kuwori Hɛrɔtɩ gyɩ naa baaŋ nɛ kɩŋkaŋ Taaya bee Siidɔŋ tɩmma nyuu tɩyaŋ. Ɛɛ rɛ ba sii yaa nyʋʋdɩgɩ mʋ dɩ ba na Kuwori Hɛrɔtɩ. Nyɛ rɛ ba laa sɩya mʋ na Bilasitu, nal hʋ aa deŋ Kuwori hʋ dɩya, dɩ ʋ pɛ ba tɩyaŋ. Ɛɛ rɛ ʋ laa nyʋwa dɩ ʋ sɩ pɛ ba tɩyaŋ. Nyɛ rɛ ba kpa mʋ Hɛrɔtɩ lee, a sʋla ʋ dɩ ʋ leŋ dɩ ba beel-ʋ mɩɩgɩ marɩ dɔmɔŋ. Kuwori Hɛrɔtɩ paalʋʋ rɛ Taaya bee Siidɔŋ tɩmma kɩdiiliye fa aa lɩɩ kɩ ko. Ɛɛ rɛ tɩŋ ba gyɩ ko dɩ ba beel-ʋ mɩɩgɩ marɩ dɔmɔŋ gɛɛ."
21,and a day was set for them to meet with him. Herod came dressed in his royal robes. He sat down on his throne and made a speech.,"Nyɛ rɛ Kuwori Hɛrɔtɩ tɩya ba kyɛɛ dɩ ba ko. Kyɛɛ hʋ aa ko pele, Kuwori Hɛrɔtɩ sii laalɩ ʋ kuwori gannɩ a lɩɩ hɔŋ ʋ kuworikpasa nyuu tɩyaŋ a basɩ wɩya kɩ tɩya nala hʋ."
22,"The people shouted, “You speak more like a god than a man!”","Ɛɛ rɛ nala hʋ buloŋ kyɩɩrɩ yʋga, a kɩ basɩ, “Nihuwobiŋ wɩbasɩɩ daa nyɛ, Wɩɩsɩ rɛ aa basɩ.”"
23,"At once an angel from the Lord struck him down because he took the honor that belonged to God. Later, Herod was eaten by worms and died.","Ba gyɩ aa basɩ gɛɛ, Kuwori Hɛrɔtɩ gyɩ bɩ basɩ tɩya ba anɩɩ ʋ bɩ yaa Wɩɩsɩ, aŋ mɩɩgɩ laa Wɩɩsɩ yohuŋ tɩya ʋ tɩɩ. Ɛɛ rɛ tɩŋ, haŋ lagɩlagɩbiye hʋ, malɩka ko tuu ŋmaa ʋ biŋ wɩɩla, kyaaŋkyʋwana gyʋʋ kpa ʋ tɩya buloŋ di ʋ sʋba."
25,"And after Barnabas and Saul had done the work they were sent to do, they went back to Jerusalem with John, whose other name was Mark.","Saŋa no tɩyaŋ, dɩ Banabaasɩ bee Sɔɔl mɛ gyɩ teŋ wɩɩ hʋ ba aa ko Gyerusalɛm dɩ ba yaa rɛ. Ɛɛ rɛ ba kaŋ Gyɔɔŋ Maakɩ pɛ ba tɩyaŋ, a mɩɩgɩ mʋ Aŋtiyɔki."
1,"The church at Antioch had several prophets and teachers. They were Barnabas, Simeon, also called Niger, Lucius from Cyrene, Manaen, who was Herod's close friend, and Saul.","Krisitabiisi hʋ aa we Aŋtiyɔki tɩyaŋ, ba badɔmɔŋ fa yaa Wɩɩsɩ tɩŋdaala rɛ, badɔmɔŋ mɛ fa yaa nala hʋ aa daga Yesu hatɩnna hʋ. Ba fene rɛ nyɛ: Banabaasɩ abee Simiyɔŋ , abee Lusɩya aa lɩɩ Sariini paalʋʋ, abee Sɔɔl, a yaŋ bee Meniyaŋ. ."
2,"While they were worshiping the Lord and going without eating, the Holy Spirit told them, “Appoint Barnabas and Saul to do the work for which I have chosen them.”","Nyɛ rɛ kyɛɛ kɩdɩgɩ, nala no sii vʋwa nyʋwa, a kɩ kyʋwalɩ Wɩɩsɩ. Ɛɛ tɩyaŋ nɛ Wɩɩsɩ Wiyesi Welii hʋ basɩ tɩya ba a baa, “Ma lɩɩ Banabaasɩ bee Sɔɔl tɩya ŋ. Ŋ lɩɩ ba rɛ dɩ ba tʋŋ ŋ tʋma tɩya ŋ.”"
3,"Everyone prayed and went without eating for a while longer. Next, they placed their hands on Barnabas and Saul to show that they had been appointed to do this work. Then everyone sent them on their way. Barnabas and Saul in Cyprus","Nyɛ rɛ ba vʋwa nyʋwa, a kpa nosi dɔbɔ ba nyuni tɩyaŋ, a kyʋwalɩ Wɩɩsɩ tɩya ba, aŋ na ta ba ba lɩɩ ŋmanɩɩ. Banabaasɩ bee Sɔɔl mʋʋ Saapʋrɔsɩ"
4,"After Barnabas and Saul had been sent by the Holy Spirit, they went to Seleucia. From there they sailed to the island of Cyprus.","Wɩɩsɩ Wiyesi Welii hʋ aa tɩŋ Banabaasɩ bee Sɔɔl gɛɛ, ba sii kpa tuu mʋ tɔɔ kɩdɩgɩ aa sɩŋ mpʋwɔnʋʋ nyʋwa, ba kɩ yɩrɩ Selusɩya. Doŋ tɩyaŋ nɛ ba sɩŋ kpa nɩɩduworiboribal, a mʋ Saapʋrɔsɩ paalʋʋ. Nɩɩ fa gol Saapʋrɔsɩ paalʋʋ buloŋ nɛ ko baŋ kyeme."
6,"Barnabas and Saul went all the way to the city of Paphos on the other end of the island, where they met a Jewish man named Bar-Jesus. He practiced witchcraft and was a false prophet.","Nyɛ rɛ ba gɔllɩ Saapʋrɔsɩ paalʋʋ buloŋ, a mʋ pele tɔɔ kɩdɩgɩ ba aa yɩrɩ Paafɔsɩ. Doŋ tɩyaŋ nɛ ba gyɩ na daaluliye tɩɩna kɩdɩgɩ ba aa yɩrɩ Baa-Yesu. . Ʋ fa yaa Gyuu rɛ, a gyɩ kɩ mʋrɩ nala anɩɩ ʋ yaa Wɩɩsɩ tɩŋdaal lɛ."
7,"He also worked for Sergius Paulus, who was very smart and was the governor of the island. Sergius Paulus wanted to hear God's message, and he sent for Barnabas and Saul.",Roma nɩhɩyawʋ hʋ fa aa deŋ doŋ paalʋʋ ba kɩ yɩrɩ Sɛɛgyiyo Pawulo dɩya tɩyaŋ nɛ ʋ fa we. Sɛɛgyiyo Pawulo fa kaŋ wɩgyʋŋ nɛ weliŋ. Nyɛ rɛ ʋ yɩrɩ Banabaasɩ bee Sɔɔl dɩ ba ko ʋ dɩya. Beewɩya ʋ fa aa kyɛ dɩ ba ko basɩ Wɩɩsɩ wɩya tɩya ʋ rɛ.
8,"But Bar-Jesus, whose other name was Elymas, was against them. He even tried to keep the governor from having faith in the Lord.","Ɛɛ rɛ Ɛlimasɩ, daaluliye hʋ tɩɩna, sii kpa nyʋʋtaaduwo gyʋʋ Sɔɔl ma wɩbasɩɩ hʋ tɩyaŋ, a kɩ lʋga dɩ ʋ mʋrɩ Sɛɛgyiyo Pawulo dɩ ʋ ta laa Yesu wɩya di. ."
9,"Then Saul, better known as Paul, was filled with the Holy Spirit. He looked straight at Elymas","Ɛɛ rɛ Wɩɩsɩ Wiyesi Welii hʋ ko gyʋʋ Sɔɔl tɩyaŋ. . Ɛɛ rɛ ʋ gɩyɛnɩ daaluliye hʋ tɩɩna,"
10,"and said, “You son of the devil! You are a liar, a crook, and an enemy of everything that is right. When will you stop speaking against the true ways of the Lord?","aŋ basɩ tɩya ʋ a baa, “Ɛɛ dɔŋ Sɩtaanɩ biye, Ɩ kɛ bɩ sɩŋ pɔ dɩ wɩwelii buloŋ yaa. Ɩ yaa gyambatɩɩna rɛ, a yaa nɩbɔmɔ buloŋ kuwori. Ɩ lʋgɩ buloŋ nɛ yaa dɩ ɩ kaŋ Wɩɩsɩ wɩtɩɩ hʋ bɩrɩmɩ kyige dɩ ʋ bɩrɩmɩ wɩnyɩyɛl."
11,"The Lord is going to punish you by making you completely blind for a while.” Suddenly the man's eyes were covered by a dark mist, and he went around trying to get someone to lead him by the hand.","Yaŋ kɩ gyɩma, Wɩɩsɩ sɩ ko ɩ tɩyaŋ, dɩ ɩ nyʋlɩmɩ, a maga magɩɩ kɩdɩgɩ aŋ na na pʋlʋŋ.” Pɔɔl aa basɩ nyɛ teŋ, Ɛlimasɩ pirige baa dɩ ʋ deŋ, dɩ bilhuu kɩdɩgɩ ko tɔ ʋ sɩya, ʋ nyʋlɩmɩ. Ʋ teŋ sii gɔllɩ lannɩ kɩ kyɛ nal dɩ ʋ kaŋ ʋ noŋ tɩyaŋ."
12,"When the governor saw what had happened, he was amazed at this teaching about the Lord. So he put his faith in the Lord. Paul and Barnabas in Antioch of Pisidia","Roma nɩhɩyawʋ hʋ aa naa wɩɩ hʋ aa yaa, ʋ sɩŋ doŋ laa Yesu wɩya di. Beewɩya, á Tɩɩna Yesu Krisita wɩya hʋ buloŋ ba aa basa fa yaa ʋ nyʋʋfɩyɛlɩ lɛ. Banabaasɩ bee Pɔɔl mʋʋ Aŋtiyɔki hʋ aa we Pisidɩya paalʋʋ tɩyaŋ"
13,Paul and the others left Paphos and sailed to Perga in Pamphylia. But John left them and went back to Jerusalem.,"Nyɛ rɛ Pɔɔl bee ʋ hatɩnna hʋ sii gyʋʋ nɩɩduworiboribal, a lɩɩ Paafɔsɩ tɩyaŋ, a kpa mʋ tɔɔ kɩdɩgɩ ba aa yɩrɩ Pɛɛga, a we Pamfilɩya paalʋʋ tɩyaŋ. Doŋ nɛ Gyɔɔŋ Maakɩ kɛ ta ba, aŋ mɩɩgɩ mʋ Gyerusalɛm."
14,The rest of them went on from Perga to Antioch in Pisidia. Then on the Sabbath they went to the synagogue and sat down.,"Ba mɛ sii doŋ, a kpa mʋ Aŋtiyɔki aa we Pisidɩya paalʋʋ tɩyaŋ. Kyɛwiyesii hʋ kyɛɛ ko baŋ pele, ba sii mʋ Gyuuma wɩɩkyʋwaldɩya."
17,"The God of Israel chose our ancestors, and he let our people prosper while they were living in Egypt. Then with his mighty power he led them out,","Wɩɩsɩ hʋ ámaa Iziral tɩmma aa kyʋwalɩ, ʋ rɛ lɩɩ á naabaala, a leŋ ba wala, a yaa paalʋʋ piliŋ nala, saŋa hʋ ba gyɩ aa yaa nɩhʋwala Igyipiti paalʋʋ tɩyaŋ. Ʋ dee tɩyaŋ nɛ ʋ kaŋ ba lɩɩ Igyipiti paalʋʋ tɩyaŋ."
40,"Make sure what the prophets have said doesn't happen to you. They said,","Ma fɩyɛlɩ ma sɩya weliŋ, dɩ wɩya hʋ Wɩɩsɩ tɩŋdaala fa aa basa ta ko di ma. Ba baa,"
19,He destroyed seven nations in the land of Canaan and gave their land to our people.,"Ʋ gyɩ leŋ ba yuwo laa paalʋʋbala bapɛ rɛ Keenaŋ paalʋʋ tɩyaŋ, ba bɩrɩmɩ ba kɩna. Wɩya no buloŋ gyɩ yaa rɛ bɩsɩ kɔɔsɩbanaa abee mɔllɩbalɩya bee fi paga tɩyaŋ."
22,"Later, God removed Saul and let David rule in his place. God said about him, “David the son of Jesse is the kind of person who pleases me most! He does everything I want him to do.”","Ɛɛ hal tɩyaŋ nɛ Wɩɩsɩ wuri koro hʋ, aŋ mɩɩgɩ leŋ Deviti di. Nyɛ rɛ Wɩɩsɩ gyɩ basɩ Deviti wɩya. Ʋ baa, ‘Gyesi biibaal Deviti rɛ yaa ŋ teŋfɩyɛl nal. Ʋ rɛ sɩ yaa wɩɩ hʋ kɛ buloŋ ŋ aa kyɛ dɩ ʋ yaa.’"
23,"God promised that someone from David's family would come to save the people of Israel, and this one is Jesus.","Deviti doho nala tɩyaŋ nɛ Yesu mɛ lɩɩ. Wɩɩsɩ rɛ leŋ ʋ ko yaa Iziral tɩmma laataal, anɩɩ ʋ fa aa wee nyʋwa gɛɛ."
24,"But before Jesus came, John was telling everyone in Israel to turn back to God and be baptized.","Ka dɩ Yesu mɛ na ko, Gyɔɔŋ fa basɩ Wɩɩsɩ wɩya tɩya Iziral tɩmma buloŋ nɛ. Ʋ basɩ tɩya ba rɛ dɩ ba bɩrɩmɩ lɩɩ ba wɩbɔmɔ tɩyaŋ ka dɩ ʋ fo ba wɩɩkyʋwalnɩɩ."
25,"Then, when John's work was almost done, he said, “Who do you people think I am? Do you think I am the Promised One? He will come later, and I am not good enough to untie his sandals.”","Gyɔɔŋ tʋma aa ko kpaga tenii, ʋ pɩyɛsɩ nala hʋ rɛ a baa, ‘Kɩbee rɛ ma bɩɩnɩ dɩ ŋ yaa? Ŋ daa yaa nal hʋ ma aa gyegili dɩ ʋ ko hʋ. Ʋ rɛ sɩ tɩŋ ŋ hal ko. Ŋ mɛ gba paalɩ bɩ maga dɩ ŋ kaŋ haŋ nal hʋ naatɔbɔ ŋmasɩ mɛ gba puri!’"
26,"Now listen, you descendants of Abraham! Pay attention, all of you Gentiles who are here to worship God! Listen to this message about how to be saved, because it is for everyone.","Ŋ naabalɩya, Abɩraham doho nala abee ma nala hʋ aa bɩ yaa Gyuuma aŋ kɩ kyʋwalɩ Wɩɩsɩ, ámaa rɛ ba basɩ wɩya hʋ aa daga ɛɛ hʋ Wɩɩsɩ aa sɩ laa ma ta, a tɩya gɛɛ."
27,The people of Jerusalem and their leaders didn't realize who Jesus was. And they didn't understand the words of the prophets they read each Sabbath. So they condemned Jesus just as the prophets had said.,"Yesu aa ko, nala hʋ aa we Gyerusalɛm tɩyaŋ abee ba nɩhɩyasɩ buloŋ fa bɩ gyɩma anɩɩ ʋ rɛ yaa á laataal hʋ. Ba mɛ fa bɩ gyɩŋ Wɩɩsɩ tɩŋdaala hʋ wɩbasɩɩ memii, abee wɩya hʋ ba fa aa kɩ karɩmɩ Kyɛwiyesii kyɛɛ buloŋ. Ɛɛ rɛ tɩŋ ba kpʋ Yesu, a leŋ Wɩɩsɩ tɩŋdaala wɩbasɩya hʋ ko yaa wɩtɩɩ."
29,"They did exactly what the Scriptures said they would. Even though they couldn't find any reason to put Jesus to death, they still asked Pilate to have him killed. After Jesus had been put to death, he was taken down from the cross and placed in a tomb.","Wɩya hʋ buloŋ ba aa saba Wɩɩsɩ teŋ tɩyaŋ anɩɩ ba sɩ yaa Yesu, ba buloŋ nɛ ba yaa ʋ. Ɛɛ hal tɩyaŋ, ba yaŋ lallɩ ʋ daagarɩɩ hʋ tɩyaŋ, a kana ʋ mʋ hogo."
30,But God raised him from death!,Amɛ Wɩɩsɩ gyɩ kyisi ʋ rɛ sʋʋ tɩyaŋ.
31,Then for many days Jesus appeared to his followers who had gone with him from Galilee to Jerusalem. Now they are telling our people about him.,"Ʋ aa sii sʋʋ tɩyaŋ mɛ, ʋ kana ʋ tɩɩ ko daga nala hʋ fa aa tɩŋa ʋ tɩyaŋ a lɩɩ Galili mʋ Gyerusalɛm nɛ kyɛgyamaa. Lagɩlagɩ no, ba aa rɛ yaa ʋ daŋsɩya tɩmma, a basɩ ʋ wɩya kɩ tɩya Iziral tɩmma."
32,God made a promise to our ancestors. And we are here to tell you the good news,"Á mɛ ko daha rɛ dɩ á basɩ Wɩɩsɩ wɩweliye hʋ tɩya ma. Wɩɩ hʋ Wɩɩsɩ aa wee nyʋwa tɩya á naabaala dɩ ʋ sɩ yaa,"
34,"God raised Jesus from death and will never let his body decay. It is just as God said, “I will make to you the same holy promises that I made to David.”","Wɩɩsɩ Teŋ lee kɩdɩgɩ tɩyaŋ, Wɩɩsɩ bɩl basɩ ɛɛ hʋ ʋ aa sɩ kyisi Yesu sʋʋ tɩyaŋ nɛ, a ta leŋ dɩ ʋ pʋw bʋwa tɩyaŋ, a baa, ‘Ŋ kɔnɩ sɩ pɛ ma weliŋ anɩɩ ŋ fa aa wee nyʋwa tɩya Deviti gɛɛ.’"
35,"And in another psalm it says, “God will never let the body of his Holy One decay.”","Logiŋ dɩgɩ tɩyaŋ mɛ bɩla, ba bɩl saba rɛ, a baa, ‘I bɩ sɩ leŋ dɩ Ɩ Tɩpʋlʋŋ Tɩɩna sʋba a pʋw bʋwa tɩyaŋ.’"
36,"When David was alive, he obeyed God. Then after he died, he was buried in the family grave, and his body decayed.","Deviti fa tɩŋ Wɩɩsɩ kyɛrɩ rɛ ʋ mɩɩbol buloŋ tɩyaŋ, aŋ ko sʋba. Ba kpa ʋ hogo pɛ ʋ naabaala tɩyaŋ, ʋ pʋwa."
37,"But God raised Jesus from death, and his body did not decay.","Amɛ nal hʋ kɛ Wɩɩsɩ aa kyise sʋʋ tɩyaŋ, ʋ bɩ pʋw bʋwa tɩyaŋ."
38,"My friends, the message is that Jesus can forgive your sins! The Law of Moses could not set you free from all your sins.","Ŋ naabalɩya, á aa kyɛ dɩ ma gyɩma weliŋ nɛ anɩɩ baal no lahɔrʋmɔ tɩyaŋ nɛ á wuwo gyɩŋ ɛɛ hʋ Wɩɩsɩ aa kpa wɩbɔmɔ kɩ kyɛ nala, á mɛ wuwo basɩ kɩ tɩya ma nyɛ."
41,"“Look, you people who make fun of God! Be amazed and disappear. I will do something today that you won't believe, even if someone tells you about it!”","‘Ma nala hʋ aa mʋŋ Wɩɩsɩ, ma kɩ gyɩma weliŋ. Wɩɩ hʋ ŋ aa sɩ yaa ma mɩɩbol tɩyaŋ, ma bɩ sɩ laa di, haalɩ dɩ nal mɛ rɛ fa basɩ tɩya ma mɛ, ka ma bee gyɩma ʋ sɩɩ. Amɛ ʋ sɩ yaa ma wɩkperii a leŋ dɩ ma sʋba.”’"
42,"As Paul and Barnabas were leaving the synagogue, the people begged them to say more about these same things on the next Sabbath.","Pɔɔl bee Banabaasɩ aa basɩ wɩya no buloŋ teŋ, ba sii dɩ ba lɩɩ wɩɩkyʋwaldɩya hʋ tɩyaŋ. Ɛɛ rɛ nala hʋ sʋl ba dɩ ba bɩl mɩɩgɩ ko kyɛwiyesii no aa ko kyɛɛ, a bɩl marɩ basɩ wɩya no tɩya ba."
43,"After the service, many Jews and a lot of Gentiles who worshiped God went with them. Paul and Barnabas begged them all to remain faithful to God, who had treated them with undeserved grace.","Nala hʋ buloŋ aa ko lɩɩ wɩɩkyʋwaldɩya hʋ tɩyaŋ, ɛɛ rɛ Gyuuma abee nala hʋ buloŋ aa bɩ yaa Gyuuma, aŋ kɩ kyʋwalɩ Gyuuma Wɩɩsɩ sii giri tɩŋ Pɔɔl bee Banabaasɩ hal. Doŋ tɩyaŋ nɛ Pɔɔl bee Banabaasɩ basɩ wɩya yʋga a tɩya ba, aŋ kpaanɩ ba dɩ ba kpa ba wɩɩ buloŋ tɩya Wɩɩsɩ aŋ yelli Wɩɩsɩ dʋŋ."
44,The next Sabbath almost everyone in town came to hear the message about the Lord.,"Ʋ hal kyɛwiyesii hʋ kyɛɛ bɩl aa pele, bee hʋ nala gyeniŋ buloŋ nɛ gyɩ sii mʋ wɩɩkyʋwaldɩya hʋ dɩ ba nɩɩ Wɩɩsɩ wɩya."
45,"When the Jewish people saw the crowds, they were very jealous. They insulted Paul and spoke against everything he said.","Amɛ Gyuuma hʋ fa aa naa nɩgyamaa hʋ laŋŋa yʋga gɛɛ, ba tɩsɩ kɩ hɔllɩ. Ɛɛ rɛ ba sii kpa nyʋʋtaaduwo kyeŋ Pɔɔl, aŋ kɩ tʋʋsɩ ʋ, a kɩ kyogi ʋ feŋ."
46,But Paul and Barnabas bravely said: We had to tell God's message to you before we told it to anyone else. But you rejected the message! This proves that you don't deserve eternal life. Now we are going to the Gentiles.,"Ka Pɔɔl bee Banabaasɩ kɛ yeŋŋi ba wɩya, aŋ marɩ basɩ wɩya abee nyuduwo a baa, “Ʋ fa maga dɩ ba laa sɩya basɩ Wɩɩsɩ wɩya tɩya mamaa Gyuuma rɛ, amɛ ma bɩ laa di, aŋ baa dɩ ba yaa wɩnyɩyɛl lɛ. Nyɛ tɩyaŋ, ma daga anɩɩ ma bɩ maga dɩ ma kaŋ mɩɩbol aa bɩ kaŋ tenii rɛ gɛɛ. Ɛɛwɩya, á sɩ leŋ ma aŋ mʋ nala hʋ aa bɩ yaa Gyuuma lee."
47,"The Lord has given us this command, “I have placed you here as a light for the Gentiles. You are to take the saving power of God to people everywhere on earth.”","Beewɩya, Wɩɩsɩ basɩ tɩya ma Wɩɩsɩ Teŋ logiŋ kɩdɩgɩ tɩyaŋ nɛ anɩɩ gɛɛ rɛ á sɩ yaa. Ʋ baa, ‘Mɩyaŋ nɛ lɩɩ ma dɩ ma yaa nala hʋ aa bɩ yaa Gyuuma kyaanʋʋ, a daga ba ŋmanɩɩ hʋ ŋ aa sɩ tɩŋa a laa dʋnɩya nala buloŋ mɩɩbol ta.”’"
48,"This message made the Gentiles glad, and they praised what they had heard about the Lord. Everyone who had been chosen for eternal life then put their faith in the Lord.","Nala hʋ aa bɩ yaa Gyuuma aa nɩɩ wɩɩ no, ba tenni buloŋ fɩyɛlɩ, ba kɩ dannɩ Wɩɩsɩ abee wɩya hʋ ba aa nɩya. Nala hʋ mɛ Wɩɩsɩ aa lɩya dɩ ba kaŋ mɩɩbol hʋ aa bɩ kaŋ tenii, ba mɛ laa wɩya no di rɛ."
49,The message about the Lord spread all over this region.,Ɛɛ rɛ ka nɩgyamaa nɩɩ á Tɩɩna Yesu wɩya haŋ paalʋʋ hʋ tɩyaŋ buloŋ.
50,But the Jewish leaders went to some of the important men in the town and to some respected women who were religious. They turned them against Paul and Barnabas and started making trouble for them. They even chased them out of this part of the country.,"Amɛ Gyuuma hʋ sii mʋrɩ bee hʋ nɩhɩyasɩ abee habiibala hʋ aa kyʋwalɩ Wɩɩsɩ doŋ tɩyaŋ. Ba bee Gyuuma hʋ piili kɩ dɔgɩsɩ Pɔɔl abee Banabaasɩ, aŋ leŋ ba kil ba ta ba paalʋʋ hʋ tɩyaŋ."
51,Paul and Barnabas shook the dust from that place off their feet and went on to the city of Iconium.,"Pɔɔl bee Banabaasɩ piisi ba naasɩ taŋha ta, aŋ lɩɩ kpa mʋ Ikoniya. Ba aa piisi ba naasɩ taŋha ta hʋ daga anɩɩ bee hʋ nala yaa wɩɩ kyogi ba rɛ, ɛɛ wɩya, ba beel-ba bɩl bɩ pɛɛ wɩɩ buloŋ."
52,But the Lord's followers in Antioch were very happy and were filled with the Holy Spirit.,Ka Krisitabiisi aa we Aŋtiyɔki tɩyaŋ kɛ tenni buloŋ fɩyɛlɩ. Wɩɩsɩ Wiyesi Welii hʋ mɛ we ba tɩyaŋ weliŋ.
1,"Paul and Barnabas spoke in the synagogue in Iconium, just as they had done at Antioch, and many Jews and Gentiles put their faith in the Lord.","Ikoniya tɩyaŋ mɛ, Pɔɔl bee Banabaasɩ gyɩ bɩl sii mʋ gyʋʋ Gyuuma wɩɩkyʋwaldɩya rɛ, a kɩ basɩ Wɩɩsɩ wɩya. Ɛɛ hʋ ba aa basɩ Wɩɩsɩ wɩya doŋ tɩyaŋ leŋ nɩgyamaa ko laa Yesu wɩya di, Gyuuma abee Giriisi tɩmma buloŋ."
2,But the Jews who did not have faith in him made the other Gentiles angry and turned them against the Lord's followers.,"Amɛ Gyuuma hʋ aa bɩ laa Yesu wɩya di sii turo nala hʋ aa bɩ yaa Gyuuma we, ba baaŋ kɩ sii Yesu hatɩnna hʋ buloŋ aa we doŋ tɩyaŋ."
3,"Paul and Barnabas stayed there for a while, having faith in the Lord and bravely speaking his message. The Lord gave them the power to work miracles and wonders, and he showed that their message about his gift of undeserved grace was true.","Pɔɔl bee Banabaasɩ gyɩ hɔŋ doŋ tɩyaŋ pɩɩsɩ rɛ weliŋ, a kɩ basɩ á Tɩɩna Yesu wɩya abee nyuduwo saŋa buloŋ. Ɛɛ rɛ Yesu mɛ pɛ ba tɩyaŋ, a tɩya ba dee ba wuwo kɩ yaa wɩmagɩla abee wɩkperiye. Wɩya no rɛ leŋ nala hʋ ko gyɩma anɩɩ á Tɩɩna bɔnyɛ hʋ wɩya ba aa basɩ kɔnɩ yaa wɩtɩɩ rɛ."
4,"The people of Iconium did not know what to think. Some of them believed the Jewish group, and others believed the apostles.","Doŋ tɩyaŋ nɛ nyʋʋtaaduwo gyʋʋ bee hʋ nala, ba porigi leye balɩya. Badɔmɔŋ sɩŋ Gyuuma hʋ hal, ka badɔmɔŋ mɛ sɩŋ Yesu kpambɩsɩ hʋ hal."
5,"Finally, some Gentiles and Jews, together with their leaders, decided to make trouble for Paul and Barnabas and to stone them to death.","Ɛɛ rɛ nala hʋ aa bɩ yaa Gyuuma abee Gyuuma abee ba bee nɩhɩyasɩ sii yaa nyʋʋdɩgɩ dɩ ba dɔgɩsɩ Pɔɔl bee Banabaasɩ, aŋ yaga ba bee bʋwa."
7,"But when the two apostles found out what was happening, they escaped to the region of Lycaonia. They preached the good news there in the towns of Lystra and Derbe and in the nearby countryside. Paul and Barnabas in Lystra",a basɩ á Tɩɩna Yesu Krisita wɩya doŋ buloŋ tɩyaŋ. Banabaasɩ bee Pɔɔl mʋʋ basɩ Wɩɩsɩ wɩya Lisitira bee Dɛɛbi tɩyaŋ
8,In Lystra there was a man who had been born with paralyzed feet and had never been able to walk.,"Ba gyɩ aa mʋʋ Lisitira gɛɛ, dɩ gbarɩgɩ kɩdɩgɩ we doŋ. Ba gyɩ lʋla ʋ bee gbarɩgɩsɩ rɛ. Ɛɛ wɩya ʋ ha bɩ maakyiye vala na."
9,"The man was listening to Paul speak, when Paul saw that he had faith in Jesus and could be healed. So he looked straight at the man","Ʋ mɛ gyɩ hɔŋ gyamaa hʋ tɩyaŋ nɛ, a kɩ gyegili wɩya hʋ Pɔɔl gyɩ aa basɩ. Ɛɛ rɛ Pɔɔl deŋ ʋ gɛɛ sɩrɩtɩtɩ, a na dɩ gbarɩgɩ hʋ laa di ʋ tɩya tɩyaŋ anɩɩ Yesu rɛ sɩ wuwo tɩɩbɩ ʋ."
11,"When the crowd saw what Paul had done, they yelled out in the language of Lycaonia, “The gods have turned into humans and have come down to us!”","Gyamaa hʋ buloŋ fa aa laŋŋa aa na wɩɩ hʋ Pɔɔl aa yaa, ba piili kɩ yaa kyagɩŋsɩ a kɩ basɩ bee ba taal tɩyaŋ a baa, “Á tɔdʋnnɩ hʋ rɛ bɩrɩmɩ nihuwobisi a ko á lee.”"
12,"The people then gave Barnabas the name Zeus, and they gave Paul the name Hermes, because he did the talking.","Ɛɛ rɛ ba baa dɩ Banabaasɩ rɛ yaa Zeeyosi, ka Pɔɔl mɛ yaa Hɛɛmɩsɩ. . Pɔɔl fa aa basɩ wɩya hʋ buloŋ nɛ tɩŋ ba baa dɩ ʋ rɛ yaa Hɛɛmɩsɩ gɛɛ."
13,The temple of Zeus was near the entrance to the city. Its priest and the crowds wanted to offer a sacrifice to Barnabas and Paul. So the priest brought some bulls and flowers to the city gates.,"Zeeyosi toŋo fa sɩŋ bee hʋ samanɩ tɩyaŋ nɛ, ba aa mʋ kɩ marɩ. Nyɛ rɛ toŋo hʋ tɩɩna sii kaŋ nɔbolli abee tɩɩfɩɩla a kaŋ ko Zeeyosi vʋgɩmarɩ dɩya hʋ dimbeenyʋwa. Doŋ nɛ bee hʋ nala buloŋ laŋŋɩ, a kɩ kyɛ dɩ ba marɩ vʋga no tɩya Pɔɔl bee Banabaasɩ."
14,"When the two apostles found out about this, they tore their clothes in horror and ran to the crowd, shouting:","Banabaasɩ bee Pɔɔl aa ko nɩɩ wɩɩ hʋ ba aa kyɛ dɩ ba yaa, ba kaŋ ba tɩɩ gannɩ kɩyɛsɩ, , aŋ fá gyʋʋ nala hʋ tɩyaŋ a heeli kɩ basɩ,"
16,"In times past, God let each nation go its own way.","Faafaa hʋ tɩyaŋ, Wɩɩsɩ fa leŋ á naabaala ta rɛ ba kɩ tɩŋ ba tɩɩ ŋmaŋsɩ."
17,But he showed he was there by the good things he did. God sends rain from heaven and makes your crops grow. He gives food to you and makes your hearts glad.,"Abee gɛɛ buloŋ, ʋ ha fa leŋ nala gyɩŋ haŋ Wɩɩsɩ hʋ iriŋ ʋ aa yaa rɛ, a kuu wɩweliye hʋ ʋ aa yaa kɩ tɩya ba tɩyaŋ. Ʋ aa leŋ duwoŋ kɩ nɩɩ rɛ, a leŋ baga kɩna marɩ ba saŋa tɩyaŋ, ma na kɩdiiliye a di kɩ vɔgɔ, aŋ leŋ ma buloŋ kaŋ teŋfɩyɛlʋʋ.”"
18,"Even after Paul and Barnabas had said all this, they could hardly keep the people from offering a sacrifice to them.","Banabaasɩ bee Pɔɔl gyɩ basɩ wɩya no buloŋ nɛ, ka nala hʋ ha vɩya aŋ kɩ kyɛ dɩ ba marɩ ba vʋga hʋ tɩya ba. Ɛɛ rɛ Pɔɔl bee Banabaasɩ sʋl ba abee sɩfɩyasɩ, ka ba na ko leŋ."
20,"But when the Lord's followers gathered around Paul, he stood up and went back into the city. The next day he and Barnabas went to Derbe. Paul and Barnabas Return to Antioch in Syria","Ɛɛ tɩyaŋ nɛ Yesu hatɩnna hʋ aa we doŋ sii mʋ sɩŋ gol ʋ. Doŋ nɛ ʋ sii, ba mɩɩgɩ gyʋʋ dɩya. A sii ʋ sɩgballɩya, ʋ bee Banabaasɩ kpa mʋ Dɛɛbi. Pɔɔl bee Banabaasɩ mɩɩgɩ mʋ Aŋtiyɔki aa we Siiriya paalʋʋ tɩyaŋ"
23,Paul and Barnabas chose some leaders for each of the churches. Then they went without eating and prayed that the Lord would take good care of these leaders who had trusted in the Lord.,"Tɔɔ hʋ kɛ buloŋ tɩyaŋ nala aa laa Yesu wɩya di aŋ aa kɩ laŋŋɩ, ba gyɩ aa lɩɩ nala rɛ ba tɩyaŋ dɩ ba yaa ba sɩlaala. Dɩ ba gyɩ ko lɩɩ sɩlaala buloŋ, ba aa vʋwa nyʋwa rɛ, a kyʋwalɩ Wɩɩsɩ tɩya ba, aŋ kpa ba we á Tɩɩna Yesu nosi tɩyaŋ. Beewɩya, á Tɩɩna Yesu rɛ ba yelli wɩɩ buloŋ tɩyaŋ."
24,"Paul and Barnabas went on through Pisidia to Pamphylia,",Nyɛ rɛ ba gɔllɩ Pisidɩya paalʋʋ buloŋ teŋ aŋ bɩl kpa mʋ Pamfilɩya paalʋʋ mɛ.
25,where they preached in the town of Perga. Then they went down to Attalia,"Pamfilɩya paalʋʋ tɩyaŋ, Pɛɛga rɛ ba laa sɩya mʋ, a basɩ Wɩɩsɩ wɩya doŋ. A bɩl lɩɩ doŋ mɛ a kpa tuu mʋ Atalɩya."
27,"After arriving in Antioch, they called the church together. They told the people what God had helped them do and how he had made it possible for the Gentiles to believe.","Ba aa mɩɩgɩ ko Aŋtiyɔki, ba yɩrɩ nala hʋ buloŋ aa laa Yesu wɩya di a ko laŋŋɩ, a kpa wɩweliye hʋ buloŋ Wɩɩsɩ aa leŋ ba wuwo yaa a basɩ tɩya ba, a bɩl basɩ tɩya ba ɛɛ Wɩɩsɩ aa suri ŋmanɩɩ tɩya nala hʋ aa bɩ yaa Gyuuma mɛ, ba mɛ laa Yesu wɩya di."
28,Then they stayed there with the followers for a long time.,"Ɛɛ rɛ ka Pɔɔl bee Banabaasɩ hɔŋ Aŋtiyɔki tɩyaŋ, ba bee nala hʋ aa laa Yesu wɩya di we doŋ peŋgyamaa."
1,"Some people came from Judea and started teaching the Lord's followers that they could not be saved, unless they were circumcised as Moses had taught.","Baala badɔmɔŋ mɛ rɛ gyɩ lɩɩ Gyudɩya paalʋʋ ko Aŋtiyɔki, a piili kɩ daga nala hʋ aa laa Yesu wɩya di a baa, “Wɩɩsɩ bɩ sɩ wuwo laa ma ta, see dɩ ma keri ma pene anɩɩ Moosi gyɩ aa biŋ mɩra hʋ tɩya ma gɛɛ.”"
2,"This caused trouble, and Paul and Barnabas argued with them about this teaching. So it was decided to send Paul and Barnabas and a few others to Jerusalem to discuss this problem with the apostles and the church leaders. The Church Leaders Meet in Jerusalem","Nyɛ rɛ wɩɩ no kaŋ nyʋʋtaaduwo ko ba bee Pɔɔl abee Banabaasɩ paga. Ba buloŋ hɔŋ kaŋ wɩɩ hʋ kɩ kpa dɔmɔŋ. Nyɛ rɛ ba vʋʋlɩ lɩɩ Pɔɔl abee Banabaasɩ abee Krisitabiisi hʋ badɔmɔŋ aa we Aŋtiyɔki tɩyaŋ, dɩ ba kaŋ wɩɩ hʋ mʋ Gyerusalɛm, a na sɩlaala hʋ abee Yesu kpambɩsɩ hʋ aa we doŋ."
4,"When the men arrived in Jerusalem, they were welcomed by the church, including the apostles and the leaders. They told them everything God had helped them do.","Ba aa mʋʋ pele Gyerusalɛm, Yesu kpambɩsɩ hʋ abee Krisitabiisi hʋ buloŋ aa we doŋ, abee ba sɩlaala buloŋ, lɔllɩ ba, aŋ kaŋ ba nɩhɔrɩ weliŋ. Ɛɛ tɩyaŋ nɛ, ka ba mɛ basɩ wɩya hʋ buloŋ Wɩɩsɩ aa leŋ ba wuwo yaa, a tɩya ba."
5,"But some Pharisees had become followers of the Lord. They stood up and said, “Gentiles who have faith in the Lord must be circumcised and told to obey the Law of Moses.”","Amɛ nala badɔmɔŋ fa we doŋ, a fa yaa Farasiima aŋ na ko laa Yesu wɩya di. Nyɛ rɛ nala no mɛ sii sɩŋ a basɩ tɩya ba a baa, “Nala hʋ buloŋ aa bɩ yaa Gyuuma, aŋ laa Yesu wɩya di, ʋ maga dɩ ba keri ba pene rɛ, aŋ kɩ tɩŋ wɩya hʋ Moosi fa aa bine dɩ á kɩ tɩŋa hʋ.”"
6,The apostles and church leaders met to discuss this problem about Gentiles.,Yesu kpambɩsɩ hʋ bee Krisitabiisi nɩhɩyasɩ bɩl laŋŋɩ dɩ ba vʋʋlɩ kyɛ wɩɩ no sii.
7,"They had talked it over for a long time, when Peter got up and said: My friends, you know that God decided long ago to let me be the one from your group to preach the good news to the Gentiles. God did this so they would hear and obey him.","Ba gyɩ hɔŋ kaŋ wɩɩ hʋ tarɩ pɩɩsɩ rɛ weliŋ. Ɛɛ rɛ Piita sii sɩŋ aŋ baa, “Ŋ naabalɩya, ma gyɩma anɩɩ faafaa buloŋ nɛ Wɩɩsɩ lɩɩ ŋ ma tɩyaŋ, dɩ ŋ mʋ basɩ Wɩɩsɩ wɩweliye hʋ a kɩ tɩya nala hʋ aa bɩ yaa Gyuuma dɩ ba mɛ wuwo nɩɩ, a ko laa Yesu wɩya di."
8,"He knows what is in everyone's heart. And he showed he had chosen the Gentiles, when he gave them the Holy Spirit, just as he had given his Spirit to us.",Wɩɩsɩ gyɩŋ nihuwobiŋ buloŋ tɩya rɛ. Ɛɛ rɛ Wɩɩsɩ kpa ʋ Wiyesi Welii hʋ we ba tɩyaŋ anɩɩ ʋ fa aa kpaa we á tɩyaŋ gɛɛ. Ɛɛ daga anɩɩ Wɩɩsɩ laa ba mɛ ta rɛ.
9,"God treated them in the same way that he treated us. They put their faith in him, and he made their hearts pure.","Ʋ bɩ kaŋ á nala hʋ aa yaa Gyuuma abee nala hʋ aa bɩ yaa Gyuuma kɩ porigi. Nala hʋ mɛ aa bɩ yaa Gyuuma mɛ laa Yesu wɩya di rɛ, ɛɛ rɛ tɩŋ Wɩɩsɩ kpa ba wɩbɔmɔ mɛ kyɛ ba gɛɛ."
10,Now why are you trying to make God angry by placing a heavy burden on these followers? This burden was too heavy for us or our ancestors.,"Bee rɛ tɩŋ ma kpa kyʋgɩbal no a kɩ kyʋgɩ nala hʋ aa bɩ yaa Gyuuma aŋ laa Yesu wɩya di. Wɩɩsɩ daa ma kɩ magɩsɩ gɛɛ? Beewɩya, á bee á naabaala buloŋ fa bɩ wuwo kyʋŋ kyʋga no."
11,"But we believe that we will be saved by the gift of undeserved grace from our Lord Jesus Christ, just as the Gentiles are.",Ŋmanɩɩ tuwo dɩ ma yaa gɛɛ! Á laa di rɛ anɩɩ á Tɩɩna Yesu dʋŋ lahɔrʋmɔ tɩyaŋ nɛ Wɩɩsɩ sɩ laa á buloŋ ta anɩɩ ʋ aa laa ba ta gɛɛ.”
12,Everyone kept quiet and listened as Barnabas and Paul told how God had given them the power to work a lot of miracles and wonders for the Gentiles.,"Piita aa basɩ gɛɛ ko teŋ, nala hʋ buloŋ fa aa laŋŋa doŋ yaa sɩrɩtɩtɩ, aŋ kɩ gyegili wɩya hʋ Banabaasɩ bee Pɔɔl mɛ aa basɩ. Ɛɛ rɛ ba mɛ kpa wɩmagɩla hʋ bee wɩkperiye hʋ buloŋ Wɩɩsɩ aa leŋ ba wuwo yaa nala hʋ aa bɩ yaa Gyuuma tɩyaŋ, a basɩ tɩya ba."
13,"After they had finished speaking, James said: My friends, listen to me!","Ba aa basɩ wɩya no buloŋ ko teŋ, Gyemsi mɛ sii sɩŋ a baa, “Ŋ naabalɩya, ma gyegili nɩɩ daha."
14,Simon Peter has told how God first came to the Gentiles and made some of them his own people.,"Siimɔŋ Piita ha yaŋ basɩ tɩya ma rɛ ɛɛ hʋ Wɩɩsɩ aa laa sɩya kyo nala hʋ aa bɩ yaa Gyuuma, a lɩɩ nala ba tɩyaŋ dɩ ba yaa ʋ nala."
16,"“I, the Lord, will return and rebuild David's fallen house. I will build it from its ruins and set it up again.","‘Nyɛ hal tɩyaŋ, ŋ sɩ mɩɩgɩ ko saa Deviti dɩya hʋ aa tele. Ŋ sɩ marɩ saa ʋ dɩ ʋ sɩŋ weliŋ."
18,I promised it long ago.”,Faafaa buloŋ nɛ Wɩɩsɩ basɩ wɩɩ no dɩ nala gyɩma.’
19,"And so, my friends, I don't think we should place burdens on the Gentiles who are turning to God.","Ɛɛ rɛ Gyemsi bɩl basɩ baa, Ɛɛwɩya, ŋ kɛ aa naa wɩɩ rɛ nyɛ: Ʋ bɩ maga dɩ á kɩ dɔŋ nala hʋ aa bɩ yaa Gyuuma aŋ mɩɩgɩ ko kɩ tɩŋ Wɩɩsɩ ŋmanɩɩ."
20,We should simply write and tell them not to eat anything that has been offered to idols. They should be told not to eat the meat of any animal that has been strangled or that still has blood in it. They must also not commit any terrible sexual sins.,"Amɛ ma leŋ dɩ á sabɩ teŋ tɩya ba, a basɩ tɩya ba dɩ ba ta bɩl kɩ dii vʋga kɩna, ka dɩ ba leŋ sɔŋsɔŋ, aŋ ta kɩ kyaŋ kɩŋ aa sʋba pimmiliŋ, a ta kɩ kyaŋ pʋsɩ kyal mɛ."
21,"We must remember that the Law of Moses has been preached in city after city for many years, and every Sabbath it is read in our synagogues. A Letter to Gentiles Who Had Faith in the Lord","Beewɩya wɩya hʋ buloŋ Moosi fa aa bine dɩ á kɩ tɩŋa a ta kaŋ bisiŋ, ba aa rɛ ba kpa daga ma faafaa buloŋ, a kaŋ kɩ ko gyɩnaŋ. Wɩya no mɛ buloŋ nɛ ba yaŋ aa karɩmɩ wɩɩkyʋwaldɩɩsɩ tɩyaŋ kyɛwiyesii hʋ kyɛɛ kɛ buloŋ tɔɔ tɔɔ buloŋ tɩyaŋ.” Ba sabɩ teŋ tɩya Krisitabiisi hʋ aa bɩ yaa Gyuuma"
22,"The apostles, the leaders, and all the church members decided to send some men to Antioch along with Paul and Barnabas. They chose Silas and Judas Barsabbas, who were two leaders of the Lord's followers.","Nyɛ rɛ Yesu kpambɩsɩ hʋ abee nɩhɩyasɩ hʋ abee Krisitabiisi hʋ aa we Gyerusalɛm tɩyaŋ, ba buloŋ gyɩ vʋʋla rɛ a lɩɩ nala ba tɩyaŋ, a tɩŋ ba dɩ ba bee Pɔɔl abee Banabaasɩ mʋ Aŋtiyɔki. Ba gyɩ lɩɩ Gyudasɩ rɛ abee Silaasi. Baala no balɩya mɛ fa yaa sɩlaala rɛ Krisitabiisi hʋ tɩyaŋ."
23,"They wrote a letter that said: We apostles and leaders send friendly greetings to all of you Gentiles who are followers of the Lord in Antioch, Syria, and Cilicia.","Ba kpa teŋ hʋ tɩŋ ba. Nyɛ rɛ ba gyɩ sabɩ we teŋ hʋ tɩyaŋ, “Ma nɩmmabalɩya Yesu kpambɩsɩ abee Krisitabiisi nɩhɩyasɩ rɛ sabɩ teŋ no a kɩ tɩya Krisitabiisi hʋ buloŋ aa bɩ yaa Gyuuma, a we Aŋtiyɔki tɩyaŋ, abee Siiriya paalʋʋ tɩyaŋ, abee Silisɩya paalʋʋ tɩyaŋ. Á aa kyʋwalɩ ma buloŋ!"
24,We have heard that some people from here have terribly upset you by what they said. But we did not send them!,"Á nɩya anɩɩ á nala badɔmɔŋ ko ma lee rɛ, a kɩ dɔŋ ma, a kaŋ ma hakɩllɩ kɩ vʋgɩmɩ. Ka á mɛ daa tɩya ba ɛɛ ŋmanɩɩ."
25,So we met together and decided to choose some men and to send them to you along with our good friends Barnabas and Paul.,"Ɛɛwɩya, á mɛ laŋŋa rɛ, a vʋʋlɩ. Á naa dɩ ʋ yaa wɩwelii rɛ a tɩya ma, dɩ á lɩɩ nala a tɩŋ ba ma lee. Ba bee á kyaŋsɩ Banabaasɩ bee Pɔɔl lɛ sɩ ko."
26,These men have risked their lives for our Lord Jesus Christ.,Baala no balɩya kpaa ba mɩɩbol yɔbɔ sʋʋ rɛ ba aa tuŋ á Tɩɩna Yesu Krisita tʋma wɩya.
27,"We are also sending Judas and Silas, who will tell you in person the same things that we are writing.","Ɛɛwɩya, Gyudasɩ abee Silaasi rɛ á tɩma dɩ ba ko ma lee. Wɩya hʋ á aa saba kɩ tɩya ma, ba tɩɩ rɛ ba mɛ sɩ kaŋ nyʋwa basɩ tɩya ma."
29,"But you should not eat anything offered to idols. You should not eat any meat that still has the blood in it or any meat of any animal that has been strangled. You must also not commit any terrible sexual sins. If you follow these instructions, you will do well. We send our best wishes.","Ma ta kɩ dii vʋga kɩna, ma ta kɩ kyaŋ kyal, ma ta kɩ kyaŋ kɩŋ buloŋ aa sʋba pimmiliŋ, a ta bɩl kɩ sɔnnɔ mɛ. Dɩ mamaa rɛ wuwo lɩɩ ma tɩɩ wɩya no tɩyaŋ, ma hɔnɩɩ sɩ weliye. Ma hɔŋ weliŋ.”"
30,The four men left Jerusalem and went to Antioch. Then they called the church members together and gave them the letter.,"Nyɛ rɛ ba ta nala hʋ ba aa lɩya, ba sii kpa mʋ Aŋtiyɔki. Ba aa mʋʋ doŋ, ba yɩrɩ Krisitabiisi hʋ buloŋ aa we doŋ ko laŋŋɩ, a kpa teŋ hʋ tɩya ba."
31,"When the letter was read, everyone was pleased and greatly encouraged.","Ba aa karɩma teŋ hʋ, wɩya hʋ buloŋ ba aa saba yaa ba teŋfɩyɛlʋʋ rɛ. Ba tenni buloŋ polli."
33,"The men from Jerusalem stayed on in Antioch for a while. And when they left to return to the ones who had sent them, the followers wished them well.","Gyudasɩ bee Silaasi gyɩ pɩɩsa mʋhʋ rɛ Aŋtiyɔki tɩyaŋ. Nyɛ rɛ Krisitabiisi hʋ aa we Aŋtiyɔki tɩyaŋ sii ta ba, ba mɩɩgɩ mʋ Gyerusalɛm abee laaŋfɩya."
35,"But Paul and Barnabas stayed on in Antioch, where they and many others taught and preached about the Lord. Paul and Barnabas Go Their Separate Ways","Pɔɔl bee Banabaasɩ mɛ gyɩ mɩɩgɩ ka Aŋtiyɔki tɩyaŋ nɛ, a yaa peŋsi baŋmana. Nɩgyamaa gyɩ pɛɛ ba tɩyaŋ nɛ, ba gyɩ basɩ á Tɩɩna Yesu wɩya, aŋ pɛ kɩ daga ba mɛ. Pɔɔl bee Banabaasɩ porigi dɔmɔŋ"
36,"Sometime later Paul said to Barnabas, “Let's go back and visit the Lord's followers in the cities where we preached his message. Then we will know how they are doing.”","Saŋa kɩdɩgɩ aa ko pele, Pɔɔl basɩ tɩya Banabaasɩ a baa, “Leŋ dɩ á mɩɩgɩ mʋ tɔnɩ hʋ buloŋ á aa laa sɩya mʋ basɩ Wɩɩsɩ wɩya, a na Krisitabiisi hʋ aa we doŋ, ka dɩ á na ɛɛ hʋ ba hɔnɩɩ aa kɩya.”"
37,"Barnabas wanted to take along John, whose other name was Mark.",Banabaasɩ gyɩ aa kyɛ dɩ ʋ kaŋ Gyɔɔŋ Maakɩ tɩŋ ba hal mʋ rɛ.
39,"Paul and Barnabas argued, then each of them went his own way. Barnabas took Mark and sailed to Cyprus,","Ɛɛ rɛ Pɔɔl bee Banabaasɩ gyɩ kaŋ wɩɩ hʋ kpa dɔmɔŋ kɩŋkaŋ, akuu gɛɛ wɩya porigi dɔmɔŋ. Nyɛ rɛ Banabaasɩ kaŋ Gyɔɔŋ Maakɩ, ba mʋ gyʋʋ nɩɩduworiboribal, a duwori mʋ Saapʋrɔsɩ."
40,but Paul took Silas and left after the followers had placed them in God's care.,"Ka Pɔɔl mɛ lɩɩ Silaasi, ʋ beel-ʋ mɛ mʋ. Krisitabiisi hʋ gyɩ sʋla Wɩɩsɩ tɩya ba rɛ, a kpa ba we Wɩɩsɩ nosi tɩyaŋ dɩ ʋ kɩ deŋ ba."
1,"Paul and Silas went back to Derbe and Lystra, where there was a follower named Timothy. His mother was also a follower. She was Jewish, and his father was Greek.","Nyɛ rɛ Pɔɔl sii mʋ Dɛɛbi, a lɩɩ doŋ a kpa mʋ Lisitira. Lisitira tɩyaŋ, ʋ na Yesu hatɩnnɩ kɩdɩgɩ aa we doŋ ba kɩ yɩrɩ Timoti. Timoti nɩɩna fa yaa Gyuu rɛ, a mɛ fa laa Yesu wɩya di, aŋka ʋ kuwo kɛ fa yaa Giriki tɩɩna."
2,"The Lord's followers in Lystra and Iconium said good things about Timothy,",Krisitabiisi aa we Liisira abee Ikoniya buloŋ tɩyaŋ fa aa bigisi Timoti rɛ weliŋ.
4,"As Paul and the others went from city to city, they told the followers what the apostles and leaders in Jerusalem had decided, and they urged them to follow these instructions.","Saŋa hʋ ba aa mʋ tɔnɩ no buloŋ, ba gyɩ basɩ wɩya tɩya Krisitabiisi hʋ aa we doŋ ma tɩyaŋ nɛ. Wɩya hʋ Yesu kpambɩsɩ hʋ abee Krisitabiisi nɩhɩyasɩ aa we Gyerusalɛm tɩyaŋ aa biŋ tɩya ba dɩ ba kɩ tɩŋa, ba aa rɛ ba basɩ tɩya ba."
5,"The churches became stronger in their faith, and each day more people put their faith in the Lord. Paul's Vision in Troas","Nyɛ rɛ Krisitabiisi hʋ buloŋ aa we doŋ marɩ laa Yesu wɩya di weliŋ, aŋ marɩ wala kɩ pɛ kyɛɛ bee ʋ nyʋwa buloŋ. Pɔɔl naa wɩya anɩɩ ʋ aa duwosi Turowasɩ tɩyaŋ"
6,"Paul and his friends went through Phrygia and Galatia, but the Holy Spirit would not let them preach in Asia.","Pɔɔl bee ʋ dɔŋtɩŋsɩ hʋ gyɩ gɔllɔ rɛ weliŋ, a tɩŋ Firigyiya bee Galetiya paalʋʋ, beewɩya Wɩɩsɩ Wiyesi Welii hʋ gyɩ bɩ tɩya ba ŋmanɩɩ dɩ ba basɩ Wɩɩsɩ wɩya Esɩya paalʋʋ tɩyaŋ."
7,"After they arrived in Mysia, they tried to go into Bithynia, but the Spirit of Jesus would not let them.","Ɛɛ rɛ ba vala gɛɛ, a mʋ kpaga Maasɩya paalʋʋ. Doŋ tɩyaŋ nɛ ba lʋga dɩ ba fa tɩŋ Bitiiniya paalʋʋ mʋ, amɛ Yesu Wiyesi Welii hʋ gyɩ bɩ tɩya ba ŋmanɩɩ."
8,So they went on through Mysia until they came to Troas.,Nyɛ rɛ ba tɩŋ Maasɩya paalʋʋ a mʋ pele Turowasɩ.
9,"During the night, Paul had a vision of someone from Macedonia who was standing there and begging him, “Come over to Macedonia and help us!”","Ʋ tebine, Pɔɔl na anɩɩ ʋ aa duwosi, a na dɩ baal kɩdɩgɩ lɩɩ Masidooniya paalʋʋ, a ko sɩŋ ʋ sɩya tɩyaŋ, a kɩ sʋla ʋ, a baa, “Ko kyiyeli ma Masidooniya paalʋʋ tɩyaŋ.”"
10,"After Paul had seen the vision, we began looking for a way to go to Macedonia. We were sure that God had called us to preach the good news there. Lydia Becomes a Follower of the Lord","Pɔɔl aa naa gɛɛ ko teŋ, á beel-ʋ yaa siri dɩ á mʋ Masidooniya paalʋʋ, beewɩya á naa anɩɩ Wɩɩsɩ rɛ kɔnɩ daga ma baa dɩ á mʋ basɩ Wɩɩsɩ wɩweliye hʋ a tɩya nala hʋ aa we doŋ tɩyaŋ. Haaŋ kɩdɩgɩ ba aa yɩrɩ Liidiya laa Yesu wɩya di Filipi tɩyaŋ"
11,"We sailed straight from Troas to Samothrace, and the next day we arrived in Neapolis.","Nyɛ rɛ á bɩl sii doŋ a kpa mʋ gyʋʋ nɩɩduworiboribal, a duwori kyol a kpa mʋ Samotiresi. Ʋ sɩgballɩya á bɩl sii kpa mʋ Niyapoli."
12,"From there we went to Philippi, which is a Roman colony in the first district of Macedonia. We spent several days in Philippi.",Á bɩl lɩɩ doŋ a vala mʋ Filipi. Doŋ fa yaa tɔbal lɛ a we Masidooniya paalʋʋ logiŋ kɩdɩgɩ tɩyaŋ. Roma kuwori rɛ fa ta tɩŋ doŋ taŋha buloŋ. Ɛɛ rɛ á gyɩ bɩl hɔŋ doŋ mɛ kyɛyɛ baŋmana.
13,"Then on the Sabbath we went outside the city gate to a place by the river, where we thought there would be a Jewish meeting place for prayer. We sat down and talked with the women who came.","Kyɛwiyesii hʋ kyɛɛ gyɩ pele ma doŋ nɛ. Ɛɛ rɛ á gyɩ lɩɩ bee hʋ tɩyaŋ, a tuu mʋ fuwo hʋ nyʋwa. Á fa bɩɩna á sɩ na Wɩɩsɩ lɩkyʋwalɩɩ rɛ doŋ. Nyɛ rɛ á mʋ hɔŋ doŋ, a basɩ Wɩɩsɩ wɩya kɩ tɩya haana hʋ fa aa laŋŋa doŋ dɩ ba kyʋwalɩ Wɩɩsɩ."
14,"One of them was Lydia, who was from the city of Thyatira and sold expensive purple cloth. She was a worshiper of the Lord God, and he made her willing to accept what Paul was saying.","Haana hʋ gyɩ aa gyegili nɩɩ wɩya hʋ á aa basɩ, ba kɩdɩgɩ feŋ nɛ gyɩ yaa Liidiya. Ʋ gyɩ lɩɩ Tiyatira rɛ. Ʋ fa aa yallɩ gannɩ rɛ, aŋ fa kɩ kyʋwalɩ Wɩɩsɩ mɛ. Ɛɛ rɛ Wɩɩsɩ gyɩ suri ʋ dɩgɩna abee ʋ hakɩla, ʋ gyegili nɩɩ wɩya hʋ buloŋ Pɔɔl fa aa basɩ, a laa ba buloŋ mɛ di."
15,"Then after she and her family were baptized, she kept on begging us, “If you think I really do have faith in the Lord, come stay in my home.” Finally, we accepted her invitation. Paul and Silas Are Put in Jail","Doŋ tɩyaŋ nɛ ba fo ʋ bee ʋ dɩya nala buloŋ wɩɩkyʋwalnɩɩ. Ɛɛ rɛ ka haaŋ hʋ sʋl ma a baa, “Dɩ mamaa rɛ laa di anɩɩ ŋ kɔnɩ laa Yesu wɩya di rɛ, ma ko gyʋʋ ŋ dɩya.” Ʋ gyɩ sʋl ma rɛ weliŋ abee sɩfɩyasɩ ka á na mʋ gyʋʋ ʋ dɩya. Ba kaŋ Pɔɔl bee Silaasi tɔ dɩya tɩyaŋ Filipi tɩyaŋ"
16,"One day on our way to the place of prayer, we were met by a slave girl. She had a spirit in her that gave her the power to tell the future. By doing this she made a lot of money for her owners.","Nyɛ rɛ kyɛɛ kɩdɩgɩ, á bɩl kɩ mʋ Wɩɩsɩ lɩkyʋwalɩɩ. Ɛɛ rɛ haŋtolibiye kɩdɩgɩ aa yaa yoŋ ko kyem-ma. Gyɩŋsɩ rɛ gyɩ kana ʋ, ʋ vʋga kɩ tɩya nala. Ʋ vʋgʋ hʋ fa leŋ ʋ tɩmma kɩ na molbiye rɛ weliŋ."
17,"The girl followed Paul and the rest of us, and she kept yelling, “These men are servants of the Most High God! They are telling you how to be saved.”","Nyɛ rɛ ʋ kɩ tɩŋ á bee Pɔɔl hal, aŋ kyɩɩrɩ kɩ basɩ, “Nala no yaa Wɩɩbal hʋ aa tee kɩŋ buloŋ tʋŋtʋnna rɛ. Ɛɛ hʋ ma aa sɩ yaa dɩ Wɩɩsɩ laa ma ta rɛ ba kɩ basɩ gɛɛ.”"
18,"This went on for several days. Finally, Paul got so upset that he turned and said to the spirit, “In the name of Jesus Christ, I order you to leave this girl alone!” At once the evil spirit left her.","Nyɛ rɛ haŋtolibiye no aa kɩ yaa kyɛɛ bee ʋ nyʋwa buloŋ. Ɛɛ rɛ Pɔɔl baaŋ ko sii, ʋ mɩɩgɩ bɩrɩmɩ kyaasɩ haŋtolibiye hʋ aŋ basɩ tɩya gyɩna hʋ a baa, “Yesu Krisita feŋ tɩyaŋ nɛ ŋ kɩ basɩ nyɛ, lɩɩ haŋtolibiye hʋ tɩyaŋ.” Ɛɛ rɛ gyɩna hʋ lɩɩ haŋtolibiye hʋ tɩyaŋ haŋ lagɩlagɩbiye hʋ."
19,"When the girl's owners realized they had lost all chances for making more money, they grabbed Paul and Silas and dragged them into court.","Haŋtolibiye hʋ tɩmma aa na dɩ ba bɩl bee na molbiye, ba sii kaŋ Pɔɔl bee Silaasi tarɩ mʋ ba bee hɩyarɩ sɩya."
22,The crowd joined in the attack on Paul and Silas. Then the officials tore the clothes off the two men and ordered them to be beaten with a whip.,"Haŋ nɩgyamaa hʋ buloŋ fa aa laŋŋa sii pɛ ba nɩhɩyasɩ hʋ tɩyaŋ ba kaŋ Pɔɔl bee Silaasi. Nyɛ rɛ Roma tɩmma nɩhɩyasɩ hʋ leŋ ba kaŋ Pɔɔl bee Silaasi gannɩ wuri, aŋ leŋ ba vɩɩrɩ ba kɩŋkaŋ."
23,"After they had been badly beaten, they were put in jail, and the jailer was told to guard them carefully.","Ba fa aa vɩɩrɩ ba ko teŋ, ba kaŋ ba tɔ dɩya tɩyaŋ, aŋ basɩ tɩya nɩtɔdɩya didenni hʋ dɩ ʋ tɔ ba weliŋ dɩ ba ta ko wuwo lɩɩ."
24,The jailer did as he was told. He put them deep inside the jail and chained their feet to heavy blocks of wood.,"Ʋ mɛ nɩɩ ba nyʋwa hʋ, a kaŋ Pɔɔl bee Silaasi gallɩ gyʋʋ sɩya dɩya hʋ, a kaŋ ba naasɩ balɩya balɩya buloŋ we kuliye."
25,"About midnight Paul and Silas were praying and singing praises to God, while the other prisoners listened.","Anɩɩ ʋ tekere saŋa gɛɛ, Pɔɔl bee Silaasi sii kɩ kyʋwalɩ Wɩɩsɩ, a yɩɩ yɩɩla kɩ dannɩ Wɩɩsɩ. Nala hʋ aa we nɩtɔdɩya hʋ tɩyaŋ mɛ gyegili kɩ nɩɩ."
26,"Suddenly a strong earthquake shook the jail to its foundations. The doors opened, and the chains fell from all the prisoners.","Ɛɛ rɛ taŋha buloŋ pirigi gyigili, aŋ kaŋ nɩtɔdɩya hʋ mɛ gyigisi. Borisi hʋ buloŋ suri suri. Nala buloŋ kuliye mɛ lɩɩ tele tele ba naasɩ tɩyaŋ."
27,"When the jailer woke up and saw that the doors were open, he thought that the prisoners had escaped. He pulled out his sword and was about to kill himself.","Nal hʋ aa deŋ nɩtɔdɩya hʋ hirigi sii doo sɩya tɩyaŋ, a na dɩ nɩtɔdɩya hʋ borisi buloŋ suro. Ʋ kɛ fa liise anɩɩ nala hʋ buloŋ ba aa kaŋ tɔ dɩya hʋ tɩyaŋ lɩɩ fá mʋ rɛ gɛɛ. Ɛɛ rɛ ʋ lɩɩ ʋ takoobii dɩ ʋ kpʋ ʋ tɩɩ."
28,"But Paul shouted, “Don't harm yourself! No one has escaped.”","Ɛɛ rɛ Pɔɔl nɔsɩ ʋ a baa, “Ta kpʋ ɩ tɩɩ. Á buloŋ nɛ we doŋ.”"
29,The jailer asked for a torch and went into the jail. He was shaking all over as he knelt down in front of Paul and Silas.,"Nal hʋ aa deŋ nɩtɔdɩya hʋ leŋ ba kaŋ fɩŋtɩna ko. Ʋ laa fá gyʋʋ, a tuu tele Pɔɔl bee Silaasi naasɩ tɩyaŋ, a kɩ kyele."
30,"After he had led them out of the jail, he asked, “What must I do to be saved?”","Ʋ kaŋ ba lɩɩ pɩyɛsɩ ba a baa, “Ŋ kyaŋsɩ, ɛɛ rɛ ŋ sɩ yaa dɩ Wɩɩsɩ laa ŋ ta?”"
31,"They replied, “Have faith in the Lord Jesus and you will be saved! This is also true for everyone who lives in your home.”","Ɛɛ rɛ ba basɩ tɩya ʋ a baa, “Laa á Tɩɩna Yesu wɩya di, dɩ Wɩɩsɩ mɛ laa ɩ bee ɩ dɩya nala buloŋ ta.”"
32,Then Paul and Silas told him and everyone else in his house about the Lord.,Ɛɛ rɛ ba basɩ á Tɩɩna Yesu wɩya tɩya ʋ bee ʋ dɩya nala buloŋ.
33,"While it was still night, the jailer took them to a place where he could wash their cuts and bruises. Then he and everyone in his home were baptized.","Haŋ tebine hʋ tɩɩ rɛ nal hʋ aa deŋ nɩtɔdɩya hʋ kaŋ ba a sasɩ ba teŋ dʋgʋlɩya, ka ba fo ʋ bee ʋ dɩya nala buloŋ wɩɩkyʋwalnɩɩ."
34,"They were very glad they had put their faith in God. After this, the jailer took Paul and Silas to his home and gave them something to eat.","Nal hʋ aa deŋ nɩtɔdɩya hʋ kaŋ Pɔɔl abee Silaasi, a mʋ ʋ dɩya, a tɩya ba kɩdiiliye ba di. Ka ʋ bee ʋ dɩya nala buloŋ tenni fɩyɛlɩ abee ba aa wuwo laa Wɩɩsɩ wɩya di."
35,The next morning the officials sent some police with orders for the jailer to let Paul and Silas go.,"Ʋ sɩya aa gballa, Roma nɩhɩyasɩ hʋ tɩŋ porisi nɩhɩyasɩ dɩ ba mʋ basɩ tɩya nal hʋ aa deŋ nɩtɔdɩya hʋ dɩ ʋ lɩɩ Pɔɔl bee Silaasi ta dɩ ba kɩ mʋ."
37,"But Paul told the police, “We are Roman citizens, and the Roman officials had us beaten in public without giving us a trial. They threw us into jail. Now do they think they can secretly send us away? No, they cannot! They will have to come here themselves and let us out.”","Nyɛ rɛ Pɔɔl basɩ tɩya porisi nɩhɩyasɩ hʋ a baa, “Ba vɩɩrɩ ma rɛ nala sɩya tɩyaŋ, aŋ bɩ daga á wɩkyogii, aŋka á mɛ yaa Roma tɩmma, aŋka ba ha kaŋ ma tɔ dɩya tɩyaŋ. Ka nyɛ kɛ, ba kɩ kyɛ dɩ ba lʋwɔlɩ lɩɩ ma ta. Aayɩ, á bee laa! Ʋ maga dɩ Roma nɩhɩyasɩ hʋ tɩɩ rɛ ko daha, a lɩɩ ma.”"
38,"When the police told the officials that Paul and Silas were Roman citizens, the officials were afraid.","Ɛɛ rɛ porisi nɩhɩyasɩ hʋ mʋ basɩ tɩya Roma nɩhɩyasɩ hʋ anɩɩ Pɔɔl bee Silaasi mɛ yaa Roma tɩmma rɛ. Ba aa nɩɩ gɛɛ, kambɩŋ kaŋ ba."
39,So they came and apologized. They led them out of the jail and asked them to please leave town.,"Nyɛ rɛ ba sii mʋ sʋla ba anɩɩ ba kyogo rɛ, aŋ lɩɩ ba nɩtɔdɩya hʋ tɩyaŋ, aŋ basɩ tɩya ba dɩ ba lɩɩ ba bee hʋ tɩyaŋ."
2,"So as usual, Paul went there to worship, and on three Sabbaths he spoke to the people. He used the Scriptures","Nyɛ rɛ Pɔɔl gyɩ mʋ gyʋʋ Gyuuma wɩɩkyʋwaldɩya hʋ anɩɩ ʋ aa vala kɩ yaa gɛɛ lee buloŋ tɩyaŋ. Yɔbɩsɩ boto paga tɩyaŋ, ba bee nala hʋ kɩ vʋʋlɩ Wɩɩsɩ wɩya wɩɩkyʋwaldɩya hʋ tɩyaŋ Kyɛwiyesii hʋ kyɛɛ buloŋ."
4,"Some of them believed what Paul had said, and they became followers with Paul and Silas. Some Gentiles and many important women also believed the message.","Gyuuma hʋ badɔmɔŋ laa wɩya hʋ dɩ aŋ mɛ pɛ Pɔɔl bee Silaasi tɩyaŋ. Giriki tɩmma mɛ aa kyʋwalɩ Wɩɩsɩ, ba bee bee hʋ habiibala badɔmɔŋ mɛ yʋga laa wɩya hʋ di, aŋ mɛ pɛ ba tɩyaŋ."
5,"The Jewish leaders were jealous and got some troublemakers who hung around the marketplace to start a riot in the city. They wanted to drag Paul and Silas out to the mob, and so they went straight to Jason's home.","Nyɛ rɛ Gyuuma badɔmɔŋ gyɩ kɩ na baaŋ, akuu nala yʋga aa laa Pɔɔl wɩbasɩɩ hʋ dɩ wɩya. Ɛɛ rɛ ba mʋ kyɛ kasɩ nyuduwo tɩmma hʋ aa hɔŋ yɔbɩsɩ abee ŋmaŋsɩ tɩyaŋ a pɛ ba tɩɩ tɩyaŋ. Ba buloŋ ko laŋŋɩ a kaŋ bee hʋ buloŋ vʋgɩmɩ abee kyagɩŋsɩ dʋŋ. Doŋ tɩyaŋ nɛ ba mʋ gyʋʋ baal kɩdɩgɩ ba aa yɩrɩ Gyeesiŋ dɩya, a kɩ kyɛ Pɔɔl bee Silaasi dɩ ba kasɩ ko lɩɩ tɩya nala hʋ."
6,"But when they did not find them there, they dragged out Jason and some of the Lord's followers. They took them to the city authorities and shouted, “Paul and Silas have been upsetting things everywhere. Now they have come here,","Amɛ ba gyɩ bɩ naa ba doŋ, aŋ mɩɩgɩ kaŋ Gyeesiŋ abee Krisitabiisi hʋ badɔmɔŋ, a tarɩ ba lɩɩ ba bee nɩhɩyasɩ sɩya, aŋ kaŋ kyagɩŋsɩ lee buloŋ a baa, “Nala no kyogi lee buloŋ nɛ aŋ yaŋ bɩl ko á bee mɛ."
7,and Jason has welcomed them into his home. All of them break the laws of the Roman Emperor by claiming that someone named Jesus is king.”,Ka Gyeesiŋ laa ba biŋ ʋ dɩya tɩyaŋ. Ba aa kyogi mɩrɩsɩ hʋ á kuworibal hʋ aa bine rɛ. Beewɩya ba aa basɩ anɩɩ kuwori kɩdɩgɩ mɛ rɛ bɩl we doŋ ba kɩ yɩrɩ Yesu.”
9,So they made Jason and the other followers pay bail before letting them go. People in Berea Welcome the Message,"Nyɛ rɛ bee hʋ nɩhɩyasɩ leŋ Gyeesiŋ abee ʋ kyaŋsɩ hʋ kpa molbiye biŋ anɩɩ ba bɩl bɩ sɩ maakyiye yaa wɩɩ hʋ ba aa yaa, aŋka ba na leŋ ba, ba mʋ. Pɔɔl bee Silaasi mʋʋ Bɛriya paalʋʋ"
10,"That same night the Lord's followers sent Paul and Silas on to Berea, and after they arrived, they went to the synagogue.","Ʋ lee aa ko bɩl, Krisitabiisi hʋ sii leŋ Pɔɔl bee Silaasi mʋ Bɛriya. Ba aa mʋʋ pele Bɛriya, ba mʋ gyʋʋ Gyuuma wɩɩkyʋwaldɩya."
11,"The people in Berea were much nicer than those in Thessalonica, and they gladly accepted the message. Day after day they studied the Scriptures to see if these things were true.","Bɛriya tɩmma rɛ gyɩ kpɩya Tesaloniika tɩmma. Beewɩya ba kɛ kyaga laa Wɩɩsɩ wɩya hʋ rɛ abee nosi balɩya, a kɩ karɩmɩ Wɩɩsɩ teŋ hʋ abee sɩfɩyasɩ kyɛɛ kɛ buloŋ dɩ ba na dɩ wɩya hʋ Pɔɔl aa basa kɔnɩ yaa wɩtɩɩ rɛ koo wɩtɩɩ daa."
12,"Many of them put their faith in the Lord, including some important Greek women and several men.",Gyuuma gyɩ yʋga ba tɩyaŋ nɛ a laa Yesu wɩya di. Giriki tɩmma haana aa yaa habiibala doŋ tɩyaŋ abee ba baala buloŋ mɛ gyɩ laa Yesu wɩya di rɛ.
13,"When the Jewish leaders in Thessalonica heard that Paul had been preaching God's message in Berea, they went there and caused trouble by turning the crowds against Paul.",Gyuuma hʋ aa we Tesaloniika tɩyaŋ aa nɩya dɩ Pɔɔl bɩl aa basɩ Wɩɩsɩ wɩya Bɛriya tɩyaŋ. Ba bɩl sii mʋ doŋ mɛ a mʋrɩ haŋ nɩgyamaa hʋ buloŋ we dɩ ba mɛ bɩl laa taawɛɛ.
14,"At once the followers sent Paul down to the coast, but Silas and Timothy stayed in Berea.",Ɛɛ rɛ Krisitabiisi hʋ leŋ Pɔɔl lɩɩ a mʋ mpʋwɔnʋʋ nyʋwa. Ka Silaasi bee Timoti kɛ ha we Bɛriya tɩyaŋ.
15,"Some men went with Paul as far as Athens, and then returned with instructions for Silas and Timothy to join him as soon as possible. Paul in Athens","Nala hʋ badɔmɔŋ aa lɩɩ Bɛriya kyiyeli Pɔɔl, a mʋ pele Atɛŋsi. Ka Pɔɔl mɩɩgɩ tɩŋ ba dɩ ba mʋ basɩ tɩya Silaasi bee Timoti dɩ ba ko puu ʋ lagɩ. Pɔɔl we Atɛŋsi tɩyaŋ"
16,"While Paul was waiting in Athens, he was upset to see all the idols in the city.","Saŋa hʋ Pɔɔl aa hɔŋ Atɛŋsi tɩyaŋ a kɩ gyegili Silaasi bee Timoti gɛɛ, ʋ na dɩ daaluliye suu bee hʋ buloŋ. Ʋ tɩya buloŋ kyogi kɩŋkaŋ."
17,He went to the synagogue to speak to the Jews and to anyone who worshiped with them. Day after day he also spoke to everyone he met in the market.,"Ɛɛ rɛ Pɔɔl aa sii mʋ gyʋʋ Gyuuma wɩɩkyʋwaldɩya, ʋ bee Gyuuma abee nala hʋ aa bɩ yaa Gyuuma aŋ kɩ kyʋwalɩ Wɩɩsɩ aa kɩ vʋʋlɩ wɩya, a kaŋ wɩya kɩ kpa dɔmɔŋ. Ka kyɛɛ buloŋ mɛ, ʋ aa sii gyʋʋ gbɛ gyamaa tɩyaŋ, a basɩ Yesu Krisita wɩya a kɩ tɩya nala hʋ buloŋ kɛ aa we doŋ."
18,"Some of them were Epicureans and some were Stoics, and they started arguing with him. People were asking, “What is this know-it-all trying to say?” Some even said, “Paul must be preaching about foreign gods! That's what he means when he talks about Jesus and about people rising from death.”","Kerikyisi badɔmɔŋ aa tɩŋ Ɛpikuura abee Sitɔyiki ŋmanɩɩ ko doŋ, ʋ beel-ba mɛ kaŋ wɩya kɩ kpa dɔmɔŋ. Ɛɛ rɛ ba badɔmɔŋ baa, “Bekine wɩya rɛ bambugi no mɛ sɩŋ kɩ basɩ nyɛ?” Ba badɔmɔŋ mɛ baa, “Tɔdʋŋ falɩya badɔmɔŋ wɩya rɛ ʋ kɩ basɩ.” Pɔɔl gyɩ aa basɩ Yesu wɩweliye hʋ wɩya rɛ, anɩɩ ʋ sii sʋʋ tɩyaŋ nɛ, ɛɛ rɛ tɩŋ ba gyɩ kɩ basɩ gɛɛ."
19,"They brought Paul before a council called the Areopagus, and said, “Tell us what your new teaching is all about.","Nyɛ rɛ ba kana ʋ mʋ lee hʋ ba aa kɩ laŋŋɩ. Ba aa yɩrɩ doŋ Ariyopagusi. Doŋ tɩyaŋ nɛ ba basɩ tɩya ʋ a baa, “Á aa kyɛ dɩ á gyɩŋ wɩfalɩɩ no wɩya ɩ aa basɩ hʋ rɛ."
20,"We have heard you say some strange things, and we want to know what you mean.”",Wɩya hʋ badɔmɔŋ ɩ aa basɩ yaa wɩfalɩya rɛ á kɛ lee. Ɛɛ wɩya á yaŋ kyo dɩ á gyɩŋ ba memii rɛ.”
22,"So Paul stood up in front of the council and said: People of Athens, I see that you are very religious.","Ɛɛ rɛ Pɔɔl sii sɩŋ nala hʋ fa laŋŋa tʋtʋʋ tɩyaŋ, aŋ basɩ tɩya ba a baa, “Atɛŋsi tɩmma, ŋ aa ko daha, ŋ naa anɩɩ ma kyo vʋga marɩɩ rɛ kɩŋkaŋ."
23,"As I was going through your city and looking at the things you worship, I found an altar with the words, “To an Unknown God.” You worship this God, but you don't really know him. So I want to tell you about him.","Ŋ aa gɔllɔ ma bee hʋ tɩyaŋ, ŋ naa ma tɔdʋnnɩ rɛ. Ŋ bɩl naa kogu kɩdɩgɩ mɛ ma aa saa rɛ. Nyɛ rɛ ma sabɩ we ʋ tɩyaŋ, ‘Wɩɩsɩ hʋ á aa bɩ gyɩma lɩmarɩɩ rɛ nyɛ.’ Ɛɛ rɛ Pɔɔl bɩl basɩ baa, Wɩɩsɩ hʋ ma aa kyʋwalɩ aŋ bɩ gyɩma ʋ hʋ, ʋ wɩya rɛ ŋ basɩ kɩ tɩya ma gɛ."
24,"This God made the world and everything in it. He is Lord of heaven and earth, and he doesn't live in temples built by human hands.","Wɩɩsɩ hʋ aa marɩ dʋnɩya abee kɩŋ kɩŋ buloŋ aa we dʋnɩya no tɩyaŋ, ʋ rɛ yaa wɩɩsɩnyuu abee taŋha buloŋ Tɩɩna, ʋ bee pɩŋ wɩɩkyʋwaldɩɩsɩ nihuwobisi aa saa tɩyaŋ."
25,"He doesn't need help from anyone. He gives life, breath, and everything else to all people.",Ʋ bɩ kɩɩ nɩɩ ʋ aa kyɛ kɩŋ lɔlɔ rɛ tɩŋ ʋ kɩ kyɛ dɩ nihuwobisi tʋma tɩya ʋ. Ʋ rɛ tɩya nihuwobisi mɩɩbol abee wiyese abee kɩŋ kɛ buloŋ.
27,"God has done all this, so that we will look for him and reach out and find him. He isn't far from any of us,","Ʋ marɩ ba gɛɛ rɛ dɩ ba wuwo kyɛ ʋ lee, a kɩ lannɩ lee buloŋ dɩ ba na ʋ. Amɛ Wɩɩsɩ mɛ yaŋ bɩ boliye abee á kɩdɩgɩ buloŋ lee."
28,"and he gives us the power to live, to move, and to be who we are. “We are his children,” just as some of your poets have said.","Nal kɩdɩgɩ rɛ basa a baa, ‘Ʋ dee tɩyaŋ nɛ á wuwo kaŋ mɩɩbol no a we doŋ aŋ wuwo kɩ vala mɛ.’ Ma haŋye-taala badɔmɔŋ mɛ fa basa gɛɛ tɩɩ rɛ dɩ á mɛ yaa ʋ biisi rɛ."
29,"Since we are God's children, we must not think that he is like an idol made out of gold or silver or stone. He isn't like anything that humans have thought up and made.","Á yaŋ aa yaa ʋ balɩya nyɛ, ʋ bɩ maga dɩ á kɩ bɩɩnɩ anɩɩ Wɩɩsɩ kɩɩ kɩna hʋ nihuwobisi aa kpa salma marɩ rɛ, koo kɩŋ hʋ ba aa kpa hɔgɩ koo bʋyɩ marɩ. Ʋ bɩ kɩɩ kɩna no nihuwobisi aa kpa ba wɩgyʋŋ marɩ."
30,"In the past, God forgave all this because people did not know what they were doing. But now he says that everyone everywhere must turn to him.","Saŋa hʋ nihuwobisi fa aa bɩ gyɩma ʋ, Wɩɩsɩ fa yaa faasɩŋ nɛ ba nyuu tɩyaŋ. Amɛ nyɛ kɛ ʋ basɩ kɩ tɩya nala buloŋ nɛ lee kɛ buloŋ tɩyaŋ dɩ ba bɩrɩmɩ lɩɩ ba wɩbɔmɔ tɩyaŋ,"
31,He has set a day when he will judge the world's people with fairness. And he has chosen the man Jesus to do the judging for him. God has given proof of this to all of us by raising Jesus from death.,"beewɩya ʋ biŋ kyɛɛ rɛ ʋ aa sɩ di dʋnɩya nala buloŋ sarɩya abee tɩdɩgɩ. Nal hʋ ʋ aa lɩya dɩ ʋ laa dʋnɩya nala ta tɩyaŋ nɛ ʋ sɩ tɩŋa a di sarɩya no. Nal no ʋ aa lɩya, ʋ kyisi ʋ rɛ sʋʋ tɩyaŋ, dɩ nal buloŋ gyɩma anɩɩ wɩtɩɩ rɛ.”"
32,"As soon as the people heard Paul say a man had been raised from death, some of them started laughing. Others said, “We will hear you talk about this some other time.”","Nala hʋ aa nɩya anɩɩ Pɔɔl aa basɩ sʋʋnɩ mɩɩgɩ sii wɩya gɛɛ, ba badɔmɔŋ mɛ baa, “Á aa kyɛ dɩ ɩ bɩl kyɛ kyɛɛ rɛ, a basɩ wɩɩ no tɩya ma dɩ á marɩ nɩɩ weliŋ.” Ka ba badɔmɔŋ mɛ kɩ yaa ʋ sɩya."
34,some of the men put their faith in the Lord and went with Paul. One of them was a council member named Dionysius. A woman named Damaris and several others also put their faith in the Lord.,"Nala hʋ badɔmɔŋ mɛ gyɩ laa Wɩɩsɩ wɩya hʋ dɩ rɛ, aŋ kɩ tɩŋ Pɔɔl hal. Ba kɩdɩgɩ feŋ nɛ Dayonisiyo. Ʋ mɛ fa we nala hʋ aa kɩ laŋŋɩ Ariyopagusi hʋ tɩyaŋ nɛ. Haaŋ kɩdɩgɩ mɛ rɛ ba fa kɩ yɩrɩ Damaarɩsɩ, ʋ bee nala badɔmɔŋ mɛ gyɩ laa wɩya hʋ dɩ rɛ."
2,"where he met Aquila, a Jewish man from Pontus. Not long before this, Aquila had come from Italy with his wife Priscilla, because Emperor Claudius had ordered the Jewish people to leave Rome. Paul went to see Aquila and Priscilla","Doŋ tɩyaŋ nɛ ʋ na Gyuu baal kɩdɩgɩ aa lɩɩ Pɔŋtusi, ba kɩ yɩrɩ Akula. Ʋ bee ʋ haaŋ Pirisila gyɩ aa lɩɩ Roma ko, ba ha gyɩ bɩ pɩɩsa. Roma tɩmma kuworibal hʋ ba aa yɩrɩ Kilodiyasi fa basɩ tɩya Gyuuma buloŋ nɛ dɩ ba lɩɩ Roma tɩyaŋ. Ɛɛ rɛ tɩŋ ba lɩɩ ko Koriŋti gɛɛ. Nyɛ rɛ Pɔɔl mʋ ba dɩya dɩ ʋ kyʋwalɩ ba."
3,"and found out they were tent makers. Paul was also a tent maker, so he stayed with them, and they worked together.","Ʋ mʋ we ba dɩya tɩyaŋ, beewɩya ʋ beel-ba buloŋ tʋma fa yaa kɩdɩgɩ rɛ. Taŋtɩsɩ rɛ ba fa aa ala kɩ yallɩ."
4,"Every Sabbath, Paul went to the synagogue. He spoke to Jews and Gentiles and tried to win them over.","Kyɛwiyesii hʋ kyɛɛ kɛ buloŋ, ʋ aa mʋ ba wɩɩkyʋwaldɩya rɛ. Ʋ bee Gyuuma abee Giriki tɩmma buloŋ kaŋ Wɩɩsɩ wɩya hʋ kɩ kpa dɔmɔŋ. Ʋ aa kɩ lʋga dɩ ba laa Wɩɩsɩ wɩya hʋ di."
6,"Finally, they turned against him and insulted him. So he shook the dust from his clothes and told them, “Whatever happens to you will be your own fault! I am not to blame. From now on I am going to preach to the Gentiles.”","Nyɛ rɛ Gyuuma hʋ lɩɩ ʋ hal aŋ kɩ tʋʋsɩ ʋ. Ba aa yaa gɛɛ hʋ tɩyaŋ nɛ, Pɔɔl pigisi ʋ gannɩ kʋŋkɔyɩ we ba tɩyaŋ , aŋ basɩ tɩya ba a baa, “Dɩ ma kɩdɩgɩ buloŋ nɛ ko nyʋgɩsɩ Wɩɩsɩ ŋmanɩɩ hʋ tɩyaŋ, ʋ tɩɩna haakye maga ʋ rɛ. Ŋ kɛ wɩɩ bɩl daa. A yaŋ lɩɩ gyɩnaŋ kɩ mʋ, ŋ sɩ mʋ basɩ Wɩɩsɩ wɩweliye hʋ a tɩya nala hʋ aa bɩ yaa Gyuuma.”"
7,"Paul then moved into the house of a man named Titius Justus, who worshiped God and lived next door to the synagogue.","Ʋ aa basɩ wɩya no hal tɩyaŋ nɛ, ʋ sii mʋ gyʋʋ baal kɩdɩgɩ aa bɩ yaa Gyuu aŋ kɩ kyʋwalɩ Wɩɩsɩ dɩya, ba kɩ yɩrɩ Titiyo Gyusitu. Ʋ dɩya mɛ fa sɩŋ kpaga Gyuuma wɩɩkyʋwaldɩya hʋ rɛ."
8,"Crispus was the leader of the synagogue. He and everyone in his family put their faith in the Lord. Many others in Corinth also heard the message, and all the people who had faith in the Lord were baptized.","Baal kɩdɩgɩ ba aa yɩrɩ Kirisipu rɛ fa yaa wɩɩkyʋwaldɩya no sɩlaal. Ʋ bee ʋ dɩya nala kɛ buloŋ nɛ fa laa á Tɩɩna Yesu wɩya di. Nala yʋga mɛ fa nɩɩ Wɩɩsɩ wɩya hʋ rɛ Koriŋti tɩyaŋ, a mɛ laa di. Ba fo ba buloŋ wɩɩkyʋwalnɩɩ."
9,"One night, Paul had a vision, and in it the Lord said, “Don't be afraid to keep on preaching. Don't stop!","Nyɛ rɛ kyɛɛ kɩdɩgɩ tebine, Pɔɔl duwoso tɩyaŋ, ʋ na dɩ Wɩɩsɩ basɩ tɩya ʋ baa, “Ta kɩ fá kambɩŋ. Ɩ kɛ ha basɩ wɩya kɩ tɩya nala hʋ, aŋ ta kpaa ta."
10,"I am with you, and you won't be harmed. Many people in this city belong to me.”","Beewɩya, ŋ sɩŋ ɩ hal lɛ. Nal buloŋ bɩ sɩ wuwo kana ɩ yaa wɩbɔŋ buloŋ, beewɩya ŋ nala yʋga rɛ bee no tɩyaŋ.”"
11,"Paul stayed on in Corinth for a year and a half, teaching God's message to the people.","Pɔɔl hɔŋ doŋ nɛ bɩna abee kyalɩɩ, a kɩ daga nala Wɩɩsɩ wɩya."
12,"While Gallio was governor of Achaia, some of the Jewish leaders got together and grabbed Paul. They brought him into court",Haŋ saŋa hʋ tɩyaŋ Galiyo rɛ fa yaa Roma nɩhɩyawʋ hʋ aa deŋ Akaaya paalʋʋ. Ɛɛ rɛ Gyuuma hʋ sii laŋŋɩ dɔmɔŋ a kaŋ Pɔɔl mʋ ba sarɩya lidiilii.
13,"and said, “This man is trying to make our people worship God in a way that is against our Law!”","Ba baa, “Baal no aa lʋgɩ rɛ dɩ nala laa ʋ nyʋwa hʋ di, a kɩ tɩŋ Wɩɩsɩ abee ŋmanɩɩ hʋ aa sɩ kyogi á sɩŋsɩ.”"
14,"Even before Paul could speak, Gallio said, “If you were charging this man with a crime or some other wrong, I would have to listen to you.","Pɔɔl aa yaa dɩ ʋ basɩ wɩya, ɛɛ rɛ Galiyo basɩ tɩya Gyuuma hʋ a baa, “Gyuuma, dɩ baal no rɛ fa yaa wɩɩ kyogi, ʋ fa kaŋ ŋmanɩɩ rɛ dɩ ŋ di kenyiri, aŋ gyegili nɩɩ ma wɩbasɩɩ."
15,"But since this concerns only words, names, and your own law, you will have to take care of it yourselves. I refuse to judge such matters.”","Amɛ ʋ aa yaa wɩbasɩɩ abee ma fene yɩrɩɩ wɩya, abee ma tɩɩ sɩŋsɩ wɩya nyɛ, ʋ maga dɩ ma tɩɩ kaŋ mʋ dɩya rɛ a basɩ we dɔmɔŋ. Ŋ bɩ sɩ wuwo laa wɩɩ no gyɩma tɩya ma.”"
16,Then he sent them out of the court.,Ɛɛ rɛ ʋ kil ba ta ba lɩɩ sarɩya hʋ lidiilii tɩyaŋ.
17,"The crowd grabbed Sosthenes, the Jewish leader, and beat him up in front of the court. But none of this mattered to Gallio. Paul Returns to Antioch in Syria","Ba buloŋ lɩɩ gol kaŋ Sɔsɩtɩnɛɛsɩ, nal hʋ fa aa yaa Gyuuma wɩɩkyʋwaldɩya hʋ sɩlaal, a ŋmaa ʋ weliŋ sarɩya hʋ lidiilii dimbeenyʋwa tɩyaŋ. Abee gɛɛ buloŋ, ka Galiyo paalɩ bɩ tɔgɩmɔ ba. Pɔɔl mɩɩgɩ mʋ Aŋtiyɔki"
18,"After Paul had stayed for a while with the Lord's followers in Corinth, he told them goodbye and sailed on to Syria with Aquila and Priscilla. But before he left, he had his head shaved at Cenchreae because he had made a promise to God.","Pɔɔl fa pɩɩsa rɛ weliŋ Koriŋti tɩyaŋ. Ɛɛ rɛ ʋ sii a kyʋwalɩ Krisitabiisi hʋ aa we Koriŋti tɩyaŋ, aŋ lɩɩ doŋ. Ʋ bee Pirisila abee Akula buloŋ sii mʋ a gyʋʋ nɩɩduworiboribal dɩ ba mʋ Siiriya paalʋʋ. Ka dɩ ba na lɩɩ Keŋkiriya tɩyaŋ, Pɔɔl fa fʋma ʋ nyuu rɛ, beewɩya ʋ fa dii nyʋwa rɛ Wɩɩsɩ lee."
19,"The three of them arrived in Ephesus, where Paul left Priscilla and Aquila. He then went into the synagogue to talk with the people there.","Ba mʋ pele tɔɔ kɩdɩgɩ ba aa yɩrɩ Ɛfiso. Doŋ tɩyaŋ nɛ Pɔɔl leŋ Pirisila abee Akula, aŋ mʋ gyʋʋ wɩɩkyʋwaldɩya. Ʋ bee Gyuuma kaŋ wɩya kɩ kpa dɔmɔŋ."
23,"After staying there for a while, he left and visited several places in Galatia and Phrygia. He helped the followers there to become stronger in their faith. Apollos in Ephesus","Ʋ hɔŋ doŋ mɛ pɩɩsɩ mʋhʋ rɛ aŋ bɩl sii tɩŋ Galetiya bee Firigyiya paalʋʋ, a basɩ wɩya kɩ tɩya Krisitabiisi hʋ aa we doŋ, dɩ ba marɩ laa Yesu wɩya di weliŋ. Apolo mʋʋ Ɛfiso abee Koriŋti"
24,A Jewish man named Apollos came to Ephesus. Apollos had been born in the city of Alexandria. He was a very good speaker and knew a lot about the Scriptures.,"Gyuu kɩdɩgɩ aa lɩɩ Alizaŋdiriya mɛ rɛ fa we doŋ, ba kɩ yɩrɩ Apolo. Ʋ mɛ sii ko Ɛfiso. Ʋ fa gyɩŋ wɩya basɩɩ rɛ weliŋ, a bɩl gyɩŋ Wɩɩsɩ teŋ hʋ mɛ weliŋ."
25,"He also knew much about the Lord's Way, and he spoke about it with great excitement. What he taught about Jesus was right, but all he knew was John's message about baptism.","Ba fa daga ʋ á Tɩɩna Yesu ŋmanɩɩ hʋ tɩŋɩɩ rɛ weliŋ. Ʋ aa kɩ daga Yesu wɩya weliŋ abee sɩfɩyasɩ. Ka wɩya hʋ buloŋ ʋ aa basɩ a mʋ kɩ tile Yesu tɩyaŋ mɛ yaa wɩtɩɩ. Abee gɛɛ buloŋ, dɩ ʋ rɛ ko kɩ basɩ wɩɩkyʋwalnɩɩ foyi wɩya, Gyɔɔŋ Wɩɩsɩ nɩɩfool hʋ aa fo nala wɩɩkyʋwalnɩɩ hʋ dʋŋ wɩya rɛ ʋ gyɩma."
26,"Apollos started speaking bravely in the synagogue. But when Priscilla and Aquila heard him, they took him to their home and helped him understand God's Way even better.","Ʋ aa we Ɛfiso tɩyaŋ, ʋ basɩ Wɩɩsɩ wɩya rɛ abee nyuduwo wɩɩkyʋwaldɩya hʋ tɩyaŋ. Pirisila bee Akula mɛ we doŋ a nɩɩ wɩya hʋ ʋ aa basɩ. Nyɛ rɛ ba kana ʋ mʋ ba dɩya a marɩ daga ʋ Wɩɩsɩ ŋmanɩɩ hʋ weliŋ."
27,"Apollos decided to travel through Achaia. So the Lord's followers wrote letters, encouraging the followers there to welcome him. After Apollos arrived in Achaia, he was a great help to everyone who had put their faith in the Lord Jesus because of God's gift of undeserved grace.","Ɛɛ rɛ Apolo sii kɩ kyɛ dɩ ʋ mʋ Akaaya paalʋʋ. Krisitabiisi hʋ aa we Ɛfiso tɩyaŋ sabɩ teŋ tɩya Krisitabiisi hʋ aa we Giriisi tɩyaŋ, a kpaanɩ ba weliŋ dɩ Apolo kɩ ko doŋ, dɩ ba kana ʋ weliŋ. Ʋ aa mʋʋ doŋ, ʋ pɛɛ nala hʋ aa laa Yesu wɩya di rɛ Wɩɩsɩ lahɔrʋmɔ tɩyaŋ,"
28,"He got into fierce arguments with the Jewish people, and in public he used the Scriptures to prove that Jesus is the Messiah.","amarɩkpatɩya dɩ ʋ bee Gyuuma rɛ ko kaŋ wɩya kɩ kpa dɔmɔŋ nala tɩyaŋ, ʋ aa kpa Wɩɩsɩ teŋ wɩya rɛ a basɩ wɩya lo ba, a daga anɩɩ Yesu rɛ yaa Krisita hʋ."
1,"While Apollos was in Corinth, Paul traveled across the hill country to Ephesus, where he met some of the Lord's followers.","Apolo fa aa we Koriŋti tɩyaŋ gɛɛ rɛ, Pɔɔl bɩl gɔllɩ gɛɛ a ko pele Ɛfiso. Doŋ tɩyaŋ nɛ ʋ na nala badɔmɔŋ aa laa Yesu wɩya di."
2,"He asked them, “When you put your faith in Jesus, were you given the Holy Spirit?” “No!” they answered. “We have never even heard of the Holy Spirit.”","Ɛɛ rɛ Pɔɔl pɩyɛsɩ ba a baa, “Saŋa hʋ ma aa laa Yesu wɩya di, Wɩɩsɩ kpa ʋ Wiyesi Welii hʋ we ma tɩyaŋ nɛ?” Nyɛ rɛ ba baa, “Aayɩ, á kɛ ha bɩ maakyiye nɩɩ Wɩɩsɩ Wiyesi Welii no wɩya gba.”"
4,"Paul replied, “John baptized people so they would turn to God. But he also told them someone else was coming, and they should put their faith in him. Jesus is the one that John was talking about.”","Ɛɛ rɛ Pɔɔl bɩl baa, “Nala hʋ aa mɩɩgɩ lɩɩ ba wɩbɔmɔ tɩyaŋ nɛ Gyɔɔŋ gyɩ kɩ fo wɩɩkyʋwalnɩɩ. Amɛ ʋ fa basɩ tɩya Iziral tɩmma rɛ anɩɩ ʋ koyi no hal tɩyaŋ, nal sɩ ko dɩ ba kɩ yɩrɩ ʋ tɩɩna Yesu, aŋ bɩl baa dɩ ʋ rɛ ko ko, dɩ ba laa ʋ wɩya di.”"
5,"After the people heard Paul say this, they were baptized in the name of the Lord Jesus.","Ba aa nɩɩ wɩɩ no Pɔɔl aa basa, ba leŋ ʋ fo ba wɩɩkyʋwalnɩɩ á Tɩɩna Yesu feŋ tɩyaŋ."
7,There were about twelve men in this group.,Nala no buloŋ gyɩ yaa anɩɩ baala fi abee balɩya rɛ.
10,"for two years, until every Jew and Gentile in Asia had heard the Lord's message. The Sons of Sceva",Ʋ val yaa gɛɛ rɛ a mʋ pele bɩsɩ balɩya. Gyuuma abee Giriki tɩmma hʋ buloŋ aa we Esɩya paalʋʋ tɩyaŋ wuwo nɩɩ á Tɩɩna Yesu wɩya. Siiva balɩya gɔllɔ kɩ kile gyɩŋbɔmɔ
11,God gave Paul the power to work great miracles.,Wɩɩsɩ gyɩ leŋ Pɔɔl wuwo kɩ yaa wɩmagɩla rɛ kɩŋkaŋ.
12,"People even took handkerchiefs and aprons that had touched Paul's body, and they carried them to everyone who was sick. All of the sick people were healed, and the evil spirits went out.","Haalɩ, ba aa paa gannɩ bee gakɔsʋŋsɩ hʋ Pɔɔl aa dige rɛ a kaŋ mʋ tɩya wɩɩla tɩmma, ba dige, a na laaŋfɩya. Dɩ gyɩŋbɔmɔ rɛ fa kaŋ nal mɛ, ba aa lɩɩ ʋ tɩɩna tɩyaŋ nɛ ka ʋ na laaŋfɩya."
13,"Some Jewish men started going around trying to force out evil spirits by using the name of the Lord Jesus. They said to the spirits, “Come out in the name of that same Jesus that Paul preaches about!”","Gyuuma badɔmɔŋ mɛ fa we doŋ a gɔllɩ kɩ kile gyɩŋbɔmɔ nala tɩyaŋ. Ba mɛ kɩ lʋga dɩ ba yaa gɛɛ á Tɩɩna Yesu feŋ tɩyaŋ. Dɩ ba ko kɩ kyɛ dɩ ba kile gyɩŋbɔmɔ, ba aa basɩ baa, “Ŋ baa ma lɩɩ Yesu feŋ tɩyaŋ, nal hʋ wɩya Pɔɔl aa basɩ.”"
14,"Seven sons of a high priest named Sceva were doing this,",Baala bapɛ rɛ fa aa yaa gɛɛ. Ba kuwo feŋ nɛ Siiva. Ʋ fa yaa Gyuuma wɩɩkyʋwal sɩlaala nɩhɩyawʋ rɛ.
15,"when an evil spirit said to them, “I know Jesus! And I have heard about Paul. But who are you?”","Ɛɛ rɛ kyɛɛ kɩdɩgɩ gyɩŋbɔŋ kɩdɩgɩ basɩ tɩya ba a baa, “Ŋ gyɩŋ Yesu rɛ, a gyɩŋ Pɔɔl mɛ, aŋka ma mɛ yaa kɩbeema rɛ?”"
16,"Then the man with the evil spirit jumped on them and beat them up. They ran out of the house, naked and bruised.","Nyɛ rɛ gyɩŋsɩ hʋ aa kaŋ baal hʋ sii kaŋ ba, a ŋmaa ba weliŋ, aŋ pɩrɩ ba pɛ. Ka ba gannɩ mɛ buloŋ kɩyɛsɩ, ba buloŋ lɩɩ fá dɩya hʋ tɩyaŋ abee teŋkpelli."
17,"When the Jews and Gentiles in Ephesus heard about this, they were so frightened that they praised the name of the Lord Jesus.","Gyuuma hʋ bee Giriki tɩmma hʋ abee nala hʋ buloŋ aa we Ɛfiso tɩyaŋ aa nɩɩ wɩɩ no, kambɩŋ gyɩ gyʋʋ ba buloŋ nɛ. Doŋ tɩyaŋ nɛ ba marɩ kɩ kpa á Tɩɩna Yesu yohuŋ weliŋ."
18,Many who were followers now started telling everyone about the evil things they had been doing.,"Nala hʋ aa laa Yesu wɩya di yʋga ko, a basɩ ba wɩbɔmɔ hʋ buloŋ ba aa yaa a tɩya Pɔɔl, haŋ nɩgyamaa hʋ sɩya tɩyaŋ."
20,So the Lord's message spread and became even more powerful. The Riot in Ephesus,"Wɩmagɩla no buloŋ leŋ á Tɩɩna nyʋwa hʋ taalɩ lee buloŋ, aŋ kaŋ dee mɛ weliŋ. Taawɛɛ siye Ɛfiso tɩyaŋ"
21,"After all this had happened, Paul decided to visit Macedonia and Achaia on his way to Jerusalem. Paul had said, “From there I will go on to Rome.”","Wɩya no hal tɩyaŋ nɛ Pɔɔl na anɩɩ ʋ sɩ tɩŋ Masidooniya paalʋʋ abee Akaaya paalʋʋ a mʋ Gyerusalɛm. Ɛɛ rɛ ʋ baa, “Dɩ mɩyaŋ nɛ mʋ doŋ, ʋ maga dɩ ŋ mʋ Roma mɛ rɛ.”"
22,"So he sent his two helpers, Timothy and Erastus, to Macedonia. But he stayed on in Asia for a while.",Nyɛ rɛ Pɔɔl tɩŋ nala hʋ fa aa kɩ pɛ ʋ tɩyaŋ ba tɩyaŋ nala balɩya dɩ ba mʋ Masidooniya. Timoti bee Irasitu rɛ ʋ tɩma. Aŋka ʋ tɩɩ kɛ ha hɔŋ Ɛfiso tɩyaŋ.
23,At that time there was serious trouble because of the Lord's Way.,Saŋa no tɩyaŋ nɛ nyʋʋtaaduwo gyɩ gyʋʋ Ɛfiso nala abee sɩfɩyasɩ a mʋ kɩ tile á Tɩɩna Yesu ŋmanɩɩ hʋ tɩŋɩɩ tɩyaŋ.
24,A silversmith named Demetrius had a business that made silver models of the temple of the goddess Artemis. Those who worked for him earned a lot of money.,"Lugil kɩdɩgɩ rɛ fa we doŋ ba kɩ yɩrɩ Dɛmitiriyo. Salma rɛ ʋ fa aa kpa kɩ lugo kɩna aa kɩɩ Atɛmɩsɩ, ba vʋgɩbal hʋ dɩya. Tʋma no tɩyaŋ nɛ ʋ bee ʋ tʋŋtʋnna buloŋ ko yaa kɩna tɩmma."
25,"Demetrius brought together everyone who was in the same business and said: Friends, you know we make a good living at this.","Nyɛ rɛ kyɛɛ kɩdɩgɩ ʋ yɩrɩ ʋ tʋŋtʋnna abee ʋ tʋŋtʋnnɩ dɔŋtɩŋsɩ a ko laŋŋɩ, a basɩ tɩya ba a baa, “Ŋ kyaŋsɩ, ma gyɩma anɩɩ tʋma no tɩyaŋ nɛ á dʋwa buloŋ lɩɩ. Beewɩya tʋma no rɛ aa tɩya ma molbiye."
26,"But you have surely seen and heard how this man Paul is upsetting a lot of people, not only in Ephesus, but almost everywhere in Asia. He claims that the gods we humans make are not really gods at all.","Ma tɩɩ mɛ nɩya rɛ, a kɩ na mɛ wɩya hʋ Pɔɔl aa yaa. Ʋ baa dɩ vʋga hʋ nihuwobiŋ aa lugo bɩ yaa Wɩɩsɩ. Ɛfiso abee Esɩya paalʋʋ gyeniŋ buloŋ nɛ ʋ wuwo kaŋ nɩgyamaa hakɩllɩ bɩrɩmɩ ba ko laa wɩɩ no di."
27,"Everyone will start saying terrible things about our business. They will stop respecting the temple of the goddess Artemis, who is worshiped in Asia and all over the world. Our great goddess will be forgotten!","Wɩɩ hʋ ŋ aa fá rɛ nyɛ: Nala sɩ kyogi á tʋma no feŋ, a bɩl kɩ fá mɛ anɩɩ á vʋgɩbal hʋ Atɛmɩsɩ sɩ ko yaa kɩtɔɔ. Nala bɩl bɩ sɩ kɩ tɩya ʋ gyɩrɩma, koo a kɩ bigisi ʋ. Beewɩya, lagɩlagɩ no, Esɩya nala abee dʋnɩya nal kɛ buloŋ nɛ nɩɩ ʋ wɩya a kɩ tɩya ʋ gyɩrɩma.”"
28,"When the workers heard this, they got angry and started shouting, “Great is Artemis, the goddess of the Ephesians!”","Nala hʋ aa nɩɩ wɩɩ no, ba buloŋ baaŋ sii. Ba kɩ yaa kyagɩŋsɩ a baa, “Á vʋgɩbal hʋ Atɛmɩsɩ aa we Ɛfiso tɩyaŋ nɛ kaŋ dee.”"
29,"Soon the whole city was in a riot, and some men grabbed Gaius and Aristarchus, who had come from Macedonia with Paul. Then everyone in the crowd rushed to the place where the town meetings were held.",Ɛɛ rɛ ba kaŋ bee hʋ buloŋ vʋgɩmɩ. Haŋ nɩgyamaa hʋ buloŋ kaŋ Geyosi abee Arisitaakusi aa lɩɩ Masidooniya a kɩ tɩŋa Pɔɔl hal. Nyɛ rɛ ba tarɩ ba kaŋ mʋ lee hʋ bee hʋ nala aa kɩ laŋŋɩ.
30,"Paul wanted to go out and speak to the people, but the Lord's followers would not let him.","Ba aa kaŋ ba mʋ doŋ gɛɛ, Pɔɔl tɩɩ fa aa kyɛ dɩ ʋ mʋ gyʋʋ nala hʋ tɩyaŋ nɛ, amɛ nala hʋ aa laa Yesu wɩya di hʋ bɩ laa nyʋwa."
31,"A few of the local officials were friendly to Paul, and they sent someone to warn him not to go.","Esɩya paalʋʋ nɩhɩyasɩ badɔmɔŋ bee Pɔɔl aa yaa kyaŋsɩ, tɩma dɩ ba mʋ basɩ tɩya Pɔɔl dɩ ʋ ta ko gyʋʋ nala hʋ tɩyaŋ."
32,"Some of the people in the meeting were shouting one thing, and others were shouting something else. Everyone was completely confused, and most of them did not even know why they were there.","Nala hʋ buloŋ aa laŋŋa doŋ fa bɩ gyɩŋ wɩɩ hʋ aa yaa. Ba badɔmɔŋ aa yaa kyagɩŋsɩ baa nyɛ rɛ, ka ba badɔmɔŋ mɛ baa dɩ ɛɛ daa, dɩ wɩɩ no rɛ. Ba gyeniŋ buloŋ fa paalɩ bɩ gyɩŋ wɩɩ hʋ aa tɩŋ ba ko laŋŋɩ doŋ tɩyaŋ."
33,Several of the Jewish leaders pushed a man named Alexander to the front of the crowd and started telling him what to say. He motioned with his hand and tried to explain what was going on.,"Gyuu kɩdɩgɩ rɛ fa we nala hʋ tɩyaŋ ba kɩ yɩrɩ Alizaŋda. Ʋ rɛ Gyuuma hʋ gyɩ leŋ ʋ lɩɩ sɩŋ ba sɩya tɩyaŋ. Ɛɛ rɛ tɩŋ nala hʋ badɔmɔŋ gyɩ liisi anɩɩ ʋ rɛ yaa wɩɩ hʋ tɩyaŋ nɩbal. Ɛɛ rɛ Alizaŋda kaŋ nosi viri dɩ ba leŋ kyagɩŋsɩ, aŋ kɩ lʋga dɩ ʋ basɩ tɩya nala hʋ anɩɩ wɩɩ buloŋ tuwo ba beel-ʋ paga tɩyaŋ."
34,"But when the crowd saw that he was Jewish, they all shouted for two hours, “Great is Artemis, the goddess of the Ephesians!”","Ʋ aa yaa gɛɛ, ba na nɩɩ ʋ yaa Gyuu rɛ. Ɛɛ rɛ ba buloŋ bɩl yaa kyagɩŋsɩ we dɔmɔŋ a mʋ maga gɛɛ aŋ kɩ basɩ, “Á vʋgɩbal hʋ Atɛmɩsɩ aa we Ɛfiso tɩyaŋ nɛ kaŋ dee.”"
35,"Finally, a town official made the crowd be quiet. Then he said: People of Ephesus, who in the world doesn't know that our city is the center for worshiping the great goddess Artemis? Who doesn't know that her image which fell from heaven is right here?","Nyɛ rɛ ba bee kerikyi-hɩyawʋ kɩdɩgɩ ko lɩɩ a wuwo leŋ ba leŋ kyagɩŋsɩ hʋ, ka ʋ basɩ tɩya ba a baa, “Ɛfiso nala, nal buloŋ gyɩma rɛ anɩɩ ámaa rɛ tɩŋ á Atɛmɩsɩ, á vʋgɩbal hʋ, abee ʋ toŋo hʋ aa yaa bʋyɩ a lɩɩ wɩɩsɩ nyuu ko tuu buloŋ."
36,"No one can deny this, and so you should calm down and not do anything foolish.","Nal buloŋ bɩ sɩ wuwo kaŋ wɩɩ no kyɩɩsɩ. Ɛɛwɩya, ma leŋ kyagɩŋsɩ aŋ ta kɩ yaa wɩɩ hʋ aa bɩ kaŋ memii."
37,You have brought men in here who have not robbed temples or spoken against our goddess.,"Nala no bɩ gaa kpa kɩŋ buloŋ á vʋgɩbal hʋ lɩmarɩɩ tɩyaŋ, ba bɩl bɩ basɩ wɩɩ mɛ kyogi á vʋgɩbal hʋ feŋ, ka ma kasɩ ba kaŋ ko daha nyɛ."
38,"If Demetrius and his workers have a case against these men, we have courts and judges. Let them take their complaints there.","Dɩ Dɛmitiriyo bee ʋ tʋŋtʋnna rɛ kaŋ wɩɩ bee nal buloŋ mɛ, ka sarɩya mɛ kaŋ ʋ kyɛdiilii rɛ, ma bee hɩyarɩ mɛ we doŋ ba aa sɩ di sarɩya hʋ. Ma leŋ dɩ ba mʋ doŋ kɩ nyaŋ dɔmɔŋ."
39,"But if you want to do more than that, the matter will have to be brought before the city council.","Amɛ dɩ wɩɩ kɩdɩgɩ mɛ dɔŋ nɛ we doŋ ma kɩ kyɛ dɩ ma basɩ, ma kaŋ mʋ lee hʋ bee hʋ nala aa laŋŋɩ a kɩ vʋʋlɩ wɩya."
40,We could easily be accused of starting a riot today. There is no excuse for it! We cannot even give a reason for this uproar.,"Dɩ ba aa rɛ pɩyɛsɩ ma, á bɩ sɩ wuwo basɩ wɩɩ buloŋ a mʋ kɩ tile taawɛɛ no aa siye gyɩnaŋ. Wɩɩ hʋ ŋ aa faa rɛ nyɛ, ba sɩ baa dɩ ámaa rɛ we taawɛɛ hʋ.”"
41,"After saying this, he told the people to leave.","Ʋ aa basɩ gɛɛ ko teŋ, ʋ leŋ nala hʋ buloŋ fa aa laŋŋa sii mʋ ba dɩɩsɩ."
1,"When the riot was over, Paul sent for the followers and encouraged them. He then told them goodbye and left for Macedonia.","Ɛɛ rɛ taawɛɛ hʋ ko teŋ, ka Pɔɔl yɩrɩ Krisitabiisi hʋ aa we Ɛfiso tɩyaŋ a basɩ nyunyaasɩ wɩya tɩya ba. Ʋ aa basɩ wɩya hʋ ko teŋ, ɛɛ rɛ ʋ ta ba, aŋ sii kpa mʋ Masidooniya paalʋʋ."
2,"As he traveled from place to place, he encouraged the followers with many messages. Finally, he went to Greece",Masidooniya paalʋʋ buloŋ nɛ ʋ gɔllɩ a basɩ nyunyaasɩ wɩya yʋga a kɩ tɩya Krisitabiisi hʋ aa we doŋ. Ɛɛ rɛ ka ʋ bɩl lɩɩ doŋ a kpa mʋ Giriisi paalʋʋ.
3,"and stayed there for three months. Paul was about to sail to Syria. But some of the Jewish leaders plotted against him, so he decided to return by way of Macedonia.","Ʋ we Giriisi paalʋʋ tɩyaŋ nɛ ʋ peŋsi boto. Ɛɛ rɛ ʋ sii yaa ʋ siri dɩ ʋ gyʋʋ nɩɩduworiboro a mʋ Siiriya paalʋʋ. Ʋ aa yaa siri gɛɛ, ʋ nɩɩ anɩɩ Gyuuma aa vʋʋlɩ rɛ dɩ ba kpʋ ʋ. Nyɛ rɛ ʋ bɩrɩmɩ ʋ hakɩla, a mɩɩgɩ sii tɩŋ Masidooniya dɩɩlaŋ mʋ."
4,"With him were Sopater, son of Pyrrhus from Berea, and Aristarchus and Secundus from Thessalonica. Gaius from Derbe was also with him, and so were Timothy and the two Asians, Tychicus and Trophimus.","Nala no rɛ gyɩ aa tɩŋ Pɔɔl hal: Faarusi biibaal Sopata aa lɩɩ Bɛriya, abee Arisitaakusi bee Sɛkundu aa lɩɩ Tesaloniika; abee Geyosi aa lɩɩ Dɛɛbi, a yaŋ bee Takikusi bee Turofimɔsɩ mɛ aa lɩɩ Esɩya paalʋʋ. Nala no bee Timoti rɛ fa aa tɩŋ Pɔɔl hal."
5,They went on ahead to Troas and waited for us there.,Ba aa rɛ laa sɩya a mʋ gyegili ma Turowasɩ tɩyaŋ.
6,"After the Festival of Thin Bread, we sailed from Philippi. Five days later we met them in Troas and stayed there for a week. Paul's Last Visit to Troas","Gbɩyalbal hʋ tɩyaŋ ba aa dɩ paanʋʋ hʋ aa bɩ kaŋ sɩbʋl gyɩ ko parɩ rɛ, ka á na sii Filipi tɩyaŋ a gyʋʋ nɩɩduworiboro, a vala kyɛyɛ bɔnɔŋ, aŋ na mʋ puu ba Turowasɩ tɩyaŋ, a we doŋ kyɛyɛ bapɛ. Pɔɔl mʋʋ Turowasɩ ʋ mʋ kateŋse"
7,On the first day of the week we met to break bread together. Paul spoke to the people until midnight because he was leaving the next morning.,"Asibiti kyɛɛ dɩdaana, á buloŋ sii laŋŋɩ dɔmɔŋ dɩ a dɩ kɩdiiliye hʋ Krisita fa aa baa dɩ á kɩ di aŋ kɩ liisi ʋ wɩya hʋ. Ʋ sɩya rɛ sɩ gballɩ dɩ Pɔɔl sii mɩɩgɩ mʋ. Ɛɛ rɛ ʋ basɩ wɩya gɛɛ deŋdeŋ lee mʋ kerisi."
8,"In the upstairs room where we were meeting, there were a lot of lamps.",Salnyuu dɩya tɩyaŋ nɛ á fa hɔŋ aŋ nyɔgɔ fɩŋtɩŋsɩ yʋga.
9,"A young man by the name of Eutychus was sitting on a window sill. While Paul was speaking, the young man got very sleepy. Finally, he went to sleep and fell three floors all the way down to the ground. When they picked him up, he was dead.","Bapʋwasɩbiye kɩdɩgɩ mɛ rɛ fa we doŋ ba kɩ yɩrɩ Yutikusi. Tokoro tɩyaŋ nɛ ʋ fa hɔŋ. Pɔɔl aa basɩ wɩya hʋ kɩ pɩɩsɩ gɛɛ, ʋ hɔŋ kɩ dɩyɛgɩ doo, a ko kpa doo pɩŋ. Doo hʋ pɩnɩɩ tɩyaŋ nɛ, ʋ fori lɩɩ salnyuu dɩya hʋ tɩyaŋ, a tuu tele taŋha. Ba tuu kɩ kpa ʋ dɩ ʋ sʋba."
10,"Paul went down and bent over Eutychus. He took him in his arms and said, “Don't worry! He's alive.”","Ɛɛ rɛ Pɔɔl mɛ sii tuu a luŋ guwori ʋ aŋ basɩ tɩya nala hʋ a baa, “Ma ta leŋ dɩ ʋ yaa wɩɩ buloŋ, ʋ ha weye rɛ.”"
12,Then the followers took the young man home alive and were very happy. The Voyage from Troas to Miletus,Bapʋwasɩbiye hʋ weye rɛ ba kana ʋ mʋ dɩya abee teŋfɩyɛlʋʋ. Pɔɔl sii Turowasɩ tɩyaŋ a mʋ Miletu
14,"When he met us in Assos, he came aboard, and we sailed on to Mitylene.","Pɔɔl aa ko puu ma Asɔɔsɩ tɩyaŋ, ɛɛ rɛ á kpa ʋ abee nɩɩduworiboribal hʋ a mʋ tɩŋ Mitilini."
15,"The next day we came to a place near Chios, and the following day we reached Samos. The day after that we sailed to Miletus.","Ʋ sɩgballɩya, á kpa ko Kiyɔsi. Ʋ sɩya bɩl gballɩ, á kpa mʋ Samɔsi. Doŋ nɛ á bɩl sii ʋ sɩgballɩya a kpa ko pele Miletu."
16,"Paul had decided to sail on past Ephesus, because he did not want to spend too much time in Asia. He was in a hurry and wanted to be in Jerusalem in time for Pentecost. Paul Says Goodbye to the Church Leaders of Ephesus","Á bɩl aa sii Miletu mɛ tɩyaŋ, Pɔɔl baa dɩ ʋ bɩ sɩ sɩŋ Ɛfiso tɩyaŋ. Beewɩya dɩ ʋ bee kyɛ dɩ ʋ pɩɩsɩ Esɩya paalʋʋ tɩyaŋ. Ʋ fa aa kyɛ dɩ ʋ mʋ Gyerusalɛm lagɩ rɛ a puu Pɛŋtikosi kyɛbal hʋ doŋ tɩyaŋ. Pɔɔl basɩ wɩya tɩya Krisitabiisi nɩhɩyasɩ Ɛfiso tɩyaŋ"
17,"From Miletus, Paul sent a message for the church leaders at Ephesus to come and meet with him.",Ɛɛ rɛ á kpa gallɩ ko Miletu. Nyɛ rɛ Pɔɔl tɩma yɩrɩ Krisitabiisi nɩhɩyasɩ hʋ aa we Ɛfiso tɩyaŋ dɩ ba ko.
18,"When they got there, he said: You know everything I did during the time I was with you when I first came to Asia.","Ba aa ko, ʋ basɩ tɩya ba a baa, “Ma tɩɩ gyɩŋ ɛɛ hʋ ŋ aa kɩya rɛ saŋa hʋ ŋ beel-ma fa aa we doŋ, a lɩɩ saŋa hʋ tɩyaŋ ŋ aa piile ko Esɩya paalʋʋ a kaŋ kɩ ko gyɩnaŋ."
19,Some of the Jews plotted against me and caused me a lot of sorrow and trouble. But I served the Lord and was humble.,"Akuu Gyuuma aa vʋʋlɩ dɩ ba kpʋ ŋ wɩya, ŋ naa tʋwara rɛ kɩŋkaŋ, a wɩɩ sɩnɩɩl mɛ weliŋ. Amɛ abee gɛɛ buloŋ, ŋ ha kaŋ ŋ tɩɩ bɩrɩmɩ biibiye rɛ, dɩ ŋ wuwo tuŋ á Tɩɩna Wɩɩsɩ tʋma hʋ anɩɩ Wɩɩsɩ tʋŋtʋnnɩ."
20,"When I preached in public or taught in your homes, I didn't hold back from telling anything that would help you.",Ŋ daga ma Wɩɩsɩ wɩya rɛ nala tɩyaŋ abee ma dɩɩsɩ tɩyaŋ buloŋ. Wɩɩ kɛ buloŋ aa sɩ pɛ ma tɩyaŋ nɛ ŋ kpa daga ma. Ŋ bɩ laa nyʋwa kaŋ wɩɩ buloŋ faŋa ma.
21,I told Jews and Gentiles to turn to God and have faith in our Lord Jesus.,Gyuuma abee Giriki tɩmma buloŋ nɛ ŋ basɩ tɩya abee sɩfɩyasɩ anɩɩ ba bɩrɩmɩ lɩɩ ba wɩbɔmɔ yayɩ tɩyaŋ aŋ ko kɩ tɩŋa Wɩɩsɩ aŋ laa á Tɩɩna Yesu wɩya di.
22,"I don't know what will happen to me in Jerusalem, but I must obey God's Spirit and go there.",Wɩɩsɩ Wiyesi Welii hʋ rɛ daga ŋ dɩ ŋ mʋ Gyerusalɛm. Ʋ nyʋwa hʋ rɛ ŋ tɩŋa a kɩ mʋ nyɛ. Ŋ bɩ gyɩŋ wɩɩ hʋ buloŋ aa sɩ puu ŋ doŋ tɩyaŋ.
23,"In every city I visit, I am told by the Holy Spirit that I will be put in jail and will be in trouble in Jerusalem.","Ŋ ta gyɩma rɛ anɩɩ tɔɔ kɛ buloŋ ŋ aa mʋwa, Wɩɩsɩ Wiyesi Welii hʋ aa basɩ tɩya ŋ nɛ abee sɩfɩyasɩ anɩɩ wɩya sɩ gyʋʋ ŋ, ka dɩ ba ha kana ŋ tɔ dɩya tɩyaŋ."
24,"But I don't care what happens to me, as long as I finish the work the Lord Jesus gave me to do. And this work is to tell the good news about God's gift of undeserved grace.","Amɛ ŋ aa deŋ dɩ ŋ mɩɩbol bɩ yaa kɩŋ buloŋ ŋ kɛ lee. Ŋ kɛ sɩya tuwo dɩ ŋ sʋba koo dɩ ŋ weye. Ŋ Tɩɩna Yesu aa tɩya ŋ tʋma hʋ rɛ ŋ kɩ kyɛ dɩ ŋ tʋma teŋ. Tʋma hʋ ʋ aa kpaa tɩya ŋ nɛ yaa dɩ ŋ basɩ Wɩɩsɩ wɩweliye hʋ tɩya nala, a basɩ tɩya ba ɛɛ hʋ Wɩɩsɩ aa sɩ fa ba sikii."
25,"I have gone from place to place, preaching to you about God's kingdom, but now I know that none of you will ever see me again.","Nyɛ kɛ, ŋ gyɩma rɛ anɩɩ ma nala no ŋ aa yaŋ gɔllɩ basɩ Wɩɩsɩbee koro hʋ wɩya kɩ tɩya nyɛ, ma bɩl bɩ sɩ maakyiye na ŋ."
28,Look after yourselves and everyone the Holy Spirit has placed in your care. Be like shepherds to God's church. It is the flock he bought with the blood of his own Son.,"Ɛɛwɩya, ma kɩ deŋ ma tɩɩ nyuu weliŋ, aŋ pɛ kɩ deŋ nala hʋ mɛ ʋ Wiyesi Welii hʋ aa kpaa we ma nosi tɩyaŋ. Ma kɩ deŋ Krisitabiisi mɛ nyuu weliŋ anɩɩ pedaal aa kɩ deŋ ʋ piyese nyuu tɩyaŋ gɛɛ. Wɩɩsɩ rɛ kpaa ʋ tɩɩ biye kyal yɔbɔ ma."
31,Be on your guard! Remember how day and night for three years I kept warning you with tears in my eyes.,"Ɛɛ rɛ tɩŋ ŋ basɩ baa ma kɩ deŋ ma tɩɩ ma nyuu tɩyaŋ gɛɛ. Ma gyɩma anɩɩ ŋ bɩsɩ boto rɛ nyɛ ŋ aa daga ma kɩdɩgɩ kɩdɩgɩ buloŋ wɩɩhaa abee tebine buloŋ, a wɩɩ sɩnɩɩl mɛ weliŋ ma wɩya."
32,I now place you in God's care. Remember the message about his gift of undeserved grace! This message can help you and give you what belongs to you as God's people.,"Nyɛ kɛ, ŋ kpaa ma we Wɩɩsɩ nosi tɩyaŋ nɛ. Duwoso hʋ aa daga bɔnyɛ hʋ Wɩɩsɩ aa kana abeel-ma, ʋ rɛ sɩ pɛ ma tɩyaŋ dɩ ma kaŋ dee a wuwo sɩŋ ma laadii tɩyaŋ. Ʋ sɩ leŋ dɩ ma na wɩweliye hʋ buloŋ Wɩɩsɩ aa yaa biŋ a gbala ʋ nala buloŋ."
34,You know how I have worked with my own hands to make a living for myself and my friends.,"Ma tɩɩ gyɩma rɛ anɩɩ ŋ tʋma rɛ weliŋ abee ŋ nosi no, aŋ na na ŋ bee ŋ kyaŋsɩ kɩkyɛɛlɩya buloŋ."
36,"After Paul had finished speaking, he knelt down with all of them and prayed.","Pɔɔl aa basɩ wɩya no buloŋ ko teŋ, ʋ beel-ba buloŋ tuu gbinni, ʋ kyʋwalɩ Wɩɩsɩ tɩya ba buloŋ."
37,Everyone cried and hugged and kissed him.,"Ɛɛ rɛ ba buloŋ ko guwori ʋ, aŋ kɩ wɩɩ sɩnɩɩl."
38,"They were especially sad because Paul had told them, “You will never see me again.” Then they went with him to the ship.","Ba tɩsɩ buloŋ gyɩ kyogo rɛ weliŋ, beewɩya ʋ fa basɩ tɩya ba rɛ anɩɩ ba bɩl bɩ sɩ maakyiye na ʋ. Nyɛ rɛ ka ba buloŋ kpa tɩŋa ʋ tɩyaŋ a mʋ nɩɩduworiboro hʋ lee."
1,"After saying goodbye, we sailed straight to Cos. The next day we reached Rhodes and from there sailed on to Patara.","Nyɛ rɛ á ta dɔmɔŋ aŋ gyʋʋ nɩɩduworiboribal hʋ, a vala sɩdeŋ a mʋ lɩɩ tɔɔ kɩdɩgɩ ba aa yɩrɩ Kɔsɩ. Ʋ sɩgballɩya á bɩl sii doŋ a kpa mʋ Rodisi, a bɩl lɩɩ doŋ mɛ a kpa mʋ Patara."
2,"We found a ship going to Phoenicia, so we got on board and sailed off.",Doŋ tɩyaŋ nɛ á na nɩɩduworiboribal dɩ ʋ aa mʋ Fɔniisɩya paalʋʋ. Ɛɛ rɛ á gyʋʋ ʋ mʋ.
3,"We came within sight of Cyprus and then sailed south of it on to the port of Tyre in Syria, where the ship was going to unload its cargo.","Á aa mʋʋ hʋ tɩyaŋ nɛ, a na tɔɔ kɩdɩgɩ ba kɩ yɩrɩ Saapʋrɔsɩ. Nyɛ rɛ á gallɩ doŋ a kpa tɩŋ wɩɩpɔsɩɩ noduu dɩɩlaŋ, a mʋ pele Siiriya paalʋʋ, a mʋ sɩŋ tɔɔ kɩdɩgɩ ba aa yɩrɩ Taaya. Doŋ nɛ nɩɩduworiboribal hʋ gyɩ maga dɩ ʋ sɩŋ dɩ ba kuwoni kyʋgɩsɩ hʋ aa we ʋ tɩyaŋ."
5,"But when the week was over, we started on our way again. All the men, together with their wives and children, walked with us from the town to the seashore. We knelt on the beach and prayed.","Kyɛyɛ bapɛ no hal tɩyaŋ nɛ, á bɩl lɩɩ doŋ a kpa á ŋmanɩɩ. Baala abee ba haana abee ba biisi kaŋ ma ko lɩɩ dɩ ba we ŋmanɩɩ tɩyaŋ. Ɛɛ rɛ á buloŋ tuu gbinni nɩɩ hʋ nyʋwa tɩyaŋ a kyʋwalɩ Wɩɩsɩ."
6,"Then after saying goodbye to each other, we got into the ship, and they went back home.",Doŋ nɛ á ta dɔmɔŋ aŋ gyʋʋ nɩɩduworiboribal hʋ ka ba mɛ mɩɩgɩ mʋ dɩya.
7,"We sailed from Tyre to Ptolemais, where we greeted the followers and stayed with them for a day.",Á bɩl lɩɩ Taaya tɩyaŋ mɛ a kpa á ŋmanɩɩ a mʋ tɔɔ kɩdɩgɩ ba aa yɩrɩ Pitolimiiyasɩ. Ɛɛ rɛ á mʋ kyʋwalɩ Krisitabiisi hʋ aa we doŋ aŋ pɩŋ ba lee.
10,"We had been in Caesarea for several days, when the prophet Agabus came to us from Judea.","Doŋ nɛ á we kyɛyɛ baŋmana, dɩ baal kɩdɩgɩ ba aa yɩrɩ Agabu mɛ lɩɩ Gyudɩya paalʋʋ ko. Ʋ mɛ fa yaa Wɩɩsɩ tɩŋdaal lɛ."
11,"He took Paul's belt, and with it he tied up his own hands and feet. Then he told us, “The Holy Spirit says that some of the Jewish leaders in Jerusalem will tie up the man who owns this belt. They will also hand him over to the Gentiles.”","Ɛɛ rɛ ʋ ko á lee, a laa Pɔɔl tɛpɩɩŋbii a vʋwa ʋ tɩɩ naasɩ abee ʋ nosi buloŋ aŋ basɩ baa, Nyɛ rɛ Wɩɩsɩ Wiyesi Welii hʋ basɩ, “Gyuuma sɩ kaŋ tɛpɩɩŋbii no tɩɩna a vʋwa ʋ nyɛ Gyerusalɛm tɩyaŋ aŋ kpa ʋ we nala hʋ aa bɩ yaa Gyuuma nosi tɩyaŋ.”"
12,"After Agabus said this, we and the followers living there begged Paul not to go to Jerusalem.","Á aa nɩɩ wɩɩ no, á bee nala hʋ buloŋ fa aa we doŋ sʋla Pɔɔl dɩ ʋ ta mʋ Gyerusalɛm."
13,"But Paul answered, “Why are you crying and breaking my heart? I am not only willing to be put in jail for the Lord Jesus, but I am even willing to die for him in Jerusalem!”","Ɛɛ rɛ Pɔɔl basɩ tɩya ma a baa, “Bee rɛ tɩŋ ma kɩ wii, a leŋ ŋ tɩya buloŋ kyogi nyɛ? Dɩ ba aa rɛ sɩ kana ŋ vʋwa, koo dɩ ba aa rɛ kpʋ ŋ Gyerusalɛm tɩyaŋ mɛ, akuu ŋ Tɩɩna Yesu wɩya, ŋ kɛ laa rɛ.”"
14,"Since we could not get Paul to change his mind, we gave up and prayed, “Lord, please make us willing to do what you want.”","Ʋ aa basɩ gɛɛ ko teŋ, á na anɩɩ á bɩ sɩ wuwo tɔ ʋ ŋmanɩɩ. Ɛɛ rɛ á mɛ leŋ aŋ basɩ tɩya ʋ dɩ Wɩɩsɩ sɩ leŋ dɩ wɩɩ kɛ buloŋ ʋ aa kyɛ ʋ yaa, kɔnɩ yaa."
15,Then we got ready to go to Jerusalem.,Ɛɛ rɛ ka á mɛ yaa siri a sii mʋ Gyerusalɛm.
16,Some of the followers from Caesarea went with us and took us to stay in the home of Mnason. He was from Cyprus and had been a follower from the beginning. Paul Visits James,"Nala hʋ badɔmɔŋ aa laa Yesu wɩya di a lɩɩ Sizaariya mɛ tɩŋ á hal mʋ, a kaŋ ma mʋ gyʋʋ baal kɩdɩgɩ ba aa yɩrɩ Mineesiŋ a lɩɩ Saapʋrɔsɩ dɩya. Saŋa hʋ ba fa aa piile kɩ basɩ Yesu wɩya kɩ tɩya nala hʋ tɩyaŋ nɛ ʋ gyɩ laa Yesu wɩya di. Pɔɔl mʋʋ dɩ ʋ na Gyemsi"
17,"When we arrived in Jerusalem, the Lord's followers gladly welcomed us.","Á gyɩ aa ko pele Gyerusalɛm, Krisitabiisi hʋ gyɩ kaŋ ma weliŋ nɛ."
18,"Paul went with us to see James the next day, and all the church leaders were present.","Ʋ sɩgballɩya, á bee Pɔɔl sii mʋ dɩ á na Gyemsi. Á mʋwa dɩ Krisitabiisi nɩhɩyasɩ hʋ buloŋ laŋŋa doŋ."
19,Paul greeted them and told how God had used him to help the Gentiles.,Nyɛ rɛ Pɔɔl kyʋwalɩ ba aŋ basɩ tɩya ba ɛɛ hʋ buloŋ Wɩɩsɩ aa pɛɛ ʋ tɩyaŋ ʋ wuwo tʋŋ tʋma nala hʋ aa bɩ yaa Gyuuma tɩyaŋ.
20,"Everyone who heard this praised God and said to Paul: My friend, you can see how many tens of thousands of our people have become followers! And all of them are eager to obey the Law of Moses.","Ba aa nɩɩ wɩɩ no ko teŋ, ba dannɩ Wɩɩsɩ aŋ basɩ tɩya Pɔɔl a baa, “Á nihiyabiye Pɔɔl, ɩ kɛ deŋ na Gyuuma aa maga gɛɛ a laa Yesu wɩya di. Ba pele nala tusi tusi, ka ba buloŋ wuwo kɩ tɩŋ mɩrɩsɩ hʋ buloŋ Moosi fa aa saba biŋ dɩ nala kɩ tɩŋa."
21,But they have been told that you are teaching those who live among the Gentiles to disobey this Law. They claim that you are telling them not to circumcise their sons or to follow our customs.,"Ba nɩɩ ɩ wɩya rɛ. Ba baa dɩ ɩ aa kɩ daga Gyuuma hʋ buloŋ aa we nala hʋ aa bɩ yaa Gyuuma tɩyaŋ nɛ, aŋ baa dɩ ba vɩya mɩrɩsɩ hʋ buloŋ Moosi fa aa saba biŋ dɩ nala kɩ tɩŋa hʋ mɛ. Aŋ bɩl baa dɩ ɩ baa ba ta kɩ keri ba biisi pene, aŋ ta bɩl kɩ tɩŋ Gyuuma naabaala lesiri hʋ mɛ."
22,What should we do now that our people have heard you are here?,Ba sɩ nɩɩ anɩɩ ɩ ko daha rɛ. Wɩbee rɛ á yaŋ sɩ yaa?
23,"Please do what we ask, because four of our men have made special promises to God.","Wɩɩ kɛ buloŋ á aa sɩ baa ɩ yaa, tɩŋa á nyʋwa. Baala banaa rɛ we daha. Ba dii nyʋwa rɛ Wɩɩsɩ lee aŋ kɩ kyɛ dɩ ba lɩɩ nyʋwa hʋ."
24,Join with them and prepare yourself for the ceremony that goes with the promises. Pay the cost for their heads to be shaved. Then everyone will learn that the reports about you are not true. They will know you do obey the Law of Moses.,"Kaŋ ba dɩ ma buloŋ mʋ dɩ ɩ pɩɩsɩ ɩ bisiŋ ta, aŋ tuŋ molbiye dɩ ba mɛ pɩɩsɩ ba bisiŋ ta aŋ fʋŋ ba nyuni mɛ. Dɩ ɩ rɛ yaa gɛɛ, nal buloŋ sɩ tɩŋ gɛɛ tɩyaŋ a gyɩma anɩɩ wɩya hʋ buloŋ ba aa basɩ a mʋ kɩ tile ɩ tɩyaŋ bɩ yaa wɩtɩɩ. Ba sɩ na anɩɩ ɩ tɩɩ mɛ gba aa tɩŋ mɩrɩsɩ hʋ Moosi fa aa saba biŋ dɩ nala kɩ tɩŋa rɛ."
25,Some while ago we told the Gentile followers what we think they should do. We instructed them not to eat anything offered to idols. They were told not to eat any meat with blood still in it or the meat of an animal that has been strangled. They were also told not to commit any terrible sexual sins.,"Amɛ Krisitabiisi hʋ aa bɩ yaa Gyuuma, á laa sɩya sabɩ teŋ a basɩ tɩya ba rɛ, dɩ ba laa nyʋwa anɩɩ ba bɩl bɩ sɩ kɩ di vʋga kɩna, a ta bɩl kɩ kyaŋ pʋsɩ kyal mɛ, a ta kɩ kyaŋ kɩna aa sʋba pimmiliŋ mɛ, aŋ lɩɩ ba tɩɩ mɛ sɔŋsɔŋ tɩyaŋ.”"
26,The next day Paul took the four men with him and got himself ready at the same time they did. Then he went into the temple and told when the final ceremony would take place and when an offering would be made for each of them. Paul Is Arrested,"Pɔɔl kyaŋsɩ hʋ aa basɩ gɛɛ, ʋ sɩya gballɩ, Pɔɔl kaŋ baala hʋ banaa mʋ, ba buloŋ pɩɩsɩ ba bisiŋ ta aŋ gyʋʋ Wɩɩkyʋwaldɩɩbal hʋ. Ka ʋ daga Gyuuma wɩɩkyʋwal sɩlaala kyɛyɛ mɔɔgɛɛ ba aa sɩ pɩɩsɩ ba bisiŋ ta, ka dɩ ba kɩdɩgɩ buloŋ na kpa kɩna sʋla Wɩɩsɩ. Kyɛyɛ bapɛ rɛ ʋ daga ba. Ba kaŋ Pɔɔl Wɩɩkyʋwaldɩɩbal hʋ tɩyaŋ"
27,"When the period of seven days for the ceremony was almost over, some of the Jewish people from Asia saw Paul in the temple. They got a large crowd together and started attacking him.","Kyɛyɛ bapɛ hʋ aa ko dɩ ʋ pele, Gyuuma badɔmɔŋ aa lɩɩ Esɩya paalʋʋ na Pɔɔl dɩ ʋ we Wɩɩkyʋwaldɩɩbal hʋ tɩyaŋ. Ba mʋrɩ nɩgyamaa we ba mʋ kaŋ Pɔɔl."
29,"Some of them thought that Paul had brought Trophimus from Ephesus into the temple, because they had seen them together in the city.",Wɩɩ hʋ aa tɩŋ ba basɩ gɛɛ rɛ nyɛ: Ba fa naa Ɛfiso tɩmma baal kɩdɩgɩ ba aa yɩrɩ Turofimɔsɩ rɛ dɩ ʋ aa tɩŋ Pɔɔl hal bee hʋ tɩyaŋ. Ba kɛ fa liise anɩɩ Pɔɔl kana ʋ gyʋʋ Wɩɩkyʋwaldɩɩbal hʋ rɛ.
30,"The whole city was in an uproar, and the people turned into a mob. They grabbed Paul and dragged him out of the temple. Then suddenly the doors were shut.","Ɛɛ rɛ bee hʋ nala buloŋ laa taawɛɛ, nala hʋ buloŋ sii tɩŋ dɔmɔŋ a kaŋ Pɔɔl tarɩ lɩɩ Wɩɩkyʋwaldɩɩbal hʋ tɩyaŋ, aŋ kaŋ dimbeye hʋ tɔ haŋ lagɩlagɩbiye hʋ."
31,The people were about to kill Paul when the Roman army commander heard that all Jerusalem was starting to riot.,"Ba aa lʋga dɩ ba kpʋ ʋ gɛɛ rɛ, Roma laalyuwolo nɩhɩyawʋ hʋ nɩɩ anɩɩ taawɛɛ rɛ sii Gyerusalɛm buloŋ tɩyaŋ."
32,"So he quickly took some soldiers and officers and ran to where the crowd had gathered. As soon as the mob saw the commander and soldiers, they stopped beating Paul.","Ɛɛ rɛ ʋ sii lɩɩ laalyuwolo hʋ badɔmɔŋ abee ba nɩhɩyasɩ haŋ lagɩlagɩbiye hʋ a pɛ ʋ tɩyaŋ, ba fá mʋ lee hʋ ba aa yaa taawɛɛ hʋ. Nala hʋ aa naa dɩ ʋ bee laalyuwolo hʋ aa ko gɛɛ, ba bɩl bɩ ŋmaa Pɔɔl."
33,The army commander went over and arrested him and had him bound with two chains. Then he tried to find out who Paul was and what he had done.,"Laalyuwolo nɩhɩyawʋ hʋ mʋ kaŋ Pɔɔl, a leŋ ba kaŋ kyɔrʋmɔ balɩya vʋwa ʋ. Ɛɛ rɛ ʋ pɩyɛsɩ nala hʋ a baa, “Kɩbee rɛ yaa nal no tɩɩna? Bekiŋ wɩɩ rɛ ʋ yaa kyogi?”"
34,"Part of the crowd shouted one thing, and part of them shouted something else. But they were making so much noise that the commander could not find out a thing. Then he ordered Paul to be taken into the fortress.","Ɛɛ rɛ ba buloŋ kɩ yaa kyagɩŋsɩ, ba badɔmɔŋ baa nyɛ rɛ, badɔmɔŋ mɛ baa dɩ ɛɛ daa, dɩ nyɛ rɛ. Nala hʋ fa aa yaa kyagɩŋsɩ gɛɛ, laalyuwolo nɩhɩyawʋ hʋ bɩ gyɩŋ wɩɩ hʋ buloŋ aa paalɩ tɩŋ ba kɩ yaa gɛɛ. Ɛɛ rɛ ʋ leŋ ʋ nala hʋ kaŋ Pɔɔl mʋ we laalyuwolo dɩɩduwo hʋ tɩyaŋ."
35,"As they reached the steps, the crowd became so wild that the soldiers had to lift Paul up and carry him.","Ba aa mʋ pele dɩya hʋ lɩtɩŋgyɩnɩɩ, nala hʋ kaŋ Pɔɔl kɩ tarɩ a kɩ lʋga dɩ ba kpʋ ʋ. Ɛɛ rɛ laalyuwolo hʋ kpa ʋ kyʋŋ."
36,"The crowd followed and kept shouting, “Kill him! Kill him!” Paul Speaks to the Crowd","Nala hʋ buloŋ tɩŋa ʋ hal aŋ yaa kyagɩŋsɩ kɩ basɩ, “Ma kpʋ ʋ.” Pɔɔl basɩ wɩya dɩ ʋ laa ʋ tɩɩ"
37,"When Paul was about to be taken into the fortress, he asked the commander, “Can I say something to you?” “How do you know Greek?” the commander asked.","Saŋa hʋ ba aa gyɩŋ sal hʋ a kɩ kyɛ dɩ ba gyʋʋ dɩya hʋ, Pɔɔl sʋl laalyuwolo nɩhɩyawʋ hʋ a baa dɩ ʋ leŋ dɩ ʋ basɩ wɩɩ tɩya ʋ. Nyɛ rɛ laalyuwolo nɩhɩyawʋ hʋ pɩyɛsɩ Pɔɔl a baa, “Ɛɛ kɛ ɩ aa nɩɩ Giriki taal lɛ?"
39,"“No!” Paul replied. “I am a Jew from Tarsus, an important city in Cilicia. Please let me speak to the crowd.”","Pɔɔl baa, “Aayɩ, ŋ yaa gyuu rɛ a lɩɩ Taasu, Silisɩya paalʋʋ tɔbal hʋ. Ŋ aa sʋla ɩ rɛ dɩ ɩ leŋ dɩ ŋ basɩ wɩya tɩya nala no.”"
40,"The commander told him he could speak, so Paul stood on the steps and motioned to the people. When they were quiet, he spoke to them in Aramaic:","Ɛɛ rɛ laalyuwolo nɩhɩyawʋ hʋ tɩya ʋ ŋmanɩɩ. Pɔɔl sɩŋ dɩya hʋ saŋgyɩŋ hʋ tɩyaŋ, aŋ kaŋ ʋ nosi viri dɩ nala hʋ buloŋ leŋ kyagɩŋsɩ. Ɛɛ rɛ ba buloŋ yaa fʋɩɩ, ka Pɔɔl piili kɩ basɩ wɩya Gyuuma taal tɩyaŋ."
2,"When the crowd heard Paul speak to them in Aramaic, they became even quieter. Then Paul said:","Ba aa nɩɩ dɩ Pɔɔl basɩ wɩya ba tɩɩ taal tɩyaŋ gɛɛ, ba buloŋ yaa fʋɩɩ. Ɛɛ rɛ Pɔɔl basɩ tɩya ba a baa,"
3,"I am a Jew, born in the city of Tarsus in Cilicia. But I grew up here in Jerusalem where I was a student of Gamaliel and was taught to follow every single law of our ancestors. In fact, I was just as eager to obey God as any of you are today.","“Ŋ yaa gyuu rɛ. Taasu aa we Silisɩya paalʋʋ tɩyaŋ nɛ ba lʋla ŋ. Ŋ gyɩ yaa haŋbiye rɛ ka ba kana ŋ ko Gyerusalɛm daha, ŋ waa daha tɩyaŋ. Gamaliyɛl rɛ dɩyɛsɩ ŋ. Ʋ gyɩ daga ŋ á naabaala lesiri abee ba ŋmaŋsɩ buloŋ nɛ abee sɩfɩyasɩ. Wɩya hʋ ʋ aa daga ŋ, ŋ mɛ gyɩ kpaa ba tɩŋ Wɩɩsɩ rɛ abee ŋ tɩya buloŋ, anɩɩ ma kɩdɩgɩ buloŋ aa we daha gyɩnaŋ."
4,"I made trouble for everyone who followed the Lord's Way, and I even had some of them killed. I had others arrested and put in jail. I didn't care if they were men or women.","Ŋ fa tɩŋ naasɩ dɔgɩsɩ nala hʋ aa tɩŋ Yesu ŋmanɩɩ hʋ rɛ kɩŋkaŋ, a gba kpʋ ba badɔmɔŋ. Ba baala abee haana buloŋ nɛ ŋ leŋ ba kasɩ vʋwa, aŋ kasɩ ba tɔ dɩɩsɩ tɩyaŋ mɛ."
6,"One day about noon I was getting close to Damascus, when a bright light from heaven suddenly flashed around me.","Ɛɛ rɛ Pɔɔl bɩl baa, “Ŋ aa lɩɩ kpa Damaasiku ŋmanɩɩ kɩ mʋ, a ko kpaga bee hʋ anɩɩ wɩɩhaa saŋa gɛɛ sek, pʋlʋŋbal kɩdɩgɩ pirigi lɩɩ wɩɩsɩnyuu a kyaanɩ we ŋ tɩyaŋ."
7,"I fell to the ground and heard a voice asking, “Saul, Saul, why are you so cruel to me?”","Ŋ tuu tele taŋha aŋ nɩɩ nal taal dɩ ʋ aa basɩ wɩya ŋ lee a baa, ‘Sɔɔl, Sɔɔl! Bee rɛ tɩŋ ɩ kɩ dɔgɩsɩ ŋ nyɛ?”’"
8,"“Who are you?” I answered. The Lord replied, “I am Jesus from Nazareth! I am the one you are so cruel to.”","Ɛɛ rɛ ŋ mɛ pɩyɛsɩ, “Kɩbee rɛ yaa ɩ, ŋ Tɩɩna?” Taal hʋ basɩ baa, “Mɩyaŋ nɛ yaa Yesu aa lɩɩ Nazarɛti, nal hʋ ɩ aa dɔgɩsɩ hʋ.”"
9,"Those who were traveling with me saw the light, but did not hear the voice.","Ŋ bee nala hʋ fa aa val hʋ, ba gyɩ naa kyaanʋʋ hʋ rɛ aŋ fa bɩ nɩɩ nal hʋ aa basɩ wɩya ŋ lee taal."
10,"I asked, “Lord, what do you want me to do?” Then he told me, “Get up and go to Damascus. When you get there, you will be told what to do.”","Ɛɛ rɛ ŋ pɩyɛsɩ, “Ŋ Tɩɩna, ŋ yaa bee?” Ŋ Tɩɩna bɩl basɩ baa, “Sii mʋ Damaasiku. Doŋ tɩyaŋ nɛ ba sɩ daga ɩ wɩɩ hʋ Wɩɩsɩ aa lɩɩ ɩ dɩ ɩ yaa.”"
11,The light had been so bright that I couldn't see. And the others had to lead me by the hand to Damascus.,"Pʋlʋŋ hʋ aa kyʋʋlɩ ŋ sɩya gɛɛ, ŋ bɩl bɩ wuwo dɩ ŋ na. Ɛɛ rɛ ŋ bee nala hʋ fa aa val hʋ kaŋ ŋ noŋ tɩyaŋ a tarɩ ŋ mʋ Damaasiku."
12,"In that city there was a man named Ananias, who faithfully obeyed the Law of Moses and was well liked by all the Jewish people living there.",Baal kɩdɩgɩ rɛ fa we doŋ ba kɩ yɩrɩ Ananiyasɩ. Ʋ fa aa fá Wɩɩsɩ rɛ kɩŋkaŋ aŋ fa kɩ tɩŋ mɩrɩsɩ hʋ Moosi fa aa saba biŋ dɩ nala kɩ tɩŋa mɛ. Gyuuma hʋ buloŋ aa we Damaasiku tɩyaŋ fa aa tɩya ʋ gyɩrɩma rɛ weliŋ.
13,"He came to me and said, “Saul, my friend, you can now see again!” At once I could see.","Ɛɛ rɛ ʋ ko sɩŋ ŋ logiŋ tɩyaŋ a basɩ tɩya ŋ a baa, “Ŋ naabiye Sɔɔl, kaŋ ɩ sɩya suri! Haŋ lagɩlagɩbiye hʋ ŋ sɩya pirigi suri, ŋ wuwo na ʋ.”"
14,"Then Ananias told me, “The God that our ancestors worshiped has chosen you to know what he wants done. He has chosen you to see the One Who Obeys God and to hear his voice.","Ɛɛ rɛ Ananiyasɩ basɩ tɩya ŋ a baa, “Wɩɩsɩ hʋ á bee á naabaala aa tɩŋ, ʋ rɛ lɩɩ ɩ dɩ ɩ gyɩŋ wɩɩ hʋ ʋ aa kyɛ dɩ ɩ yaa. Ʋ leŋ ɩ na Wɩɩsɩ Tɩpʋlʋŋ tɩɩna hʋ rɛ a nɩɩ ʋ taal mɛ ʋ aa basɩ wɩya tɩya ɩ."
15,You must tell everyone what you have seen and heard.,"Ɩ sɩ yaa ʋ daŋsɩya tɩɩna, a basɩ tɩya nala wɩɩ hʋ ɩ aa nɩya aŋ pɛ na mɛ."
17,After this I returned to Jerusalem and went to the temple to pray. There I had a vision,"Ɛɛ rɛ ŋ mɩɩgɩ mʋ Gyerusalɛm a gyʋʋ wɩɩkyʋwaldɩya a kɩ kyʋwalɩ Wɩɩsɩ. Saŋa hʋ ŋ aa kyʋwalɩ Wɩɩsɩ hʋ tɩyaŋ nɛ,"
18,"of the Lord who said to me, “Hurry and leave Jerusalem! The people won't listen to what you say about me.”","ŋ na á Tɩɩna Yesu anɩɩ duwoso tɩyaŋ gɛɛ. Ʋ basɩ tɩya ŋ a baa, “Sii lɩɩ Gyerusalɛm tɩyaŋ lagɩ, beewɩya nala hʋ aa we daha bɩ sɩ laa nyʋwa laa ŋ wɩya hʋ ɩ aa sɩ basɩ tɩya ba di.”"
21,"But the Lord told me to go, and he promised to send me far away to the Gentiles.","Nyɛ rɛ ŋ Tɩɩna basɩ tɩyaŋ a baa, “Sii daha, ŋ sɩ tɩma ɩ dɩ ɩ mʋ libolii, nala hʋ aa bɩ yaa Gyuuma lee.”"
23,They kept shouting. They waved their clothes around and threw dust into the air. Paul and the Roman Army Commander,"Ka ba kɩ yaa kyagɩŋsɩ, aŋ kaŋ ba gannɩ kɩ pigisi aŋ yaa taŋha kɩ yuwo."
24,The Roman commander ordered Paul to be taken into the fortress and beaten with a whip. He did this to find out why the people were screaming at Paul.,Nyɛ rɛ Roma laalyuwolo nɩhɩyawʋ basɩ baa dɩ laalyuwolo hʋ kaŋ Pɔɔl gyʋʋ laalyuwolo dɩɩduwo hʋ. Ʋ baa dɩ ba vɩɩrɩ ʋ aŋ pɩyɛsɩ na wɩɩ hʋ aa tɩŋ nala no buloŋ lɩɩ ʋ hal aŋ kɩ yaa kyagɩŋsɩ nyɛ.
25,"While the soldiers were tying Paul up to be beaten, he asked the officer standing there, “Is it legal to beat a Roman citizen before he has been tried in court?”","Nyɛ rɛ ba vʋwa ʋ dɩ ba vɩɩrɩ. Saŋa hʋ ba aa yaa siri dɩ ba vɩɩrɩ Pɔɔl hʋ rɛ ʋ pɩyɛsɩ laalyuwolo nɩhɩyawʋ hʋ fa aa sɩŋ doŋ a baa, “Ʋ yaa ŋmanɩɩ rɛ dɩ ba vɩɩrɩ nal hʋ aa yaa Roma tɩɩna rɛ, dɩ ba bɩ dii ʋ sarɩya a daga ʋ wɩkyogii koo?”"
26,"When the officer heard this, he went to the commander and said, “What are you doing? This man is a Roman citizen!”","Ʋ aa nɩɩ wɩɩ hʋ Pɔɔl aa basa, ɛɛ rɛ ʋ mɛ mɩɩgɩ mʋ ʋ nɩhɩyawʋ hʋ lee a basɩ tɩya ʋ baa, “Deŋ na wɩɩ hʋ ɩ aa kyɛ dɩ ɩ yaa, baal hʋ yaa Roma tɩɩna rɛ.”"
27,"The commander went to Paul and asked, “Tell me, are you a Roman citizen?” “Yes,” Paul answered.","Nyɛ rɛ laalyuwolo nɩhɩyawʋ hʋ tɩɩ sii kpa mʋ Pɔɔl lee a pɩyɛsɩ ʋ, “Ɩ yaa Roma tɩɩna rɛ? Basɩ tɩya ŋ.” Ɛɛ rɛ Pɔɔl baa dɩ waa."
28,"The commander then said, “I paid a lot of money to become a Roman citizen.” But Paul replied, “I was born a Roman citizen.”","Laalyuwolo nɩhɩyawʋ hʋ mɛ basɩ baa, “Ŋ mɛ yaa kɩdɩgɩ rɛ. Ŋ kɛ ta tuŋ molbiye rɛ yʋga aŋ na ko yaa Roma tɩɩna.” Ɛɛ rɛ Pɔɔl baa, “Ba paalɩ lʋla ŋ ŋ yaa Roma tɩɩna rɛ.”"
29,The men who were about to beat and question Paul quickly backed off. And the commander himself was frightened when he realized that he had put a Roman citizen in chains. Paul Is Tried by the Council,"Nyɛ rɛ nala hʋ fa aa kyɛ dɩ ba vɩɩrɩ Pɔɔl aŋ pɩyɛsɩ ʋ wɩya hʋ buloŋ mɩɩgɩ fasɩ kɩ lɩɩ hal mʋhʋ mʋhʋ. Laalyuwolo nɩhɩyawʋ hʋ aa ko gyɩma anɩɩ Pɔɔl yaa Roma tɩɩna rɛ, ka ʋ leŋ ba kaŋ kyɔrʋmɔ vʋwa ʋ gɛɛ, kambɩŋ mɩɩgɩ kana ʋ mɛ tɩɩ rɛ. Ba kaŋ Pɔɔl mʋ bee hɩyarɩ sɩya"
30,"The next day the commander wanted to know the real reason why the Jewish leaders had brought charges against Paul. So he had Paul's chains removed, and he ordered the chief priests and the whole council to meet. Then he had Paul led in and made him stand in front of them.","Ɛɛ rɛ laalyuwolo nɩhɩyawʋ hʋ kɩ kyɛ dɩ ʋ kɔnɩ gyɩŋ wɩɩ hʋ aa tɩŋ Gyuuma hʋ kɩ basɩ Pɔɔl wɩya. Ʋ sɩya aa gballa, ʋ leŋ ba kana ʋ puri, a leŋ Gyuuma wɩɩkyʋwal sɩlaala nɩhɩyasɩ abee nɩhɩyasɩ hʋ aa laŋŋɩ kɩ vʋʋlɩ wɩya hʋ buloŋ ko laŋŋɩ. Ba aa laŋŋa ko teŋ, ʋ kaŋ Pɔɔl lɩɩ sɩgɩ ba sɩya tɩyaŋ."
2,Then Ananias the high priest ordered the men standing beside Paul to hit him on the mouth.,"Ɛɛ rɛ Gyuuma wɩɩkyʋwal sɩlaala nɩhɩyawʋ hʋ ba aa yɩrɩ Ananiyasɩ basɩ tɩya nala hʋ aa sɩŋ kpaga Pɔɔl, a baa dɩ ba ŋmaa ʋ kyaŋkpaŋ tɩyaŋ."
3,"Paul turned to the high priest and said, “You whitewashed wall! God will hit you. You sit there to judge me by the Law of Moses. But at the same time you order men to break the Law by hitting me.”","Ba aa ŋmaa ʋ gɛɛ, Pɔɔl mɛ tʋʋsɩ ʋ a baa, “Na ʋ aa kɩɩ gɛɛ anɩɩ gyee ba aa yaa tʋwɔl bʋgɩ! Ɩ aa yaŋ leŋ ba ŋmaa ŋ nyɛ, ɛɛ tɩɩ rɛ Wɩɩsɩ mɛ sɩ ŋmaa ɩ. Na ɩ hɔnɔ dɩ ɩ kpa mɩrɩsɩ hʋ Moosi aa saba biŋ dɩ á kɩ tɩŋa rɛ, a di ŋ sarɩya, aŋka ɩ baa dɩ ba ŋmaa ŋ. Wɩya no tɩɩ daa ɩ kɩ kyogi gɛɛ?”"
4,"The men standing beside Paul asked, “Don't you know you are insulting God's high priest?”","Nala hʋ aa sɩŋ kpaga Pɔɔl pɩyɛsɩ ʋ a baa, “Wɩɩkyʋwal sɩlaala nɩhɩyawʋ hʋ daa ɩ kɩ tʋʋsɩ gɛɛ?”"
5,"Paul replied, “Oh! I didn't know he was the high priest. The Scriptures do tell us not to speak evil about a leader of our people.”","Nyɛ rɛ Pɔɔl bɩl baa, “Ŋ naabalɩya, ma kɩna sʋma rɛ. Ba saba Wɩɩsɩ tenni tɩyaŋ nɛ anɩɩ ʋ bɩ maga dɩ á basɩ wɩbɔmɔ a kɩ tɩya nal hʋ aa deŋ nala. Ŋ bɩ gyɩma anɩɩ ʋ rɛ yaa á wɩɩkyʋwal sɩlaala nɩhɩyawʋ hʋ.”"
6,"When Paul saw that some of the council members were Sadducees and others were Pharisees, he shouted, “My friends, I am a Pharisee and the son of a Pharisee. I am on trial simply because I believe that the dead will be raised to life.”","Pɔɔl aa deŋ nala hʋ aa laŋŋɩ kɩ vʋʋlɩ wɩya hʋ tɩyaŋ, ʋ na anɩɩ ba badɔmɔŋ yaa nala hʋ ba aa yɩrɩ Sadusiima rɛ. Ba badɔmɔŋ mɛ yaa Farasiima. Nyɛ rɛ ʋ faasɩ basɩ tɩya nɩhɩyasɩ hʋ aa laŋŋɩ kɩ vʋʋlɩ wɩya hʋ a baa, “Ŋ naabalɩya, ŋ yaa Farasii rɛ, ŋ kuwo mɛ yaa Farasii. Ŋ laa di rɛ anɩɩ nala hʋ aa sʋba sɩ mɩɩgɩ sii sʋʋ tɩyaŋ a kaŋ mɩɩbol. Ɛɛ rɛ tɩŋ ba kɩ di ŋ sarɩya gɛɛ.”"
7,"As soon as Paul said this, the Pharisees and the Sadducees got into a big argument, and the council members started taking sides.","Ʋ aa basɩ wɩɩ no, nyʋʋtaaduwo gyʋʋ Farasiima hʋ abee Sadusiima hʋ, ba porigi dɔmɔŋ."
8,"The Sadducees do not believe in angels or spirits or that the dead will rise to life. But the Pharisees believe in all of these,","Sadusiima baa dɩ dɩ nal lɛ sʋba, ʋ bɩl bɩ sɩ wuwo sii sʋʋ tɩyaŋ a kaŋ mɩɩbol, aŋ bɩl basɩ baa dɩ malɩkasɩ mɛ tuwo, dɩ nɩdʋŋsɩ mɛ tuwo. Amɛ Farasiima hʋ kɛ baa dɩ wɩya no buloŋ we doŋ nɛ."
9,"and so there was a lot of shouting. Some of the teachers of the Law of Moses were Pharisees. Finally, they became angry and said, “We don't find anything wrong with this man. Maybe a spirit or an angel really did speak to him.”","Nyɛ rɛ nala hʋ buloŋ sii a faasɩ kɩ yaa kyagɩŋsɩ. Wɩɩsɩ Teŋ dɩdagɩla hʋ badɔmɔŋ aa we Farasiima paati hʋ tɩyaŋ sii a faasɩ kaŋ wɩya hʋ kɩ tarɩ a baa, “Á kɛ bɩ naa wɩɩ hʋ baal no aa yaa kyogi. Dɩ nɩdɩma koo malɩka rɛ kɔnɩ basɩ wɩya hʋ tɩya ʋ, á bɩ sɩ wuwo gyɩma.”"
10,"The argument became fierce, and the commander was afraid that Paul would be pulled apart. So he ordered the soldiers to go in and rescue Paul. Then they took him back into the fortress.","Nyɛ rɛ ba marɩ kaŋ wɩɩ hʋ kɩ kpa dɔmɔŋ, lee hʋ buloŋ nɩma. Kambɩŋ kaŋ laalyuwolo nɩhɩyawʋ hʋ anɩɩ ba sɩ kaŋ Pɔɔl tarɩ pʋ̃ʋ̃. Ɛɛ rɛ ʋ leŋ ʋ laalyuwolo hʋ gyʋʋ nala hʋ tɩyaŋ a lorigi laa Pɔɔl, a kana ʋ kaŋ mʋ laalyuwolo dɩɩduwo hʋ."
11,"That night the Lord stood beside Paul and said, “Don't worry! Just as you have told others about me in Jerusalem, you must also tell about me in Rome.” A Plot To Kill Paul","Lee aa ko bɩl, haŋ tebine hʋ tɩɩ á Tɩɩna Yesu ko Pɔɔl lee, a sɩŋ ʋ logiŋ, aŋ basɩ tɩya ʋ a baa, “Kana ɩ tɩɩ. Ʋ maga dɩ ɩ di ŋ daŋsɩya rɛ a basɩ ŋ wɩya Roma tɩyaŋ anɩɩ ɩ aa basɩ ŋ wɩya Gyerusalɛm tɩyaŋ gɛɛ.” Gyuuma aa vʋʋlɩ dɩ ba kpʋ Pɔɔl"
14,"Then some of them went to the chief priests and the nation's leaders and said, “We have promised God that we would not eat a thing until we have killed Paul.","Ɛɛ rɛ ba sii mʋ Gyuuma wɩɩkyʋwal sɩlaala nɩhɩyasɩ hʋ abee bee hʋ nɩhɩyasɩ lee a basɩ tɩya ba a baa, “Á ŋmɩyɛsa rɛ anɩɩ dɩ ámaa rɛ ko bɩ kpʋʋ Pɔɔl, á bɩ sɩ di kɩna koo a nyʋwa nɩɩ mɛ."
15,"You and everyone in the council must go to the commander and pretend that you want to find out more about the charges against Paul. Ask for him to be brought before your court. Meanwhile, we will be waiting to kill him before he gets there.”","Ɛɛwɩya, ma bee nala hʋ aa laŋŋɩ kɩ vʋʋlɩ wɩya nɩhɩyasɩ, ma tɩma dɩ ba mʋ basɩ tɩya Roma laalyuwolo nɩhɩyawʋ hʋ dɩ ʋ leŋ dɩ Pɔɔl ko ma lee. Ma fugo baa dɩ ma aa kyɛ dɩ ma marɩ pɩyɛsɩ ʋ weliŋ nɛ, a gyɩŋ wɩɩ hʋ ʋ kɔnɩ aa yaa. Á sɩ yaa siri, dɩ ʋ rɛ leŋ dɩ ʋ kɩ ko, ʋ bɩ sɩ pele ma lee, ka dɩ á kpʋ ʋ ŋmanɩɩ tɩyaŋ.”"
16,"When Paul's nephew heard about the plot, he went to the fortress and told Paul about it.","Ɛɛ rɛ Pɔɔl dɩya toluu biibaal mɛ nɩɩ ba aa vʋʋlɩ wɩɩ hʋ. Ɛɛ rɛ ʋ sii mʋ gyʋʋ laalyuwolo dɩɩduwo hʋ, a basɩ wɩɩ hʋ tɩya Pɔɔl."
17,"So Paul said to one of the army officers, “Take this young man to the commander. He has something to tell him.”","Nyɛ rɛ Pɔɔl yɩrɩ laalyuwolo nɩhɩyasɩ hʋ kɩdɩgɩ a basɩ tɩya ʋ a baa, “Kaŋ bapʋwasɩbiye no mʋ ma nɩhɩyawʋ hʋ lee, ʋ kaŋ wɩɩ rɛ dɩ ʋ basɩ tɩya ʋ.”"
18,"The officer took him to the commander and said, “The prisoner named Paul asked me to bring this young man to you, because he has something to tell you.”","Ɛɛ rɛ ʋ kana ʋ mʋ ba nɩhɩyawʋ hʋ lee a basɩ tɩya ʋ a baa, “Pɔɔl, nal hʋ ba aa kaŋ tɔ dɩya hʋ tɩyaŋ nɛ yɩrɩ ŋ a basɩ tɩya ŋ baa dɩ ŋ kaŋ bapʋwasɩbiye no ko ɩ lee, dɩ ʋ kaŋ wɩɩ rɛ dɩ ʋ basɩ tɩya ɩ.”"
19,"The commander took the young man aside and asked him in private, “What do you want to tell me?”","Ɛɛ rɛ nɩhɩyawʋ hʋ kaŋ biye hʋ noŋ tɩyaŋ, ba fasɩ lɩɩ mʋhʋ, ʋ fɩyɛlɩ pɩyɛsɩ ʋ dɩ wɩbee rɛ ʋ kana dɩ ʋ basɩ tɩya ʋ?"
20,"He answered, “Some men are planning to ask you to bring Paul down to the Jewish council tomorrow. They will claim they want to find out more about him.","Ɛɛ rɛ ʋ baa, “Gyuuma nɩhɩyasɩ vʋʋla rɛ dɩ ba basɩ tɩya ɩ dɩ ɩ kyiye leŋ dɩ Pɔɔl ko nɩhɩyasɩ hʋ aa laŋŋɩ kɩ vʋʋlɩ wɩya lee. Ba sɩ fugo baa dɩ ba aa kyɛ dɩ ba marɩ pɩyɛsɩ ʋ weliŋ nɛ a gyɩŋ wɩɩ hʋ ʋ kɔnɩ aa yaa."
22,"The commander sent the young man away after saying to him, “Don't let anyone know you told me this.” Paul Is Sent to Felix the Governor","Ʋ aa basɩ gɛɛ ko teŋ, nɩhɩyawʋ hʋ basɩ tɩya bapʋwasɩbiye hʋ baa, “Ta ko basɩ wɩɩ no ɩ aa basɩ tɩya ŋ, a tɩya nal buloŋ.” Ɛɛ rɛ ka ʋ ta biye hʋ, ʋ mʋ. Ba kaŋ Pɔɔl mʋ Roma nɩhɩyawʋ Fɛlisi sɩya"
27,"Some Jews grabbed this man and were about to kill him. But when I found out that he was a Roman citizen, I took some soldiers and rescued him.","Baal no ŋ aa leŋ ba kaŋ kɩ ko ɩ lee nyɛ, Gyuuma rɛ fa kana ʋ dɩ ba kpʋ. Ba aa kyɛ dɩ ba yaa ɛɛ hʋ tɩyaŋ nɛ, ŋ nɩɩ anɩɩ ʋ yaa Roma tɩɩna rɛ. Nyɛ rɛ ŋ kaŋ ŋ laalyuwolo mʋ, á lorigi laa ʋ ba nosi tɩyaŋ."
28,I wanted to find out what they had against him. So I brought him before their council,Ŋ fa aa kyɛ dɩ ŋ gyɩŋ wɩɩ hʋ ʋ aa yaa kyogi rɛ. Nyɛ rɛ ŋ kana ʋ mʋ ba nɩhɩyasɩ hʋ aa hɔŋ kɩ vʋʋlɩ wɩya lee.
29,and learned that the charges concern only their religious laws. This man isn't guilty of anything for which he should die or even be put in jail.,"Ba aa pɩyɛsɩ ʋ wɩya hʋ tɩyaŋ, ŋ na anɩɩ ʋ bɩ kyogo wɩɩ buloŋ a maga dɩ ba kpʋ ʋ, koo dɩ ba kana ʋ tɔ dɩya tɩyaŋ. Wɩɩ hʋ ba aa baa dɩ ʋ yaa kyogi mɩɩgɩ mʋ kɩ tile ba tɩɩ sɩŋsɩ tɩyaŋ nɛ."
30,"As soon as I learned that there was a plot against him, I sent him to you and told their leaders to bring charges against him in your court.","Ba basɩ tɩya ŋ anɩɩ Gyuuma badɔmɔŋ vʋʋla rɛ dɩ ba kpʋ ʋ. Ɛɛ rɛ tɩŋ ŋ baa dɩ ba kana ʋ ko tɩya ɩ lagɩ. Ka ŋ yaŋ basɩ tɩya ba anɩɩ ba ko ɩ lee, a daga wɩɩ hʋ ʋ aa yaa kyogi ba, a tɩya ɩ.”"
32,The next day the foot soldiers returned to the fortress and let the soldiers on horseback take him the rest of the way.,"Ʋ sɩya aa gballa, laalyuwolo hʋ aa val naasɩ hʋ, mɩɩgɩ ko ba dɩɩduwo hʋ, aŋka gyagyɩnna hʋ kana ʋ mʋ Sizaariya."
33,"When they came to Caesarea, they gave the letter to the governor and handed Paul over to him.","Ba aa mʋʋ pele doŋ, ba kpa Pɔɔl tɩya ba paalʋʋ hʋ didenni hʋ aŋ kpa teŋ hʋ mɛ pɛ tɩya ʋ."
34,The governor read the letter. Then he asked Paul and found out that he was from Cilicia.,"Nyɛ rɛ Fɛlisi karɩmɩ teŋ hʋ ko teŋ, aŋ mɩɩgɩ pɩyɛsɩ Pɔɔl lee hʋ ʋ aa lɩya. Ɛɛ rɛ ʋ baa dɩ ʋ lɩɩ Silisɩya paalʋʋ rɛ. Ʋ aa nɩɩ gɛɛ,"
35,"The governor said, “I will listen to your case as soon as the people come to bring their charges against you.” After saying this, he gave orders for Paul to be kept as a prisoner in Herod's palace.","ʋ basɩ tɩya ʋ a baa, “Dɩ ɩ nala hʋ rɛ ko ko, ŋ sɩ nɩɩ wɩɩ hʋ ɩ aa kana dɩ ɩ basɩ, aŋka dɩ ŋ na di ɩ sarɩya.” Ɛɛ rɛ ka ʋ leŋ ba kaŋ Pɔɔl mʋ we kuwori Hɛrɔtɩ aa saa ʋ dɩya hʋ tɩyaŋ, a leŋ laalyuwolo kɩ pɔ ʋ doŋ tɩyaŋ."
1,"Five days later Ananias the high priest, together with some of their leaders and a lawyer named Tertullus, went to the governor to present their case against Paul.","Ʋ kyɛyɛ bɔnɔŋ hal tɩyaŋ nɛ Gyuuma wɩɩkyʋwal sɩlaala nɩhɩyawʋ ba aa yɩrɩ Ananiyasɩ abee bee hʋ nɩhɩyasɩ badɔmɔŋ abee sarɩdiil kɩdɩgɩ ba aa yɩrɩ Tɛɛtulusi, sii kpa mʋ Sizaariya, dɩ ba na Roma nɩhɩyawʋ Fɛlisi. Ba mʋ kpa wɩya hʋ ba aa baa dɩ Pɔɔl kyogo, a biŋ Fɛlisi sɩya tɩyaŋ."
2,"So Paul was called in, and Tertullus stated the case against him: Honorable Felix, you have brought our people a long period of peace, and because of your concern our nation is much better off.","Tɛɛtulusi rɛ ba gyɩ laa sɩya yɩrɩ dɩ ʋ ko lɩɩ daga wɩɩ hʋ Pɔɔl aa kyogo. Nyɛ rɛ ʋ piili a baa, “Ŋ nɩhɩyawʋ, ɩ wɩgyʋŋ nyuniŋ, ɩ wuwo kɩ deŋ á paalʋʋ no weliŋ nɛ, a leŋ á hɔŋ abee laaŋfɩya. Ɩ bɩl marɩ wɩya mɛ rɛ yʋga á paalʋʋ no tɩyaŋ, ba yaa wɩweliye tɩya ma."
5,This man has been found to be a real pest and troublemaker for our people all over the world. He is also a leader of a group called Nazarenes.,"Á naa dɩ baal no yaa wɩweel lɛ. Gyuuma aa we dʋnɩya logiŋ buloŋ tɩyaŋ, ʋ aa mʋ doŋ nɛ, a kaŋ ba we ba kɩ kaa kaasɩ. Ʋ mɛ rɛ yaa Nazarɛti tɩmma paati hʋ sɩlaal."
10,"The governor motioned for Paul to speak, and he began: I know that you have judged the people of our nation for many years, and I am glad to defend myself in your court.","Ɛɛ rɛ paalʋʋ hʋ didenni hʋ tɩya Pɔɔl mɛ ŋmanɩɩ dɩ ʋ mɛ ko lɩɩ basɩ wɩɩ hʋ ʋ aa kana. Ɛɛ rɛ Pɔɔl baa, “Ŋ tɩɩ gyɩma rɛ anɩɩ ɩ aa di sarɩya taŋha no tɩyaŋ ʋ bɩsɩ bɩ kpaga daha. Ŋ teŋ yaŋ fɩyɛla rɛ abee ŋ aa sɩ basɩ wɩya a laa ŋ tɩɩ ɩ sɩya tɩyaŋ."
11,It was no more than twelve days ago that I went to worship in Jerusalem. You can find this out easily enough.,"Ɩ tɩɩ sɩ wuwo pɩyɛsɩ na, anɩɩ saŋa hʋ ŋ aa ko mʋ Gyerusalɛm dɩ ŋ kyʋwalɩ Wɩɩsɩ, ʋ ha bɩ para kyɛyɛ fi abee balɩya."
12,Never once did the Jews find me arguing with anyone in the temple. I didn't cause trouble in the synagogues or in the city itself.,Gyuuma bɩ naa dɩ ŋ bee ba bee nal buloŋ kaŋ wɩya kɩ kpa dɔmɔŋ Wɩɩkyʋwaldɩɩbal hʋ tɩyaŋ. Ba mɛ bɩl bɩ naa dɩ ŋ we kaasɩ wɩɩkyʋwaldɩɩsɩ tɩyaŋ mɛ koo lee kɩdɩgɩ buloŋ tɩyaŋ.
13,There is no way that they can prove these charges they are now bringing against me.,Wɩɩ buloŋ tuwo ba aa sɩ wuwo kpa daga anɩɩ wɩya hʋ ba aa baa dɩ ŋ yaa kyogi mɛ kɔnɩ yaa wɩtɩɩ rɛ.
14,I admit that their leaders think the Lord's Way which I follow is based on wrong beliefs. But I still worship the same God that my ancestors worshiped. And I believe everything written in the Law of Moses and in the Prophets.,"Wɩɩ hʋ ŋ aa sɩ basɩ tɩya ɩ anɩɩ ʋ yaa wɩtɩɩ rɛ nyɛ: Ŋ kɛ gyɩma anɩɩ ŋmanɩɩ no ŋ aa tɩŋ nyɛ, á naabaala Wɩɩsɩ hʋ rɛ ŋ kɩ kyʋwalɩ gɛɛ. Beewɩya, mɩrɩsɩ hʋ buloŋ Moosi aa biŋ tɩya ma, abee wɩya hʋ buloŋ Wɩɩsɩ tɩŋdaala aa saba, ŋ mɛ laa ba buloŋ dɩ rɛ. Amɛ ba kɛ baa dɩ ŋmanɩɩ hʋ ŋ aa tɩŋ hʋ yaa wɩnyɩyɛl lɛ."
15,"I am just as sure as these people are that God will raise from death everyone, good or evil.",Ŋ mɛ laa di rɛ anɩɩ Wɩɩsɩ sɩ kyisi niweliye abee nɩbɔmɔ buloŋ sʋʋ tɩyaŋ anɩɩ nala no buloŋ aa sɩŋ daha mɛ aa laa di gɛɛ.
16,"And because I am sure, I try my best to have a clear conscience in whatever I do for God or for people.",Ŋ aa lʋgɩ rɛ saŋa buloŋ dɩ ŋ gyɩma ŋ hakɩla tɩyaŋ anɩɩ ŋ bɩ kaŋ wɩkyogii buloŋ Wɩɩsɩ abee nihuwobiŋ sɩya tɩyaŋ.
17,"After being away for several years, I returned here to bring gifts for the poor people of my nation and to offer sacrifices.","Ŋ lɩɩ Gyerusalɛm tɩyaŋ pɩɩsɩ rɛ, a pel bɩŋgyamaa, aŋ na mɩɩgɩ mʋ doŋ, dɩ ŋ kaŋ kɩna mʋ tɩya ŋ nala ka dɩ ŋ pɛ kpʋ pʋsɩ tɩya Wɩɩsɩ mɛ."
18,"This is what I was doing when I was found going through a ceremony in the temple. I wasn't with a crowd, and there was no uproar.",Ɛɛ tɩyaŋ nɛ ba na ŋ Wɩɩkyʋwaldɩɩbal hʋ tɩyaŋ. Saŋa hʋ tɩyaŋ ba aa naa ŋ dɩ ŋ pɩɩsɩ ŋ bisiŋ teŋ nɛ. Nɩgyamaa mɛ daa ŋ kaŋ gyʋʋ doŋ. Ŋ bɩ wee kaasɩ buloŋ mɛ.
19,"Some Jews from Asia were there at that time, and if they have anything to say against me, they should be here now.","Gyuuma badɔmɔŋ mɛ aa lɩɩ Esɩya paalʋʋ mɛ rɛ fa we doŋ. Dɩ ba aa rɛ fa kaŋ wɩɩ buloŋ abeel-ŋ, ʋ fa maga dɩ ba tɩɩ ko basɩ rɛ daha tɩyaŋ."
20,Or ask the ones who are here. They can tell you that they didn't find me guilty of anything when I was tried by their own council.,"Dɩ ɛɛ mɛ ko daa, leŋ dɩ nala no aa we daha basɩ wɩɩ hʋ ba mɛ aa naa dɩ ŋ yaa kyogi, saŋa hʋ ba aa kana ŋ mʋ nɩhɩyasɩ hʋ aa laŋŋɩ kɩ vʋʋlɩ wɩya sɩya."
21,"The only charge they can bring against me is what I shouted out in court, when I said, “I am on trial today because I believe that the dead will be raised to life!”","Wɩɩ hʋ buloŋ ŋ aa yaa rɛ nyɛ: Ba sɩya tɩyaŋ, ŋ fa nɔsɔ basɩ tɩya ba rɛ a baa, ‘Gyɩnaŋ ma aa di ŋ sarɩya rɛ, dɩ ma kpa kyogisi tɩya ŋ, akuu ŋ aa laa di anɩɩ sʋʋnɩ sɩ mɩɩgɩ sii sʋʋ tɩyaŋ a kaŋ mɩɩbol wɩya.”’"
22,"Felix knew a lot about the Lord's Way. But he brought the trial to an end and said, “I will make my decision after Lysias the commander arrives.”","Fɛlisi aa nɩɩ gɛɛ, ʋ basɩ tɩya ba a baa, “Ma sii. See dɩ ŋ leŋ dɩ Lisiyasɩ, laalyuwolo nɩhɩyawʋ hʋ ko, ka dɩ ŋ na dɩ wɩɩ no sarɩya.” Fɛlisi fa gyɩŋ ŋmanɩɩ hʋ Pɔɔl aa tɩŋ wɩya rɛ weliŋ, ɛɛ rɛ tɩŋ ʋ basɩ gɛɛ."
23,"He then ordered the army officer to keep Paul under guard, but not to lock him up or to stop his friends from helping him. Paul Is Kept under Guard","Ʋ leŋ laalyuwolo hʋ kɩdɩgɩ kɩ deŋ Pɔɔl, aŋ basɩ tɩya ʋ dɩ ʋ kana ʋ tɔ aŋ leŋ dɩ ʋ kɩ na wiyese, dɩ ʋ tɩya ʋ kyaŋsɩ ŋmanɩɩ dɩ ba ko kɩ na ʋ. Dɩ ʋ rɛ aa kyɛ kɩŋ mɛ, dɩ ba wuwo pɛ ʋ tɩyaŋ abee haŋ kɩbalɩɩ hʋ. Pɔɔl sɩŋ Fɛlisi bee Durusila sɩya tɩyaŋ"
24,"Several days later Felix and his wife Drusilla, who was Jewish, went to the place where Paul was kept under guard. They sent for Paul and listened while he spoke to them about having faith in Christ Jesus.","Ʋ gyɩ bɩ pɩɩsa ka Fɛlisi bee ʋ haaŋ Durusila mɛ ko doŋ. Durusila fa yaa Gyuu rɛ. Nyɛ rɛ Fɛlisi tɩma yɩrɩ Pɔɔl dɩ ʋ ko. Pɔɔl aa ko, ʋ leŋ ʋ basɩ Yesu Krisita laadii memii a tɩya ʋ."
25,"But Felix was frightened when Paul started talking to them about doing right, about self-control, and about the coming judgment. So he said to Paul, “That's enough for now. You may go. But when I have time I will send for you.”","Pɔɔl gyɩ basɩ wɩya mɛ rɛ a mʋ kɩ tile wɩweliye yayɩ tɩyaŋ, a bee ɛɛ ɩ aa sɩ wuwo kaŋ ɩ tɩɩ, a bɩl basɩ kyɛɛ hʋ Wɩɩsɩ aa sɩ di dʋnɩya nala sarɩya wɩya mɛ. Ʋ aa basɩ wɩya no, kambɩŋ buloŋ kaŋ Fɛlisi. Ɛɛ rɛ ʋ baa dɩ ʋ leŋ mɔɔgɛɛ aŋ kɩ mʋ, dɩ amɛ dɩ ʋ rɛ ko na sɩnɩɩ, dɩ ʋ sɩ bɩl yɩrɩ ʋ."
26,"After this, Felix often sent for Paul and talked with him, because he hoped that Paul would offer him a bribe.","Ʋ kɛ fa bɩɩna anɩɩ Pɔɔl sɩ kaŋ molbiye ko kpala ʋ rɛ. Ɛɛwɩya, ʋ gyɩ aa kɩ yɩrɩ ʋ bʋlɩya bʋlɩya, dɩ ba kɩ basɩ wɩya."
27,"Two years later Porcius Festus became governor in place of Felix. But since Felix wanted to do the Jewish leaders a favor, he kept Paul in jail.","Ʋ bɩsɩ balɩya hal tɩyaŋ, baal kɩdɩgɩ ba aa yɩrɩ Pɔɔkɩyɔsɩ Fɛsitusi rɛ fa mɩɩgɩ ko laa Fɛlisi nyuu, a kɩ deŋ paalʋʋ hʋ. Fɛlisi fa aa kyɛ dɩ Gyuuma hʋ kyo ʋ rɛ. Ɛɛ rɛ tɩŋ ʋ gyɩ leŋ ba ha leŋ Pɔɔl nɩtɔdɩya hʋ tɩyaŋ gɛɛ."
1,"Three days after Festus had become governor, he went from Caesarea to Jerusalem.","Fɛsitusi aa ko laa paalʋʋ hʋ, ʋ hɔŋ Sizaariya tɩyaŋ kyɛyɛ boto rɛ aŋ sii kpa mʋ Gyerusalɛm."
3,if he would be willing to bring Paul to Jerusalem. They begged him to do this because they were planning to attack and kill Paul on the way.,Ba gyɩ vʋʋla rɛ dɩ ba kyeŋ kpʋ Pɔɔl ŋmanɩɩ tɩyaŋ. Ɛɛ rɛ tɩŋ ba gyɩ kɩ sʋla Fɛsitusi dɩ ʋ leŋ dɩ Pɔɔl ko Gyerusalɛm gɛɛ.
4,"But Festus told them, “Paul will be kept in Caesarea, and I am soon going there myself.","Ɛɛ rɛ Fɛsitusi mɩɩgɩ basɩ tɩya ba a baa, “Sizaariya tɩyaŋ nɛ ba kaŋ Pɔɔl tɔ dɩya tɩyaŋ. Ŋ mɛ sɩ mɩɩgɩ mʋ doŋ kyɛɛ no buloŋ."
5,"If he has done anything wrong, let your leaders go with me and bring charges against him there.”","Ɛɛwɩya, ma leŋ dɩ ma nɩhɩyasɩ tɩŋ ŋ hal dɩ á buloŋ mʋ Sizaariya. Wɩɩ hʋ ma aa liise anɩɩ baal hʋ yaa kyogi, dɩ ba basɩ tɩya ŋ doŋ, dɩ ŋ nɩɩ.”"
6,Festus stayed in Jerusalem for eight or ten more days before going to Caesarea. Then the next day he took his place as judge and had Paul brought into court.,"Fɛsitusi gyɩ we Gyerusalɛm tɩyaŋ kyɛyɛ kyori koo fi rɛ aŋ na mɩɩgɩ mʋ Sizaariya. Ʋ sɩgballɩya, ʋ mʋ hɔŋ sarɩya hʋ lidiilii tɩyaŋ aŋ leŋ ba kaŋ Pɔɔl ko."
7,"As soon as Paul came in, the leaders from Jerusalem crowded around him and said he was guilty of many serious crimes. But they could not prove anything.","Pɔɔl aa ko, Gyuuma hʋ aa lɩɩ Gyerusalɛm ko buloŋ ko sɩŋ gol ʋ kyige aŋ baa dɩ wɩya hʋ Pɔɔl aa kyogo yʋga rɛ kɩŋkaŋ. Amɛ ba gyɩ bɩ wuwo daga anɩɩ wɩya hʋ ba aa baa dɩ ʋ kyogo yaa wɩtɩɩ rɛ."
8,"Then Paul spoke in his own defense, “I have not broken the Law of my people. And I have not done anything against either the temple or the Emperor.”","Ɛɛ rɛ Pɔɔl mɛ basɩ wɩya dɩ ʋ laa ʋ tɩɩ, a baa, “Ŋ bɩ kyogi wɩɩ kɩdɩgɩ buloŋ Gyuuma naabaala ŋmanɩɩ hʋ tɩyaŋ. Ŋ bɩ kyogi Wɩɩkyʋwaldɩɩbal hʋ sɩna buloŋ mɛ. Ŋ bɩl bɩ yaa wɩɩ buloŋ mɛ kyogi Roma paalʋʋ buloŋ kuworibal hʋ.”"
10,"Paul replied, “I am on trial in the Emperor's court, and that's where I should be tried. You know very well I have not done anything to harm the Jewish nation.","Ɛɛ rɛ Pɔɔl baa, “Aayɩ, paalʋʋ hʋ buloŋ kuworibal sarɩya lidiilii tɩyaŋ nɛ ŋ sɩŋ nyɛ. Ɛɛwɩya, daha rɛ maga dɩ ma di ŋ sarɩya. Ɩ tɩɩtɩɩ gyɩma rɛ weliŋ anɩɩ ŋ bɩ yaa wɩɩ buloŋ kyogi Gyuuma."
11,"If I had done something deserving death, I would not ask to escape the death penalty. But I am not guilty of any of these crimes, and no one has the right to hand me over to these people. I now ask to be tried by the Emperor himself.”","Dɩ mɩyaŋ nɛ fa yaa wɩɩ kyogi, a maga dɩ ba kpʋ ŋ, ŋ fa aa laa rɛ, amɛ dɩ wɩya hʋ buloŋ ba aa basa yaa wɩnyɩyɛl kɛ, nal buloŋ bɩ kaŋ ŋmanɩɩ dɩ ʋ kpa ŋ we ba nosi tɩyaŋ dɩ ba kpʋ ŋ. Ŋ aa sʋl lɛ, dɩ ɩ leŋ dɩ ŋ mʋ kuworibal hʋ lee dɩ ʋ di ŋ sarɩya.”"
12,"After Festus had talked this over with members of his council, he told Paul, “You have asked to be tried by the Emperor, and to the Emperor you will go!” Paul Speaks to Agrippa and Bernice","Ɛɛ rɛ Fɛsitusi bee ʋ nɩhɩyasɩ na dɔmɔŋ. Ka ʋ basɩ tɩya Pɔɔl a baa, “Na ɩ baa ɩ sɩ mʋ kuworibal hʋ lee dɩ ʋ di ɩ sarɩya. Ŋ mɛ kɔnɩ yaŋ sɩ leŋ dɩ ɩ mʋ.” Fɛsitusi basɩ Pɔɔl wɩya tɩya Kuwori Agɩrɩpa abee Bɛɛnisi"
13,A few days later King Agrippa and Bernice came to Caesarea to visit Festus.,"Kyɛyɛ baŋmana hal tɩyaŋ, kuwori kɩdɩgɩ ba aa yɩrɩ Agɩrɩpa bee ʋ dɩya toluu kɩdɩgɩ ba aa yɩrɩ Bɛɛnisi ko dɩ ba kyʋwalɩ Fɛsitusi Sizaariya tɩyaŋ."
14,"They had been there for several days, when Festus told the king about the charges against Paul. He said: Felix left a man here in jail,","Ba aa we doŋ kyɛyɛ baŋmana, Fɛsitusi basɩ Pɔɔl wɩya buloŋ tɩya ba a baa, “Baal kɩdɩgɩ rɛ we daha. Fɛlisi rɛ fa leŋ ba kana ʋ tɔ dɩya tɩyaŋ. Ʋ ha we doŋ."
15,"and when I went to Jerusalem, the chief priests and the Jewish leaders came and asked me to find him guilty.","Ŋ aa mʋ Gyerusalɛm, Gyuuma wɩɩkyʋwal sɩlaala nɩhɩyasɩ abee Gyuuma nɩhɩyasɩ ko basɩ wɩya hʋ ba aa baa dɩ ʋ yaa kyogi ba rɛ, a tɩya ŋ, aŋ baa dɩ ŋ di ʋ sarɩya a kpa kyogisi tɩya ʋ."
16,I told them it isn't the Roman custom to hand a man over to people who are bringing charges against him. He must first have the chance to meet them face to face and to defend himself against their charges.,"Nyɛ rɛ ŋ basɩ tɩya ba anɩɩ á Roma tɩmma bɩ sɩ laa nyʋwa kpa kyogisi tɩya nal, aŋ kpa tɩɩna we ʋ dɔmɔ nosi tɩyaŋ, see dɩ á buloŋ hɔnɔ, dɩ kɩdɩgɩ buloŋ basɩ ʋ nyʋwa."
17,"So when they came here with me, I wasted no time. On the very next day I took my place on the judge's bench and ordered him to be brought in.","Ɛɛ rɛ ba sii kpa ko daha. Ba aa ko, ŋ bɩ kaŋ wɩɩ hʋ pɩɩsɩ. Ʋ sɩgballɩya buloŋ nɛ, ŋ sii mʋ sarɩya hʋ lidiilii aŋ leŋ ba kaŋ baal hʋ ko lɩɩ."
18,"But when the men stood up to make their charges against him, they did not accuse him of any of the crimes that I thought they would.","Nala hʋ bee Pɔɔl fa aa kaŋ wɩya kɩ kpa dɔmɔŋ hʋ, sii sɩŋ dɩ ba daga wɩya hʋ ba aa baa dɩ Pɔɔl yaa kyogi. Wɩbɔmɔ hʋ ŋ kɛ fa aa bɩɩna anɩɩ ba sɩ baa dɩ ʋ yaa, ba bɩ basa ba kɩdɩgɩ buloŋ."
20,"Since I did not know how to find out the truth about all this, I asked Paul if he would be willing to go to Jerusalem and be put on trial there.","Ŋ fa bɩ gyɩŋ ɛɛ hʋ buloŋ ŋ aa sɩ yaa, a gyɩŋ wɩɩ no naasɩ. Nyɛ rɛ ŋ pɩyɛsɩ Pɔɔl anɩɩ ʋ sɩ laa nyʋwa a mʋ Gyerusalɛm dɩ ba di ʋ sarɩya doŋ tɩyaŋ?"
21,But Paul asked to be kept in jail until the Emperor could decide his case. So I ordered him to be kept here until I could send him to the Emperor.,"Amɛ Pɔɔl bɩ laa nyʋwa, aŋ sʋla ŋ dɩ ŋ leŋ dɩ ba deŋ ʋ a kana ʋ mʋ kuworibal hʋ lee, dɩ ʋ di ʋ sarɩya. Ɛɛ rɛ ŋ leŋ ba kɩ deŋ ʋ. Dɩ mɩyaŋ nɛ ko na ŋmanɩɩ ŋ sɩ leŋ dɩ ba kana ʋ mʋ kuworibal hʋ lee dɩ ʋ di ʋ sarɩya.”"
22,"Then Agrippa said to Festus, “I would also like to hear what this man has to say.” Festus answered, “You can hear him tomorrow.”",Ɛɛ rɛ kuwori Agɩrɩpa basɩ tɩya Fɛsitusi anɩɩ ʋ tɩɩ kyo dɩ ʋ mɛ nɩɩ baal hʋ nyʋwa rɛ. Nyɛ rɛ Fɛsitusi basɩ tɩya ʋ anɩɩ ʋ kyiye sɩ nɩɩ ʋ wɩbasɩɩ. Ba kaŋ Pɔɔl mʋ Kuwori Agɩrɩpa bee Bɛɛnisi sɩya
23,The next day Agrippa and Bernice made a big show as they came into the meeting room. High ranking army officers and leading citizens of the town were also there. Festus then ordered Paul to be brought in,"Ʋ sɩya aa gballa, Kuwori Agɩrɩpa bee Bɛɛnisi sii mʋ sarɩya hʋ lidiilii. Ba gyɩ laalɩ ba kuwori gannɩ rɛ, ba sii ŋmaa kuwori kɩna tɩŋ ba hal, ba mʋ gyʋʋ dɩɩbal hʋ. Ba bee laalyuwolo nɩhɩyasɩ abee bee hʋ nɩhɩyasɩ buloŋ ko gyʋʋ hɔŋ dɩya hʋ tɩyaŋ. Ba buloŋ aa hɔnɔ ko teŋ, Fɛsitusi leŋ ba kaŋ Pɔɔl ko gyʋʋ."
24,"and said: King Agrippa and other guests, look at this man! Every Jew from Jerusalem and Caesarea has come to me, demanding for him to be put to death.","Ɛɛ rɛ Fɛsitusi baa, “Kuwori Agɩrɩpa, ɩ bee nala hʋ buloŋ aa we daha, ma na baal no. Ʋ wɩya rɛ tɩŋ Gyuuma hʋ aa we daha abee Gyuuma hʋ buloŋ aa lɩɩ Gyerusalɛm, ko kana ŋ bagɩna tɩyaŋ, a kɩ yaa kyagɩŋsɩ a baa dɩ ʋ bɩ maga dɩ ʋ we ʋ mɩɩbol tɩyaŋ."
25,"I have not found him guilty of any crime deserving death. But because he has asked to be judged by the Emperor, I have decided to send him to Rome.","Ŋ kɛ bɩ naa wɩɩ hʋ ʋ aa yaa kyogi, a maga dɩ ba kpʋ ʋ. Amɛ ʋ tɩɩ rɛ sʋla ŋ anɩɩ ʋ sɩ mʋ kuworibal hʋ lee dɩ ʋ di ʋ sarɩya. Ŋ mɛ yaŋ sɩ leŋ dɩ ʋ mʋ."
26,"I have to write some facts about this man to the Emperor. So I have brought him before all of you, but especially before you, King Agrippa. After we have talked about his case, I will then have something to write.","Amɛ ŋ paalɩ bɩ kyaasɩ gyɩŋ wɩɩ hʋ buloŋ ŋ aa sɩ sabɩ tɩya kuworibal hʋ baal no wɩya. Ɛɛ rɛ tɩŋ ŋ kana ʋ ko ma lee dɩ ma mɛ nɩɩ ʋ nyʋwa. Ɩ kuwori Agɩrɩpa lee rɛ ŋ yaŋ paalɩ kana ʋ ko. Ŋ bɩɩna anɩɩ dɩ ɩ mɛ gyʋʋ wɩɩ no tɩyaŋ, ɩ sɩ wuwo na wɩɩ dɩ ŋ wuwo sabɩ teŋ tɩya kuworibal hʋ."
2,"King Agrippa, I am glad for this chance to defend myself before you today on all these charges my own people have brought against me.","“Kuwori Agɩrɩpa, wɩya hʋ ŋ aa bɩ yaa, ba aa rɛ Gyuuma baa dɩ ŋ yaa rɛ. Ɛɛwɩya, ŋ sɩ baa dɩ ŋ nyuu sʋma rɛ gyɩnaŋ, ŋ aa sɩ wuwo basɩ wɩya ɩ sɩya tɩyaŋ a laa ŋ tɩɩ,"
3,You know a lot about our religious customs and the beliefs that divide us. So I ask you to listen patiently to me.,beewɩya ɩ kɛ paalɩ gyɩŋ Gyuuma lesiri buloŋ nɛ abee ba wɩkaŋtarɩya buloŋ. Ŋ yaŋ aa sʋla ɩ rɛ dɩ ɩ di kenyiri aŋ gyegili nɩɩ ŋ nyʋwa.
5,"All the Jews have known me since I was a child. They know what kind of life I have lived in my own country and in Jerusalem. And if they were willing, they could tell you I was a Pharisee, a member of a group that is stricter than any other.","Dɩ ba aa rɛ fa sɩ laa nyʋwa basɩ wɩtɩɩ, ba tɩɩ gyɩma rɛ anɩɩ piilii hʋ tɩyaŋ buloŋ, Farasiima paati hʋ tɩyaŋ nɛ ŋ we. Paati no nala rɛ fa aa tɩŋ á wɩɩkyʋwal ŋmanɩɩ hʋ abee wɩtɩɩ a te nɩkaalɩya hʋ buloŋ."
7,"Day and night our twelve tribes have earnestly served God, waiting for his promised blessings. King Agrippa, because of this hope, some of our leaders have brought charges against me.","Ŋ kuwo kpɩyana, á Iziral tɩmma dimbeye fi abee balɩya hʋ buloŋ laa di rɛ anɩɩ Wɩɩsɩ sɩ yaa wɩɩ no tɩya ma. Ɛɛ rɛ tɩŋ á yaa sɩfɩyaŋ a kɩ kyʋwalɩ Wɩɩsɩ wɩɩhaa bee tebine buloŋ. Ŋ mɛ aa laa wɩya no dɩ wɩya rɛ tɩŋ, Gyuuma baa dɩ ŋ kyogo rɛ, aŋ kɩ basɩ ŋ wɩya gɛɛ."
8,Why should any of you doubt that God raises the dead to life?,Bee rɛ tɩŋ ma kɩdɩgɩ buloŋ bɩ sɩ wuwo laa di anɩɩ Wɩɩsɩ sɩ kyisi nala hʋ aa sʋba dɩ ba sii sʋʋ tɩyaŋ?
10,"I did this first in Jerusalem, and with the authority of the chief priests I put many of God's people in jail. I even voted for them to be killed.","Ɛɛ rɛ ŋ yaa Gyerusalɛm tɩyaŋ. Gyuuma wɩɩkyʋwal sɩlaala nɩhɩyasɩ fa tɩya ŋ ŋmanɩɩ rɛ, ŋ kasɩ Wɩɩsɩ nala yʋga a tɔ dɩya tɩyaŋ. Dɩ ba aa rɛ fa ko kɩ kyɛ dɩ ba kpʋ ba mɛ, ŋ aa laa nyʋwa rɛ ba kpʋ ba."
11,"I often had them punished in our synagogues, and I tried to make them give up their faith. In fact, I was so angry with them, that I went looking for them in foreign cities.","Ŋ vala dɔgɩsɩ ba rɛ yʋga Gyuuma wɩɩkyʋwaldɩɩsɩ buloŋ tɩyaŋ, a kɩ lʋga dɩ ba basɩ baa ba bɩl bɩ laa Yesu Krisita wɩya di. Ŋ baaŋ gyɩ siye rɛ kɩŋkaŋ ba nyuu tɩyaŋ. Ŋ paalɩ kile ba lugo mʋ tɔnɩ hʋ badɔmɔŋ aa tuwo Gyuuma paalʋʋ tɩyaŋ, a dɔgɩsɩ ba doŋ tɩyaŋ mɛ.” Pɔɔl daga ɛɛ aa yaa ʋ ko laa Yesu wɩya di Kpambɩsɩ"
12,"King Agrippa, one day I was on my way to Damascus with the authority and permission of the chief priests.","“Wɩɩ no tɩɩ wɩya, ŋ gyɩ sii mʋ Gyuuma wɩɩkyʋwal sɩlaala nɩhɩyasɩ lee rɛ, ba tɩya ŋ ŋmanɩɩ dɩ ŋ mʋ Damaasiku."
13,About noon I saw a light brighter than the sun. It flashed from heaven on me and on everyone traveling with me.,"Ŋ kuwo kpɩyana, ŋ aa mʋ ŋmanɩɩ hʋ tɩyaŋ nɛ, anɩɩ wɩɩhaa keserige saŋa gɛɛ, ŋ na pʋlʋŋ dɩ ʋ lɩɩ wɩɩsɩnyuu a kyaanɩ we ŋ bee nala hʋ fa aa val tɩyaŋ. Ʋ gyɩ kyaana te wɩɩpɔsɩɩ."
15,"“Who are you?” I asked. Then the Lord answered, “I am Jesus! I am the one you are so cruel to.","Ɛɛ rɛ ŋ pɩyɛsɩ, ‘Aŋnɛ rɛ, Tɩɩna?’ Ɛɛ rɛ Tɩɩna hʋ baa, ‘Mɩyaŋ Yesu rɛ, nal hʋ ɩ aa tɩŋ naasɩ kɩ dɔgɩsɩ hʋ."
16,"Now stand up. I have appeared to you, because I have chosen you to be my servant. You are to tell others what you have learned about me and what I will show you later.”","Amɛ sii sɩŋ. Ŋ kaŋ ŋ tɩɩ ko daga ɩ rɛ, dɩ ŋ lɩɩ ɩ, dɩ ɩ tʋŋ tʋma kɩ tɩya ŋ, a yaa ŋ daŋsɩya tɩɩna, a basɩ kɩ tɩya nala, ɩ aa naa ŋ nyɛ gyɩnaŋ, abee wɩya hʋ ŋ aa sɩ maakyiye kpa daga ɩ."
17,"The Lord also said, “I will protect you from the Jews and from the Gentiles that I am sending you to.","Ŋ sɩ tɩma ɩ, dɩ ɩ mʋ Iziral tɩmma lee abee nala hʋ aa bɩ yaa Gyuuma buloŋ lee. Dɩ ba aa rɛ ko kɩ dɔgɩsɩ ɩ, ŋ sɩ laa ɩ ta ba nosi tɩyaŋ."
18,"I want you to open their eyes, so they will turn from darkness to light and from the power of Satan to God. Then their sins will be forgiven, and by faith in me they will become part of God's holy people.”","Ŋ sɩ tɩma ɩ dɩ ɩ mʋ leŋ dɩ ba sɩya suri, a kaŋ ba dɩ ba bɩrɩmɩ lɩɩ bilhuu tɩyaŋ a ko gyʋʋ pʋlʋŋ tɩyaŋ, a leŋ dɩ ba lɩɩ Sɩtaanɩ nosi tɩyaŋ a ko Wɩɩsɩ lee. Dɩ ba aa rɛ yaa gɛɛ, aŋ laa ŋ wɩya di, Wɩɩsɩ sɩ kpa ba wɩbɔmɔ buloŋ kyɛ ba, ka dɩ ba wuwo na lee nala hʋ Wɩɩsɩ aa lɩya tɩyaŋ.”’ Pɔɔl basɩ ʋ tʋma wɩya"
19,"King Agrippa, I obeyed this vision from heaven.","“Ɛɛ wɩya kuwori, ŋ bɩ vɩya taal hʋ aa lɩɩ wɩɩsɩnyuu."
20,"First I preached to the people in Damascus, and then I went to Jerusalem and all over Judea. Finally, I went to the Gentiles and said, “Stop sinning and turn to God! Then prove what you have done by the way you live.”","Doŋ nɛ ŋ piili basɩ Wɩɩsɩ wɩya Damaasiku tɩyaŋ abee Gyerusalɛm tɩyaŋ abee Gyudɩya paalʋʋ buloŋ tɩyaŋ, abee nala hʋ aa bɩ yaa Gyuuma tɩyaŋ mɛ. Ŋ basɩ tɩya ba rɛ dɩ ba bɩrɩmɩ lɩɩ ba wɩbɔmɔ tɩyaŋ aŋ tɩŋ Wɩɩsɩ, aŋ kɩ yaa wɩya hʋ aa daga anɩɩ ba kɔnɩ bɩrɩma lɩɩ ba wɩbɔmɔ tɩyaŋ nɛ."
21,That is why some men grabbed me in the temple and tried to kill me.,Wɩɩ no wɩya rɛ tɩŋ Gyuuma kana ŋ Wɩɩkyʋwaldɩya hʋ tɩyaŋ a kɩ kyɛ dɩ ba kpʋ ŋ gɛɛ.
22,"But all this time God has helped me, and I have preached both to the rich and to the poor. I have told them only what the prophets and Moses said would happen.","Amɛ abee gyɩnaŋ buloŋ Wɩɩsɩ ha aa pɛ ŋ tɩyaŋ nɛ. Ɛɛ rɛ tɩŋ ŋ wuwo sɩŋ daha a kɩ basɩ wɩya no buloŋ ŋ aa yaa daŋsɩya, a kɩ tɩya ma, ma nɩbala abee ma nɩbiisi buloŋ. Wɩɩ no ŋ aa basɩ nyɛ, ʋ tɩɩtɩɩ rɛ Wɩɩsɩ tɩŋdaala abee Moosi buloŋ fa basɩ anɩɩ ʋ kɔnɩ sɩ yaa."
23,"I told them how the Messiah would suffer and be the first to be raised from death, so he could bring light to his own people and to the Gentiles.","Nala no fa basa rɛ anɩɩ Krisita hʋ sɩ na tʋwara, a sʋba, aŋ laa sɩya sii sʋʋ tɩyaŋ nala hʋ buloŋ aa sʋba tɩyaŋ. A bɩl baa dɩ Krisita no tɩyaŋ nɛ Gyuuma abee nala hʋ aa bɩ yaa Gyuuma buloŋ sɩ tɩŋa a na Wɩɩsɩ kyaanʋʋ hʋ aa sɩ laa ba ta.”"
24,"Before Paul finished defending himself, Festus shouted, “Paul, you're crazy! Too much learning has driven you out of your mind.”","Pɔɔl aa basɩ wɩya dɩ laa ʋ tɩɩ gɛɛ, Fɛsitusi nɔsɩ ʋ, aŋ basɩ tɩya ʋ baa, “Pɔɔl, ɩ aa yaarɩ rɛ dʋ? Ɩ wɩgyʋŋ kɩŋkaŋ hʋ rɛ leŋ ɩ kɩ yaarɩ gɛɛ.”"
25,"But Paul replied, “Honorable Festus, I am not crazy. What I am saying is true, and it makes sense.","Nyɛ rɛ Pɔɔl baa, “Ŋ kuwo kpɩyana, ŋ kɛ paalɩ bee yaarɩ. Wɩtɩɩ rɛ ŋ kɩ basɩ."
26,None of these things happened off in a corner somewhere. I am sure that King Agrippa knows what I am talking about. That's why I can speak so plainly to him.”,"Kuwori Agɩrɩpa, ɩ gyɩŋ wɩya no buloŋ tɩyaŋ nɛ. Ɛɛ rɛ tɩŋ ŋ wuwo kɩ basɩ ba abee nyuduwo gɛɛ. Ŋ gyɩma rɛ anɩɩ wɩya no buloŋ tɩyaŋ wɩɩ buloŋ tuwo ɩ aa bɩ gyɩma, beewɩya wɩya no aa yaa kɩdɩgɩ buloŋ bɩ yaa wɩfaŋɩɩ."
27,"Then Paul said to Agrippa, “Do you believe what the prophets said? I know you do.”","Kuwori Agɩrɩpa, ɩ laa Wɩɩsɩ tɩŋdaala hʋ wɩbasɩya dɩ rɛ? Ŋ gyɩma anɩɩ ɩ laa di rɛ.”"
28,"Agrippa asked Paul, “In such a short time do you think you can talk me into being a Christian?”","Ɛɛ rɛ kuwori Agɩrɩpa pɩyɛsɩ Pɔɔl a baa, “Ɩ liise anɩɩ lagɩlagɩbiye no ɩ teŋ sɩ wuwo leŋ dɩ ŋ laa Yesu wɩya di a kɩ tɩŋa ʋ koo?”"
29,"Paul answered, “Whether it takes a short time or a long time, I wish you and everyone else who hears me today would become just like me! Except, of course, for these chains.”","Ɛɛ rɛ Pɔɔl baa, “Dɩ lagɩlagɩbiye no rɛ, koo dɩ lagɩlagɩbiye no daa, ŋ kɛ wɩɩsʋlɩɩ rɛ yaa dɩ ɩ bee nɩkaalɩya hʋ buloŋ aa gyegile kɩ nɩɩ ŋ taal no gyɩnaŋ, dɩ ma ko laa Yesu wɩya di anɩɩ ŋ aa laa ʋ wɩya di gɛɛ. Amɛ ŋ bee sʋla Wɩɩsɩ dɩ ba kaŋ ma kɛ we kyɔrʋmɔ tɩyaŋ anɩɩ mɩyaŋ nyɛ.”"
31,"But before they left, they said, “This man isn't guilty of anything. He doesn't deserve to die or to be put in jail.”","Ba aa lɩɩ lɩgyalɩɩ ko teŋ, ba basɩ kɩ tɩya dɔmɔŋ a baa, “Baal no bɩ kyogo wɩɩ buloŋ a maga dɩ ba kpʋ ʋ koo dɩ ba kana ʋ tɔ dɩya tɩyaŋ.”"
32,"Agrippa told Festus, “Paul could have been set free, if he had not asked to be tried by the Roman Emperor.”","Ɛɛ rɛ Kuwori Agɩrɩpa basɩ tɩya Fɛsitusi a baa, “Dɩ baal no fa bɩ sʋla ŋmanɩɩ anɩɩ ʋ sɩ mʋ kuworibal hʋ lee dɩ ʋ di ʋ sarɩya rɛ, ŋ kɛ fa aa baa ɩ kpa ʋ ta rɛ.”"
1,"When it was time for us to sail to Rome, Captain Julius from the Emperor's special troops was put in charge of Paul and the other prisoners.",Nyɛ rɛ ba vʋʋlɩ dɩ á gyʋʋ nɩɩduworiboro a mʋ Itali paalʋʋ. Ɛɛ rɛ ba kpa Pɔɔl bee nɩtɔdɩya nala hʋ badɔmɔŋ a we laalyuwolo nɩhɩyawʋ kɩdɩgɩ ba aa yɩrɩ Gyulɩyɔsɩ noŋ tɩyaŋ. Gyulɩyɔsɩ fa yaa nɩhɩyawʋ rɛ Roma paalʋʋ kuworibal hʋ laalyuwolo tɩyaŋ.
2,We went aboard a ship from Adramyttium that was about to sail to some ports along the coast of Asia. Aristarchus from Thessalonica in Macedonia sailed on the ship with us.,"Á mʋ gyʋʋ nɩɩduworiboribal kɩdɩgɩ aa lɩɩ Adɩramɩtɩyam, dɩ ʋ mɛ yaŋ kɩ yaa siri dɩ ʋ mʋ tɔnɩ hʋ aa we mpʋwɔnʋʋ hʋ nyʋwa Esɩya paalʋʋ tɩyaŋ. Baal kɩdɩgɩ mɛ rɛ fa we á tɩyaŋ ba kɩ yɩrɩ Arisitaakusi. Ʋ fa lɩɩ Tesaloniika aa we Masidooniya paalʋʋ tɩyaŋ nɛ."
3,"The next day we came to shore at Sidon. Captain Julius was very kind to Paul. He even let him visit his friends, so they could give him whatever he needed.","Ʋ sɩgballɩya rɛ á mʋ pele tɔɔ kɩdɩgɩ ba kɩ yɩrɩ Siidɔŋ. Gyulɩyɔsɩ fa kaŋ bɔnyɛ bee Pɔɔl lɛ weliŋ, a tɩya ʋ ŋmanɩɩ ʋ mʋ kɩ na ʋ kyaŋsɩ, dɩ ʋ rɛ aa kyɛ kɩŋ, dɩ ʋ kyaŋsɩ hʋ wuwo pɛ ʋ tɩyaŋ abee haŋ kɩŋ hʋ."
5,Then we sailed south of Cilicia and Pamphylia until we came to the port of Myra in Lycia.,"Nyɛ rɛ á kpala tɩŋ Silisɩya abee Pamfilɩya paalʋʋ nyʋwa, a mʋ pele lee kɩdɩgɩ ba aa yɩrɩ Maara, a we Liisɩya paalʋʋ tɩyaŋ."
6,There the army captain found a ship from Alexandria that was going to Italy. So he ordered us to board that ship.,Doŋ tɩyaŋ nɛ laalyuwolo nɩhɩyawʋ hʋ na nɩɩduworiboribal kɩdɩgɩ mɛ dɩ ʋ lɩɩ Alizaŋdiriya a kɩ mʋ Itali. Ʋ leŋ á gyʋʋ ʋ.
7,"We sailed along slowly for several days and had a hard time reaching Cnidus. The wind would not let us go any farther in that direction, so we sailed past Cape Salmone, where the island of Crete would protect us from the wind.","Á fɩyɛlɩ sɩya duwori gɛɛ rɛ deŋdeŋ kyɛgyamaa, a na tʋwara kɩŋkaŋ, aŋ yaŋ na ko kpaga tɔɔ kɩdɩgɩ ba kɩ yɩrɩ Kinidusi. Puwo hʋ gyɩ bɩ laa di á tɩŋ doŋ. Nyɛ rɛ á bɩl kpala tɩŋ tɔɔ kɩdɩgɩ nɩɩ aa golo baŋ kyeme, ba kɩ yɩrɩ Kireti, a ko pele lee kɩdɩgɩ ba kɩ yɩrɩ Salmooni, a kpala tɩŋ tɔɔ hʋ logiŋ puwo aa tuwo."
8,"We went slowly along the coast and finally reached a place called Fair Havens, not far from the town of Lasea.","Á aa kpala tɩŋ nɩɩ hʋ nyʋwa gɛɛ, a naa tʋwara rɛ weliŋ aŋ na ko sɩŋ lee kɩdɩgɩ ba kɩ yɩrɩ Nɩɩduworiborisi Lɩsɩŋwelii. Doŋ fa kpaga tɔɔ kɩdɩgɩ ba aa yɩrɩ Laasɩya rɛ."
9,"By now we had already lost a lot of time, and sailing was no longer safe. In fact, even the Great Day of Forgiveness was past.","Á hɔŋ doŋ nɛ a pɩɩsɩ mʋhʋ, Gyuuma kyɛbal hʋ ba aa kpa pʋsɩ lɩɩ wɩɩsʋlɩɩ tɩya Wɩɩsɩ dɩ ʋ kpa ba wɩbɔmɔ kyɛ ba hʋ ko parɩ baŋ. Haŋ saŋa hʋ mɛ nɩɩ duworii aa hayɛ rɛ weliŋ. Ɛɛ rɛ Pɔɔl basɩ wɩya kyagɩlɩ ba a baa,"
10,"Then Paul spoke to the crew of the ship, “Men, listen to me! If we sail now, our ship and its cargo will be badly damaged, and many lives will be lost.”","“Ŋ naabalɩya, ŋ naa anɩɩ á ŋmanɩɩ hʋ valɩɩ sɩ kperi ma. Ma leŋ dɩ á hɔŋ daha. Dɩ ámaa rɛ baa á sɩ mʋ, á nɩɩduworiboro hʋ bee á kyʋgɩsɩ hʋ buloŋ sɩ kyogi, ka dɩ á badɔmɔŋ mɛ sʋba.”"
11,"But Julius listened to the captain of the ship and its owner, rather than to Paul.","Amɛ laalyuwolo nɩhɩyawʋ hʋ fa bɩ gyegile nɩɩ Pɔɔl nyʋwa hʋ, aŋ gyegili nɩɩ nɩɩduworiboro hʋ nɩhɩyawʋ abee nɩɩduworiboro hʋ tɩɩna nyʋwa."
12,"The harbor at Fair Havens wasn't a good place to spend the winter. Because of this, almost everyone agreed that we should at least try to sail along the coast of Crete as far as Phoenix. It had a harbor that opened toward the southwest and northwest, and we could spend the winter there. The Storm at Sea","Nyɛ rɛ ba baa dɩ lee hʋ bɩ weliye abee ba aa sɩ we doŋ yʋʋ no tɩyaŋ. Ba gyeniŋ buloŋ fa kyo dɩ ba gyʋʋ nɩɩduworiboro hʋ rɛ, a ta kɩ lʋga dɩ ba wuwo mʋ pele tɔɔ kɩdɩgɩ ba aa yɩrɩ Finiisi a we doŋ yʋʋ hʋ tɩyaŋ. Finiisi fa yaa nɩɩduworiborisi lɩsɩnɩɩ rɛ a we Kiriti paalʋʋ tɩyaŋ. Nɩɩduworiborisi lɩsɩnɩɩ no fa yaa fuwobal goloŋ nɛ a kyaasɩ wɩɩpɔsɩɩ noduu dɩɩlaŋ abee wɩɩgyʋʋyɩ nogɔbɔ dɩɩlaŋ. Puwo luro fuwobal hʋ tɩyaŋ"
13,"When a gentle wind from the south started blowing, the men thought it was a good time to do what they had planned. So they pulled up the anchor, and we sailed along the coast of Crete.","Nyɛ rɛ puwo fʋʋfʋʋbiye kɩdɩgɩ luri a lɩɩ wɩɩpɔsɩɩ noduu dɩɩlaŋ. Nala hʋ kɛ fa bɩɩna anɩɩ ba sɩ na ŋmanɩɩ a vala anɩɩ gɛɛ ba fa aa liisi ba tɩsɩ tɩyaŋ nɛ. Nyɛ rɛ ba kaŋ hɔgɩbal hʋ ba aa kaŋ kyaga nɩɩduworiboro hʋ sɩgɩ, a lɩɩ we nɩɩduworiboro hʋ tɩyaŋ aŋ duwori kpala ko tɩŋ Kiriti bee nyʋwa gɛɛ baŋ."
16,"We went along the island of Cauda on the side that was protected from the wind. We had a hard time holding the lifeboat in place,","Ɛɛ rɛ á tɩŋ bee kɩdɩgɩ ba aa yɩrɩ Kawʋda, doŋ mɛ buloŋ nɛ nɩɩ fa gol a ko baŋ kyeme. Doŋ puwo kɛ fa siyese mʋhʋ rɛ. Doŋ tɩyaŋ mɛ, á gyɩ naa tʋwara rɛ kɩŋkaŋ aŋ na wuwo kaŋ nɩɩduworiboribiye hʋ á fa aa kpaa vʋwa nɩɩduworiboribal hʋ hal."
17,"but finally we got it where it belonged. Then the sailors wrapped ropes around the ship to hold it together. They lowered the sail and let the ship drift along, because they were afraid it might hit the sandbanks in the gulf of Syrtis.","Ɛɛ rɛ ba tarɩ nɩɩduworiboribiye hʋ ko gyʋʋ nɩɩduworiboribal hʋ tɩyaŋ a kaŋ ŋmasɩ vʋwa ʋ mal nɩɩduworiboribal hʋ tɩyaŋ kpaŋkpaŋ, aŋ vʋwa nɩɩduworiboribal hʋ mɛ dɩ ʋ ta ko yɔrɩmɩ. Kambɩŋ fa kaŋ ba rɛ, beewɩya ba kɛ fa bɩɩna anɩɩ nɩɩduworiboro hʋ sɩ yɩ taŋha Libiya mpʋwɔnʋʋ hʋ nyʋwa tɩyaŋ nɛ, beewɩya doŋ nɩɩ bɩ luŋiye. Nyɛ rɛ ba kaŋ gannɩ hʋ ba fa aa kaŋ vʋwa nɩɩduworiboro hʋ nyuu puri ta ba tuu, aŋ leŋ puwo hʋ kaŋ nɩɩduworiboro hʋ kɩ vala."
18,The storm was so fierce that the next day they threw some of the ship's cargo overboard.,Puwo hʋ gyɩ faasɩ dɔŋ nɛ weliŋ. Ɛɛ rɛ ʋ sɩgballɩya ba piili kuwoni kyʋgɩsɩ hʋ aa we nɩɩduworiboro hʋ tɩyaŋ a yuwo kɩ ta.
19,"Then on the third day, with their bare hands they threw overboard some of the ship's gear.","Ʋ sɩya bɩl aa gballa, ba kuwoni nɩɩduworiboro hʋ tɩɩ kɩna badɔmɔŋ mɛ a yuwo ta."
20,"For several days we could not see either the sun or the stars. A strong wind kept blowing, and we finally gave up all hope of being saved.","Á gyɩ naa kyɛgyamaa rɛ dɩ wɩɩsɩ bɩ pɔsɔ, kyɩŋwʋlɩya mɛ bɩ lɩya. Ka puwo hʋ mɛ ha marɩ kɩ dɔŋ kɩŋkaŋ. Ɛɛ hʋ puwo hʋ gyɩ aa marɩ kɩ dɔŋ hʋ, á gyɩ bɩl bɩ liise anɩɩ á sɩ waa."
21,"Since none of us had eaten anything for a long time, Paul stood up and told the men: You should have listened to me! If you had stayed on in Crete, you would not have had this damage and loss.","Nala hʋ gyɩ pɩɩsa dɩ ba bɩ dii kɩna. Ɛɛ rɛ Pɔɔl basɩ tɩya ba a baa, “Ŋ naabalɩya, ʋ fa maga dɩ ma gyegili nɩɩ ŋ nyʋwa hʋ rɛ. Dɩ mamaa rɛ fa gyegile nɩɩ ŋ nyʋwa, dɩ á fa hɔŋ Kiriti tɩyaŋ, á kɩna no buloŋ aa kyogo nyɛ, ba fa bɩ sɩ kyogi. Kɩna hʋ mɛ buloŋ aa nyʋgɩsa mɛ fa bɩ sɩ nyʋgɩsɩ."
22,"But now I beg you to cheer up, because you will be safe. Only the ship will be lost.","Amɛ ŋ aa sʋl ma, ma kaŋ ma tɩɩ aŋ kaŋ bembii mɛ. Á nɩɩduworiboro hʋ dʋŋ nɛ sɩ kyogi, amɛ ma kɛ kɩdɩgɩ buloŋ bɩ sɩ sʋba."
23,"I belong to God, and I worship him. Last night he sent an angel","Wɩɩsɩ hʋ aa tɩŋa ŋ, ŋ mɛ kɩ kyʋwalɩ ʋ, ʋ malɩka dɩya ko ŋ lee rɛ tebine,"
24,"to tell me, “Paul, don't be afraid! You will stand trial before the Emperor. And because of you, God will save the lives of everyone on the ship.”","a basɩ tɩya ŋ a baa, ‘Pɔɔl, ta leŋ dɩ kambɩŋ kana ɩ. Ɩ sɩ mʋ sɩŋ kuworibal hʋ sɩya tɩyaŋ. Wɩɩsɩ sɩ kuu ɩ wɩya a leŋ ɩ bee nala hʋ buloŋ aa we nɩɩduworiboro hʋ tɩyaŋ buloŋ kaŋ mɩɩbol.’"
26,But we will first be shipwrecked on some island.,Amɛ puwo no sɩ yigi ma mʋ ta taŋha biye kɩdɩgɩ nɩɩ aa golo ko baŋ tɩyaŋ.”
40,"They cut the anchors loose and let them sink into the sea. At the same time they untied the ropes that were holding the rudders. Next, they raised the sail at the front of the ship and let the wind carry the ship toward the beach.","Nyɛ rɛ ba keri hɔgɩbala hʋ buloŋ ba fa aa kaŋ kyaga boro hʋ a lo we nɩɩ hʋ tɩyaŋ. Ba kaŋ ŋmasɩ hʋ mɛ ba fa aa kaŋ kɩ vʋwa kuunyiŋdaabiisi hʋ ba aa kaŋ kɩ kuwosi boro hʋ mɛ puri. Ba bɩl marɩ kaŋ gannɩ hʋ mɛ ba aa kaŋ vʋwa boro hʋ sɩya tɩyaŋ ta ba gyɩŋ vʋwa, dɩ puwo wuwo kaŋ nɩɩduworiboro hʋ vala mʋ nɩɩ hʋ nyʋwa."
30,"The sailors wanted to escape from the ship. So they lowered the lifeboat into the water, pretending that they were letting down some anchors from the front of the ship.","Ɛɛ rɛ nala hʋ fa aa duwori boro hʋ lɩɩ kɩ kyɛ dɩ ba fá, aŋ vɩya nɩkaalɩya hʋ bee boro hʋ ta. Ba lɩɩ nɩɩduworiboribiye hʋ a we nɩɩ hʋ tɩyaŋ, a fugo kɩ yaa gɛɛ anɩɩ ba aa kyɛ dɩ ba lɩɩ hɔgɩnɩ hʋ ba aa kaŋ kyaga nɩɩduworiboribal hʋ sɩya rɛ."
29,"The sailors were afraid that we might hit some rocks, and they let down four anchors from the back of the ship. Then they prayed for daylight.","Kambɩŋ fa kaŋ ba rɛ anɩɩ ba aa sɩ mʋ ŋmaa bʋyɩ wɩya. Ɛɛ rɛ ba kuwoni hɔgɩnɩ hʋ ba aa kaŋ kyaga nɩɩduworiboro hʋ sɩgɩ. Ba banaa rɛ ba kuwoni nɩɩduworiboro hʋ hal a kyaga ʋ sɩgɩ, aŋ kɩ sʋla Wɩɩsɩ dɩ sɩya gballɩ dɩ ba na pʋlʋŋ."
31,"But Paul said to Captain Julius and the soldiers, “If the sailors don't stay on the ship, you won't have any chance to save your lives.”","Ɛɛ rɛ Pɔɔl basɩ tɩya laalyuwolo nɩhɩyawʋ hʋ abee laalyuwolo hʋ a baa, “Dɩ nala hʋ aa duwori boro hʋ ko lɩɩ nɩɩduworiboro hʋ tɩyaŋ, ma kɩdɩgɩ buloŋ mɛ bɩ sɩ waa.”"
32,The soldiers then cut the ropes that held the lifeboat and let it fall into the sea.,"Pɔɔl aa basɩ gɛɛ, laalyuwolo hʋ keri ŋmasɩ hʋ ba fa aa kaŋ vʋwa nɩɩduworiboribiye hʋ a leŋ nɩɩ hʋ kpa ʋ kɩ mʋ."
34,I beg you to eat something. Your lives depend on it. Do this and not one of you will be hurt.”,"Ɛɛwɩya, ŋ aa sʋla ma rɛ dɩ ma di kɩna. Dɩ mamaa rɛ dii kɩna, ma sɩ kaŋ dee a wuwo laa ma tɩɩ a kaŋ mɩɩbol. Wɩɩ buloŋ bɩ sɩ yaa ma kɩdɩgɩ buloŋ.”"
35,"After Paul had said this, he took a piece of bread and gave thanks to God. Then in front of everyone, he broke the bread and ate some.","Pɔɔl aa basɩ gɛɛ ko teŋ, ʋ kpa paanʋʋ, a kyʋwalɩ Wɩɩsɩ ba buloŋ sɩya tɩyaŋ aŋ lɔgɔ kɩ kyaŋ."
36,"They all felt encouraged, and each of them ate something.",Nyɛ rɛ ba buloŋ kaŋ ba tɩɩ aŋ di kɩdiiliye hʋ.
38,"and after everyone had eaten, they threw the cargo of wheat into the sea to make the ship lighter. The Shipwreck","Ba buloŋ aa dii kɩna hʋ vɔgɔ, ba kuwoni mɩya hʋ fa aa we nɩɩduworiboro hʋ tɩyaŋ a ta, ka dɩ boro hʋ fʋŋɩsɩ. Nɩɩduworiboribal hʋ wara"
39,"Morning came, and the ship's crew saw a coast they did not recognize. But they did see a cove with a beach. So they decided to try to run the ship aground on the beach.","Ʋ sɩgballɩya, á ko pele dogimo ka nala hʋ aa duwori boro hʋ bɩ gyɩŋ lee hʋ buloŋ ba aa wee. Ba na nɩɩ-goloŋ kɩdɩgɩ, ka nɩɩ hʋ mɛ aa we doŋ bɩ gyalɩya, ka nɩɩ hʋ mɛ buloŋ bɩ luŋiye. Ba fa bɩɩna ba sɩ wuwo kaŋ nɩɩduworiboro hʋ lɩɩ nɩɩ hʋ nyʋwa rɛ."
41,"But it ran aground on a sandbank. The front of the ship stuck firmly in the sand, and the rear was being smashed by the force of the waves.","Amɛ boro hʋ fa fáá mʋ gyʋʋ bumbugulo badɔmɔŋ nɩɩ aa kulo biŋ tɩyaŋ nɛ ʋ sɩya mʋʋrɩ gyʋʋ, ʋ bɩ wuwo dɩ ʋ vala, aŋ ka puwobal hʋ leŋ nɩɩyigil ko ŋmaa boro hʋ hal warɩ tala tala."
42,The soldiers decided to kill the prisoners to keep them from swimming away and escaping.,"Nyɛ rɛ laalyuwolo hʋ vʋʋlɩ dɩ ba kpʋ nɩtɔdɩya nala hʋ buloŋ, dɩ ba kɩdɩgɩ buloŋ ta ko duwori kyol fá nyʋgɩsɩ."
43,"But Captain Julius wanted to save Paul's life, and he did not let the soldiers do what they had planned. Instead, he ordered everyone who could swim to jump into the water and head for shore.","Amɛ laalyuwolo nɩhɩyawʋ hʋ fa bee kyɛ dɩ ba kpʋ Pɔɔl. Ɛɛ rɛ ʋ basɩ tɩya ba baa dɩ ba ta yaa gɛɛ. Aŋ baa dɩ nala hʋ buloŋ aa we boro hʋ tɩyaŋ a gyɩŋ nɩɩ duworii, dɩ ba laa sɩya gyaa tuu duwori mʋ nɩɩ hʋ nyʋwa,"
44,"Then he told the others to hold on to planks of wood or parts of the ship. At last, everyone safely reached shore.","aŋka dɩ nɩkaalɩya hʋ mɛ tuu paa daaboriye hʋ bee daawarɩya hʋ, dɩ a mɛ kaŋ duwori kyol. Nyɛ rɛ á buloŋ yaa a lɩɩ nɩɩ hʋ nyʋwa abee laaŋfɩya."
3,"After Paul had gathered some wood and had put it on the fire, the heat caused a snake to crawl out, and it bit him on the hand.","Pɔɔl mʋ paa daasɩ a ko we diŋ hʋ tɩyaŋ, dɩ dʋŋ we daasɩ hʋ tɩyaŋ. Ɛɛ rɛ nʋŋ kaŋ dʋŋ hʋ, ʋ ko lɩɩ a dʋŋ-pɔ Pɔɔl noŋ tɩyaŋ."
4,"When the local people saw the snake hanging from Paul's hand, they said to each other, “This man must be a murderer! He didn't drown in the sea, but the goddess of justice will kill him anyway.”","Nala hʋ aa we doŋ na dɩ dʋŋ hʋ dʋŋ-pɔ Pɔɔl noŋ tɩyaŋ gɛɛ, ba basɩ kɩ tɩya dɔmɔŋ a baa, “Ʋ kɩɩ nɩɩ baal no yaa nɩkpʋʋl lɛ. Ʋ wuwo lɩɩ nɩɩ hʋ tɩyaŋ nɛ aŋ ha kaŋ mɩɩbol, amɛ ʋ wɩbɔmɔ rɛ ha aa dɩ ʋ gɛɛ.”"
6,"The people kept thinking that Paul would either swell up or suddenly drop dead. They watched him for a long time, and when nothing happened to him, they changed their minds and said, “This man is a god.”","Ba gyɩ aa gyegile rɛ dɩ ba na, dʋŋ hʋ aa dʋŋ Pɔɔl gɛɛ dɩ doŋ fa sɩ ŋmala, koo dɩ Pɔɔl fa sɩ lɩɩ tele a sʋba ba sii tɩyaŋ. Ba gyegili lɔlɔ, aŋ mɩɩgɩ baa dɩ Pɔɔl yaa tɔdʋŋ nɛ."
7,"The governor of the island was named Publius, and he owned some of the land around there. Publius was very friendly and welcomed us into his home for three days.","Bee hʋ kuwori feŋ nɛ fa yaa Pubiliyɔsɩ. Ʋ bagɩsɩ mɛ fa kpaga doŋ nɛ. Ʋ mɛ gyɩ kaŋ ma nɩhɔrɩ weliŋ kyɛyɛ boto, ʋ dɩya tɩyaŋ."
8,"His father was in bed, sick with fever and stomach trouble, and Paul went to visit him. Paul healed the man by praying and placing his hands on him.","Dɩ Kuwori hʋ kuwo mɛ fa aa wɩɩlɩ, a pɩŋ dɩya tɩyaŋ. Fɩyɛlʋʋ abee hamɔlʋŋ nɛ fa kana ʋ. Ɛɛ rɛ Pɔɔl gyʋʋ na ʋ dɩya tɩyaŋ a kpa ʋ nosi dɔbɔ ʋ tɩyaŋ a kyʋwalɩ Wɩɩsɩ tɩya ʋ, ʋ na laaŋfɩya."
9,"After this happened, everyone on the island brought their sick people to Paul, and they were all healed.","Pɔɔl fa aa yaa gɛɛ, wɩɩla tɩmma hʋ buloŋ fa aa we doŋ ko Pɔɔl lee rɛ ʋ tɩɩbɩ ba buloŋ, ba na laaŋfɩya."
11,Three months later we sailed in a ship that had been docked at Malta for the winter. The ship was from Alexandria in Egypt and was known as “The Twin Gods.”,"Á gyɩ we doŋ nɛ peŋsi boto aŋ na sii lɩɩ gyʋʋ nɩɩduworiboro kɩdɩgɩ aa lɩɩ Alizaŋdiriya. Nɩɩduworiboro no feŋ nɛ fa yaa Tɔdʋŋ-daalɩyanɩ. Boro no gyɩ sɩŋ Mɔlta fuwo hʋ nyʋwa tɩyaŋ nɛ, a lɩɩ yʋʋ saŋa a mʋ pele puwo saŋa."
13,"From there we sailed to Rhegium. The next day a south wind began to blow, and two days later we arrived in Puteoli.","Á bɩl sii lɩɩ doŋ a mʋ gyʋʋ nɩɩduworiboro, a duwori mʋ tɔɔ kɩdɩgɩ ba kɩ yɩrɩ Riigyiyɔm. Ʋ sɩya aa gballa, puwo bɩl piili kɩ dɔŋ, a lɩɩ wɩɩpɔsɩɩ noduu dɩɩlaŋ. Ʋ kyɛyɛ balɩya kyɛɛ rɛ á ko pele tɔɔ kɩdɩgɩ ba kɩ yɩrɩ Putiyoli."
14,"There we found some of the Lord's followers, who begged us to stay with them. A week later we left for the city of Rome.","Á gyɩ na Krisitabiisi badɔmɔŋ nɛ doŋ. Ba baa dɩ á hɔŋ ba lee kyɛyɛ bapɛ. Ɛɛ rɛ á hɔŋ. Nyɛ rɛ á vala pɩŋ ŋmanɩɩ tɩyaŋ gɛɛ, a mʋ pele Roma."
15,"Some of the followers in Rome heard about us and came to meet us at the Market of Appius and at the Three Inns. When Paul saw them, he thanked God and was encouraged. Paul in Rome","Á nɩmmabalɩya hʋ aa laa Yesu wɩya di Roma tɩyaŋ nɩɩ á wɩya anɩɩ á aa ko rɛ. Ba ko kyeŋ ma libolii tɩyaŋ. Ba badɔmɔŋ gyɩ kyeŋ ma Apiya Yɔbɔ hʋ tɩyaŋ nɛ. Ka ba badɔmɔŋ mɛ kyeŋ ma lee hʋ ba aa yɩrɩ Dɩɩsɩ boto nɩhʋwala aa pɩŋ doŋ. Pɔɔl aa naa ba, ʋ teŋ buloŋ gyɩ pollo rɛ, ʋ kyʋwalɩ Wɩɩsɩ aŋgyʋwasʋ. Pɔɔl we Roma tɩyaŋ"
16,"We arrived in Rome, and Paul was allowed to live in a house by himself with a soldier to guard him.","Á aa mʋʋ pele Roma, ba tɩya Pɔɔl ŋmanɩɩ rɛ dɩ ʋ kɩ gyʋʋ ʋ dʋŋ dɩya, ka ba leŋ laalyuwolo hʋ kɩdɩgɩ kɩ deŋ ʋ."
17,"Three days after we got there, Paul called together some of the Jewish leaders and said: My friends, I have never done anything to hurt our people, and I have never gone against the customs of our ancestors. But in Jerusalem I was handed over as a prisoner to the Romans.","Ʋ kyɛyɛ boto kyɛɛ, Pɔɔl yɩrɩ Gyuuma nɩhɩyasɩ aa we bee hʋ tɩyaŋ ba ko laŋŋɩ. Ba aa laŋŋa gɛɛ rɛ ʋ basɩ tɩya ba a baa, “Ŋ naabalɩya Iziral tɩmma, ŋ bɩ yaa wɩɩ buloŋ kyogi á nala. Ŋ bɩ kyogo á naabaala sɩŋsɩ mɛ. Ka ba kana ŋ tɔ dɩya tɩyaŋ Gyerusalɛm tɩyaŋ, a bɩl kpa ŋ we Roma tɩmma mɛ nosi tɩyaŋ."
18,They looked into the charges against me and wanted to release me. They found that I had not done anything deserving death.,"Nyɛ rɛ Roma tɩmma di ŋ sarɩya, a na dɩ ŋ bɩ kyogo wɩɩ buloŋ a maga dɩ ba kpʋ ŋ. Ɛɛwɩya, ba fa kɩ kyɛ dɩ ba kpa ŋ ta."
20,I am bound by these chains because of what we people of Israel hope for. This is why I have called you here to talk about this hope of ours.,"Nyɛ rɛ tɩŋ ŋ baa ŋ sɩ na ma dɩ á basɩ wɩya gɛɛ. Nal hʋ wɩya Iziral tɩmma aa kaŋ bayɩyɛla anɩɩ ʋ sɩ ko, ʋ wɩya rɛ tɩŋ ba kaŋ kyɔrʋmɔ no vʋwa ŋ nyɛ.”"
21,"The leaders replied, “No one from Judea has written us a letter about you. And not one of them has come here to report on you or to say anything against you.","Pɔɔl aa basɩ gɛɛ, ba basɩ tɩya ʋ a baa, “Á bɩ laa teŋ buloŋ a lɩɩ Gyudɩya paalʋʋ a mʋ kɩ tile ɩ tɩyaŋ. Á nɩmmabalɩya kɩdɩgɩ mɛ bɩ lɩɩ doŋ ko a basɩ ɩ wɩbɔŋ."
22,But we would like to hear what you have to say. We understand that people everywhere are against this new group.”,Amɛ á gyɩma anɩɩ lee kɛ buloŋ nala aa kɩ basɩ wɩbɔmɔ rɛ a mʋ kɩ tile paati hʋ tɩyaŋ ɩ aa wee. Ɛɛ rɛ tɩŋ á kɩ kyɛ dɩ á gyɩŋ wɩɩ hʋ ɩ aa kana.”
23,"They agreed on a time to meet with Paul, and many of them came to his house. From early morning until late in the afternoon, Paul talked to them about God's kingdom. He used the Law of Moses and the Books of the Prophets to try to win them over to Jesus.","Ɛɛ rɛ ba tɩya Pɔɔl kyɛɛ. Kyɛɛ hʋ aa ko pele, nala yʋga sii ko lee hʋ Pɔɔl aa gyʋʋ. A yaŋ piili ʋ kyɩkyʋwala buloŋ a kaŋ kɩ mʋ ʋ dɩdaana, Pɔɔl basɩ Wɩɩsɩ koro hʋ wɩya gɛɛ rɛ a tɩya nala abee sɩfɩyasɩ. Ʋ gyɩ kpaa wɩya hʋ Moosi aa bine abee wɩya hʋ Wɩɩsɩ tɩŋdaala aa saba Wɩɩsɩ teŋ tɩyaŋ nɛ, a daga nala hʋ anɩɩ Yesu Krisita wɩya hʋ ʋ aa basɩ yaa wɩtɩɩ rɛ. Aŋ kɩ lʋga dɩ ba laa wɩya hʋ di."
24,"Some of the leaders agreed with what Paul said, but others did not.","Nala hʋ aa nɩɩ wɩya hʋ ʋ aa basɩ, ba badɔmɔŋ laa di, ka ba badɔmɔŋ mɛ bɩ laa di."
25,"Since they could not agree among themselves, they started leaving. But Paul said, “The Holy Spirit said the right thing when he sent Isaiah the prophet","Amɛ wɩdɩgɩ rɛ Pɔɔl gyɩ ko basɩ, nyʋʋtaaduwo gyʋʋ ba, ba sii pɩsa. Wɩɩ hʋ ʋ gyɩ aa basa rɛ nyɛ. Ʋ baa, “Wɩya hʋ Wɩɩsɩ Wiyese Welii hʋ aa tɩŋ Wɩɩsɩ tɩŋdaal Azaaya tɩyaŋ a basɩ tɩya ma naabaala hʋ yaa wɩtɩɩ rɛ."
26,"to tell our ancestors, ‘Go to these people and tell them: You will listen and listen, but never understand. You will look and look, but never see.","Ʋ fa basɩ baa, ‘Mʋ nala no lee a basɩ tɩya ba baa, Ma sɩ gyegili nɩɩ wɩya abee sɩfɩyasɩ, aŋ bɩ sɩ gyɩŋ ba memiye. Ma sɩ kyirigi ma sɩya aŋ bɩ sɩ na kɩŋ buloŋ mɛ,"
30,For two years Paul stayed in a rented house and welcomed everyone who came to see him.,"Pɔɔl gyɩ hɔŋ Roma tɩyaŋ nɛ bɩsɩ balɩya, a laa dɩya kɩ gyʋʋ, aŋ kɩ tuŋ. Nal buloŋ aa ko ko dɩ ʋ na ʋ, ʋ aa kaŋ ʋ tɩɩna weliŋ nɛ."
31,"He bravely preached about God's kingdom and taught about the Lord Jesus Christ, and no one tried to stop him.","Ʋ gyɩ basɩ Wɩɩsɩ koro hʋ wɩya kɩ tɩya nala rɛ, a kɩ daga á Tɩɩna Yesu Krisita wɩya mɛ abee nyuduwo. Ka nal buloŋ mɛ bɩ tɔɔ ʋ ŋmanɩɩ dɩ ʋ ta basɩ Yesu wɩya doŋ."
1,"From Paul, a servant of Christ Jesus. God chose me to be an apostle, and he appointed me to preach the good news",Mɩyaŋ Pɔɔl aa yaa Yesu Krisita tʋŋtʋnnɩ rɛ sabɩ teŋ no a kɩ tɩya mamaa Roma tɩmma. Wɩɩsɩ rɛ yɩrɩ ŋ dɩ ŋ yaa ʋ kpambɩya aŋ bɩl lɩɩ ŋ dɩ ŋ basɩ ʋ wɩweliye hʋ a kɩ tɩya nala.
2,that he promised long ago by what his prophets said in the holy Scriptures.,"Ba saba Wɩɩsɩ Teŋ tɩyaŋ nɛ anɩɩ Wɩɩsɩ gyɩ tɩŋ ʋ tɩŋdaala tɩyaŋ nɛ faafaa buloŋ, a we nyʋwa wɩweliye no wɩya."
4,"This good news is about his Son, our Lord Jesus Christ! As a human, he was from the family of David. But the Holy Spirit proved that Jesus is the powerful Son of God, because he was raised from death.","Amɛ ʋ aa lɩɩ Wɩɩsɩ lee a yaa tɩpʋlʋŋ tɩɩna lugo tɩyaŋ kɛ, Wɩɩsɩ gyɩ kpa ʋ debal lɛ a kyisi ʋ sʋʋ tɩyaŋ, a daga anɩɩ ʋ yaa ʋ biye rɛ."
5,"Jesus was kind to me and chose me to be an apostle, so that people of all nations would obey and have faith.","Ʋ tɩyaŋ nɛ Wɩɩsɩ tɩŋa a lɩɩ ma abee bɔnyɛ, a leŋ á yaa ʋ kpambɩsɩ a basɩ ʋ wɩweliye hʋ kɩ tɩya dʋnɩya nala buloŋ dɩ ba laa ʋ wɩya di, a kɩ tɩŋa ʋ nyʋwa dɩ ʋ feŋ yɩrɩ."
7,This letter is to all of you in Rome. God loves you and has chosen you to be his very own people. I pray that God our Father and our Lord Jesus Christ will be kind to you and will bless you with peace! A Prayer of Thanks,"Ɛɛwɩya, ŋ sabɩ teŋ no kɩ tɩya ma nala hʋ buloŋ Wɩɩsɩ aa kyo, a yɩrɩ ma, ma yaa ʋ nala Roma tɩyaŋ nɛ. Á kuwo Wɩɩsɩ abee á Tɩɩna Yesu Krisita bɔnyɛ abee ba fɩyɛlʋʋ sɩ we ma lee. Pɔɔl kyʋwalɩ Wɩɩsɩ aŋgyʋwasʋ"
8,"First, I thank God in the name of Jesus Christ for all of you. I do this because people everywhere in the world are talking about your faith.","Ka dɩ ŋ na basɩ wɩɩ buloŋ, ŋ tɩŋ Yesu Krisita tɩyaŋ nɛ a kɩ kyʋwalɩ Wɩɩsɩ aŋgyʋwasʋ ma buloŋ wɩya, beewɩya dʋnɩya nala buloŋ aa nɩɩ gɛɛ hʋ ma aa laa Wɩɩsɩ wɩya di rɛ."
9,"God has seen how I never stop praying for you, while I serve him with all my heart and tell the good news about his Son.","Wɩɩsɩ hʋ ŋ aa tɩŋ abee ŋ tɩdɩgɩ, a kɩ basɩ ʋ Biye wɩweliye hʋ, ʋ rɛ yaa ŋ daŋsɩya tɩɩna anɩɩ saŋa kɛ buloŋ dɩ mɩyaŋ nɛ ko kɩ kyʋwalɩ ʋ, ŋ aa kɩ liisi ma wɩya rɛ."
10,"In all my prayers, I ask God to make it possible for me to visit you.","Ŋ aa sʋla ʋ rɛ anɩɩ dɩ ʋ ko yaa ʋ kyɛrɩ, nyɛ kɛ ʋ leŋ dɩ ŋ na ŋmanɩɩ a ko na ma."
11,I want to see you and share with you the same blessings that God's Spirit has given me. Then you will grow stronger in your faith.,"Ŋ kyɛrɩ rɛ yaa dɩ ŋ ko na ma a pɛ ma tɩyaŋ abee Wɩɩsɩ Wiyesi Welii hʋ bɔnyɛ kɩna, dɩ ɛɛ wuwo leŋ dɩ ma marɩ sɩŋ weliŋ ma Wɩɩsɩ laadii tɩyaŋ."
12,What I am saying is that we can encourage each other by the faith that is ours.,"Wɩɩ hʋ ŋ aa basɩ memii rɛ nyɛ: Dɩ mɩyaŋ nɛ ko ma lee ŋ Wɩɩsɩ laadii sɩ leŋ dɩ ma tenni polli, dɩ ma Wɩɩsɩ laadii mɛ leŋ dɩ ŋ teŋ mɛ polli."
13,"My friends, I want you to know that I have often planned to come for a visit. But something has always kept me from doing it. I want to win followers to Christ in Rome, as I have done in many other places.","Ŋ naabalɩya, ŋ aa kyɛ dɩ ma gyɩma rɛ anɩɩ ŋ aa lʋgɩ rɛ weliŋ dɩ ŋ ko na ma, amɛ ŋ ŋmanɩɩ rɛ aa bee lɩɩ sɩɩ. Ŋ kyo dɩ ŋ naa nala a lɩɩ ma doŋ tɩyaŋ mɛ rɛ dɩ ba ko tɩŋ Wɩɩsɩ, anɩɩ ŋ aa yaa gɛɛ ma dɔŋtɩŋsɩ hʋ aa bɩ yaa Gyuuma leye badɔmɔŋ tɩyaŋ."
15,"It doesn't matter if people are civilized and educated, or if they are uncivilized and uneducated. I must tell the good news to everyone. That's why I am eager to visit all of you in Rome. The Power of the Good News","Nyɛ rɛ tɩŋ ʋ yaa ŋ sɩfɩyasɩ, dɩ ŋ basɩ Wɩɩsɩ Wɩweliye hʋ a tɩya ma nala hʋ aa we Roma tɩyaŋ mɛ."
16,"I am proud of the good news! It is God's powerful way of saving all people who have faith, whether they are Jews or Gentiles.","Wɩɩsɩ wɩweliye hʋ basɩɩ bɩ yaa ŋ hɩɩsɩ, beewɩya ŋ gyɩma anɩɩ ba aa rɛ yaa Wɩɩsɩ dee ʋ aa kpaa kɩ laa nala hʋ buloŋ aa laa ba di. Gyuuma rɛ sɩ laa sɩya dɩ nala hʋ aa bɩ yaa Gyuuma mɛ kɩ tɩŋa."
18,From heaven God shows how angry he is with all the wicked and evil things that sinful people do to crush the truth.,"Wɩɩsɩ aa we wɩɩsɩbee tɩyaŋ daga anɩɩ ʋ naa baaŋ nɩbɔmɔ abee nala hʋ aa bee tɩŋ ʋ nyʋwa nyuu tɩyaŋ nɛ, beewɩya ba wɩyaabɔmɔ nyagɩ Wɩɩsɩ wɩtɩɩ hʋ biŋ nɛ."
19,"They know everything that can be known about God, because God has shown it all to them.","Wɩɩsɩ naa baaŋ ba nyuu tɩyaŋ nɛ, beewɩya wɩya hʋ buloŋ aa maga dɩ ba gyɩma a mʋ kɩ tile Wɩɩsɩ tɩyaŋ, ba bɩ yaa wɩfaŋɩya. Wɩɩsɩ tɩɩ kaŋ ba polli tɩya ba rɛ."
22,"They claim to be wise, but they are fools.","Ba aa baa dɩ ba yaa wɩgyʋnna rɛ, aŋ yaa bambugo."
23,"They don't worship the glorious and eternal God. Instead, they worship idols that are made to look like humans who cannot live forever, and like birds, animals, and reptiles.","Ba fa maga dɩ ba kɩ kyʋwalɩ Wɩɩsɩ hʋ aa bee sʋba rɛ, ka ba vɩya aŋ mɩɩgɩ marɩ kɩna aa kɩɩ nihuwobisi aa sʋbɩ, koo kɩna aa kɩɩ digibiisi koo pʋsɩ koo kɩna aa tuuri taŋha, a kɩ kpaarɩ ba."
24,"So God let these people go their own way. They did what they wanted to do, and their filthy thoughts made them do shameful things with their bodies.","Ɛɛwɩya, Wɩɩsɩ leŋ ba wɩya tɩya ba rɛ, ba kɩ yaa bisiŋ wɩya hʋ ba tɩɩ hakɩllɩ aa kyo, a kɩ yaa hɩɩsɩ wɩya bee dɔmɔŋ."
26,"God let them follow their own evil desires. Women no longer wanted to have sex in a natural way, and they did things with each other that were not natural.","Ba aa yaa wɩya no wɩya, Wɩɩsɩ leŋ ba ta rɛ ba kɩ yaa wɩlaama abee hɩɩsɩ wɩya hʋ ba aa kyo. Haana aa vɩya ba bee baala aa sɩ pɩŋ nɛ, aŋ kɩ pɩŋ ba hadɔŋtɩŋsɩ."
27,"Men behaved in the same way. They stopped wanting to have sex with women and had strong desires for sex with other men. They did shameful things with each other, and what has happened to them is punishment for their foolish deeds.","Ɛɛ tɩɩ rɛ baala mɛ aa vɩya haana kyɛyɩ anɩɩ Wɩɩsɩ aa daga gɛɛ, aŋ mɩɩgɩ hiini kɩ kyɛ ba badɔŋtɩŋsɩ, a kɩ yaa hɩɩsɩ wɩya bee dɔmɔŋ. Ba aa yaa bisiŋ wɩya no, dɔgɩsɩɩ hʋ aa maga, ʋ rɛ ba yɩrɩ kɩ we ba tɩɩ tɩyaŋ gɛɛ."
28,"Since these people refused even to think about God, he let their useless minds rule over them. That's why they do all sorts of indecent things.","Nala no aa bɩ laa nyʋwa dɩ ba kpa Wɩɩsɩ wɩtɩɩ hʋ ba aa gyɩma a we ba hakɩllɩ tɩyaŋ wɩya, Wɩɩsɩ mɛ leŋ ba ta rɛ dɩ ba kɩ tɩŋ ba tɩbɩɩŋbɔmɔ hʋ tɩyaŋ, a kɩ yaa wɩya hʋ aa bɩ maga."
29,"They are evil, wicked, and greedy, as well as mean in every possible way. They want what others have, and they murder, argue, cheat, and are hard to get along with. They gossip,","Ɛɛ rɛ tɩŋ ba kɩ yaa wɩbɔmɔ kɛ iriŋ buloŋ. Ba bɔŋsɩ bɩ kyalla, ba aa kaŋ tɩbala, a kaŋ gyogibɔŋlɔrɩnɩ mɛ. Ba tɩsɩ aa kɩ hɔllɩ nala rɛ, ba kɩ kpʋ nala, a kɩ kaa kaasɩ. Ba aa kɩ mʋrɩ nala rɛ, a kɩ yaa nala teŋbeeli wɩya. Ba aa kɩ basɩ nala wɩya rɛ,"
30,"say cruel things about others, and hate God. They are proud, conceited, and boastful, always thinking up new ways to do evil. These people don't respect their parents.","a kɩ kyogi dɔmɔŋ fene mɛ. Ba haasɩ Wɩɩsɩ rɛ, a yaa nyuduwo tɩmma mɛ. Ba aa kɩ daga ba tɩɩ rɛ, a kɩ bigisi ba tɩɩ. Ba aa kyɛ ŋmaŋsɩ rɛ ba aa sɩ tɩŋa a marɩ kɩ yaa wɩbɔmɔ, a bee tɩŋ ba kuwoma abee ba nɩmma nyʋʋsɩ."
31,"They are stupid, unreliable, and don't have any love or pity for others.","Ba wuwo hɩɩsɩ rɛ weliŋ, a bɩ kaŋ wɩtɩɩ mɛ. Ba bɩ kyo nala, a bee fá nala sikii mɛ."
32,"They know God has said that anyone who acts this way deserves to die. But they keep on doing evil things, and they even encourage others to do them.","Ba gyɩma anɩɩ Wɩɩsɩ baa dɩ nala hʋ aa yaa wɩya no bɩ sɩ kaŋ mɩɩbol, aŋ ka ba ha vɩya aŋ kɩ yaa. Aŋ ha aa pɛ kɩ we nala hʋ aa yaa wɩya no iriŋ mɛ nyuni, dɩ ba marɩ kɩ yaa."
1,"Some of you accuse others of doing wrong. But there is no excuse for what you do. When you judge others, you condemn yourselves, because you are guilty of doing the very same things.","Ɩ nal hʋ aa kpa kyogisi kɩ tɩya ɩ dɔŋtɩɩna, ɩ tɩɩ mɛ bɩ lɩɩ wɩɩ tɩyaŋ. Dɩ ɩ rɛ yaŋ ko kpa kyogisi kɩ tɩya ɩ dɔŋtɩɩna, gyɩma weliŋ anɩɩ ɩ tɩɩ rɛ ɩ kpa kyogisi kɩ tɩya gɛɛ, beewɩya wɩya hʋ ɩ aa baa dɩ ɩ dɔŋtɩɩna hʋ yaa ɩ kpa kyogisi kɩ tɩya ʋ gɛɛ, ba tɩɩ bee ba nyuu rɛ ɩ mɛ kɩ yaa."
2,We know that God is right to judge everyone who behaves in this way.,"Á gyɩma anɩɩ dɩ Wɩɩsɩ rɛ ko dɩ nala hʋ aa yaa wɩya no iriŋ sarɩya a kpa kyogisi tɩya ba, ʋ yaa maga rɛ."
4,You surely don't think much of God's wonderful goodness or of his patience and willingness to put up with you. Don't you know that the reason God is good to you is because he wants you to turn to him?,Koo ʋ kɩɩ gɛɛ anɩɩ ɩ aa deŋ bɔnyɛ hʋ abee kenyiri hʋ Wɩɩsɩ aa kana beel-ɩ waasʋ? Ʋ maga dɩ ɩ gyɩma rɛ anɩɩ wɩɩ hʋ aa tɩŋ Wɩɩsɩ kaŋ bɔnyɛ beel-ɩ rɛ yaa dɩ ɛɛ wuwo leŋ dɩ ɩ bɩrɩmɩ lɩɩ wɩbɔmɔ tɩyaŋ?
5,But you are stubborn and refuse to turn to God. So you are making things even worse for yourselves on that day when he will show how angry he is and will judge the world with fairness.,"Amɛ ɩ bembii deye rɛ kɩŋkaŋ, ɩ bɩ vʋwa dɩ ɩ bɩrɩmɩ lɩɩ ɩ wɩbɔmɔ tɩyaŋ. Ɛɛwɩya, dɔgɩsɩɩ hʋ Wɩɩsɩ aa sɩ dɔgɩsɩ ɩ kɩŋkaŋ kyɛɛ hʋ ʋ aa sɩ kpa baaŋ abee wɩtɩɩ a di dʋnɩya nala sarɩya ba wɩbɔmɔ wɩya, Ɩ leŋ ʋ marɩ yʋga kɩ pɛ rɛ."
6,God will reward each of us for what we have done.,Beewɩya nal buloŋ wɩyaalɩya tuno aa maga gɛɛ rɛ Wɩɩsɩ sɩ kpa tɩya ʋ.
7,"He will give eternal life to everyone who has patiently done what is good in the hope of receiving glory, honor, and life that lasts forever.","Nala badɔmɔŋ we doŋ a kaŋ mala bee wɩweliye yayɩ, beewɩya ba aa kɩ kyɛ dɩ ba kaŋ yohuŋ abee feŋ abee mɩɩbol aa bɩ kaŋ tenii rɛ Wɩɩsɩ sɩya tɩyaŋ. Nala no rɛ Wɩɩsɩ sɩ kpa mɩɩbol aa bɩ kaŋ tenii tɩya."
8,But he will show how angry and furious he can be with every selfish person who rejects the truth and wants to do evil.,"Amɛ nala badɔmɔŋ mɛ we doŋ, a kyɩla ba dʋŋ wɩya, a vɩya wɩtɩɩ hʋ ŋmanɩɩ tɩŋɩɩ, aŋ kɩ tɩŋ wɩbɔmɔ tɩyaŋ. Nala no nyuu tɩyaŋ nɛ Wɩɩsɩ baaŋ sɩ sii kɩŋkaŋ, dɩ ba na tʋwara bee tɩkyogi kɩŋkaŋ."
9,All who are wicked will be punished with trouble and suffering. It doesn't matter if they are Jews or Gentiles.,"Nal kɛ buloŋ aa yaa wɩbɔmɔ, ʋ tɩɩna sɩ na tʋwara kɩŋkaŋ. Gyuuma rɛ sɩ laasɩya dɩ nala hʋ aa bɩ yaa Gyuuma mɛ kɩ tɩŋa."
10,"But all who do right will be rewarded with glory, honor, and peace, whether they are Jews or Gentiles.","Amɛ nala hʋ buloŋ aa yaa wɩweliye, ba sɩ na yohuŋ abee feŋ abee laaŋfɩya Wɩɩsɩ lee. Gyuuma rɛ sɩ laasɩya dɩ nala hʋ aa bɩ yaa Gyuuma mɛ kɩ tɩŋa."
11,God doesn't have any favorites!,"Beewɩya, Wɩɩsɩ bee lugisi nala ʋ sarɩya dii tɩyaŋ."
15,"This proves that the conscience is like a law written in the human heart. And it will show whether we are forgiven or condemned,","Ba wɩyaalɩya daga anɩɩ wɩya hʋ mɩrɩsɩ hʋ aa daga we ba tɩsɩ tɩyaŋ nɛ. Ba hakɩllɩ mɛ daga anɩɩ mɩrɩsɩ no we ba tɩsɩ tɩyaŋ nɛ, beewɩya, dɩ ba aa rɛ ko yaa wɩbɔŋ koo wɩwelii, ba aa gyɩma rɛ ba hakɩllɩ tɩyaŋ."
16,"when God appoints Jesus Christ to judge everyone's secret thoughts, just as my message says. The Jews and the Law","Ɛɛwɩya, Wɩɩsɩ Wɩweliye hʋ ŋ aa basɩ daga anɩɩ nyɛ rɛ ba sɩ kɩɩ kyɛɛ hʋ Wɩɩsɩ aa sɩ kaŋ nala wɩfaŋɩya buloŋ ko lɩɩ pʋlʋŋ a tɩŋ Yesu Krisita tɩyaŋ a di ba sarɩya."
18,"By reading the Scriptures you learn how God wants you to behave, and you discover what is right.","Ɩ baa dɩ ɩ gyɩŋ wɩya hʋ Wɩɩsɩ aa kyɛ dɩ ɩ kɩ yaa rɛ, beewɩya mɩrɩsɩ hʋ Moosi aa saba biŋ daga ɩ wɩya hʋ aa kpaa ŋmanɩɩ rɛ."
19,You are sure that you are a guide for the blind and a light for all who are in the dark.,"Ɩ baa dɩ ɩ rɛ yaa nyʋlɩma daatɩgɩɩ, a yaa nala hʋ aa we bilhuu tɩyaŋ mɛ kyaanʋʋ."
21,But how can you teach others when you refuse to learn? You preach it is wrong to steal. But do you steal?,"Ɩ nal hʋ aa daga nala, bee rɛ tɩŋ ɩ bee daga ɩ tɩɩ kɛ? Ɩ aa daga nala rɛ dɩ ba ta kɩ gaa, aŋka ɩ tɩɩ kɛ kɩ gaa."
23,"You take pride in the Law, but you disobey the Law and bring shame to God.","Ɩ aa daga ɩ tɩɩ rɛ anɩɩ ɩ kɛ gyɩŋ Wɩɩsɩ mɩrɩsɩ hʋ Moosi aa saba biŋ nɛ, aŋ gʋla kɩ kyogi mɩrɩsɩ no, a kɩ we Wɩɩsɩ hɩɩsɩ tɩyaŋ."
24,"It is just as the Scriptures tell us, “You have made foreigners say insulting things about God.”","Wɩɩsɩ teŋ tɩyaŋ ba saba rɛ a baa, “Mamaa Gyuuma rɛ leŋ nala hʋ aa bɩ yaa Gyuuma kɩ kyogi Wɩɩsɩ feŋ.”"
25,"Being circumcised is worthwhile, if you obey the Law. But if you don't obey the Law, you are no better off than people who are not circumcised.","Dɩ mamaa rɛ aa tɩŋ Wɩɩsɩ mɩrɩsɩ hʋ Moosi aa saba biŋ kyurrr, ɛɛ kɛ ma pene hʋ kerii kaŋ memii rɛ. Amɛ dɩ mamaa rɛ ko bee tɩŋ ba, ma fa aa bɩ keri ma pene rɛ kpɩya."
26,"In fact, if they obey the Law, they are as good as anyone who is circumcised.","Dɩ nal hʋ aa bɩ keri ʋ peŋ nɛ aa tɩŋ Wɩɩsɩ mɩrɩsɩ hʋ Moosi aa saba biŋ kyurrr, Wɩɩsɩ aa kpa ʋ anɩɩ ʋ keri ʋ peŋ nɛ."
27,"So everyone who obeys the Law, but has never been circumcised, will condemn you. Even though you are circumcised and have the Law, you still don't obey its teachings.","Mamaa Gyuuma, ma gyɩŋ mɩrɩsɩ no rɛ beewɩya mamaa rɛ ba sabɩ ba tɩya, ka ma keri ma pene mɛ, amɛ abee gɛɛ buloŋ ma bee tɩŋ mɩrɩsɩ hʋ. Ɛɛwɩya, nala hʋ aa bɩ keri ba pene aŋ kɩ tɩŋ mɩrɩsɩ hʋ ba sɩ maakyiye di ma sarɩya a kpa kyogisi tɩya ma."
29,"To be a real Jew you must obey the Law. True circumcision is something that happens deep in your heart, not something done to your body. And besides, you should want praise from God and not from humans.","Amɛ dɩ nal yaa Gyuu tɩɩ, ʋ yaa ʋ tɩya tɩyaŋ wɩɩ rɛ, ʋ bɩ yaa wɩɩ ba aa yaa ʋ teŋ tɩyaŋ. Ʋ rɛ bɩl yaa nal hʋ Wɩɩsɩ Wiyesi Welii hʋ aa kaŋ ʋ hakɩla bɩrɩmɩ, ʋ yaa tɩpʋlʋŋ tɩɩna Wɩɩsɩ sɩya tɩyaŋ, ʋ bɩ kɩɩ nɩɩ ʋ aa tɩŋ Wɩɩsɩ mɩrɩsɩ hʋ Moosi aa saba biŋ nɛ tɩŋ. Nal no iriŋ bigisii lɩɩ Wɩɩsɩ lee rɛ, nihuwobiŋ lee daa ʋ lɩɩ."
2,"It is good in a lot of ways! First of all, God's messages were spoken to the Jews.",Wɩtɩɩ rɛ Gyuu yayɩ kaŋ tɔnɔ rɛ ŋmanɩɩ buloŋ tɩyaŋ. Tɔnɔ hʋ aa laasɩya rɛ nyɛ: Gyuuma nosi tɩyaŋ nɛ Wɩɩsɩ gyɩ kpa ʋ wɩya we.
3,"It is true that some of them did not believe the message. But does this mean that God cannot be trusted, just because they did not have faith?","Wɩtɩɩ rɛ, ba badɔmɔŋ gyɩ bɩ kaŋ wɩtɩɩ Wɩɩsɩ wɩya hʋ tɩŋɩɩ tɩyaŋ. Amɛ nyɛ yaŋ sɩ wuwo leŋ dɩ Wɩɩsɩ ta yaa wɩya hʋ ʋ aa baa ʋ sɩ yaa?"
4,"No, indeed! God tells the truth, even if everyone else is a liar. The Scriptures say about God, “Your words will be proven true, and in court you will win your case.”","Aayɩ, ba mʋra rɛ! Abee nihuwobisi buloŋ aa yaa wɩnyɩyɛla mɛ, Wɩɩsɩ kɛ kaŋ wɩtɩɩ rɛ. Ba saba Wɩɩsɩ wɩtɩɩ wɩya rɛ Wɩɩsɩ teŋ tɩyaŋ a baa, “Dɩ ɩ ko kɩ basɩ wɩya, nal buloŋ aa na ba yaa wɩtɩɩ rɛ, dɩ ɩ rɛ dii nal buloŋ sarɩya mɛ, ba aa na nɩɩ ɩ kɩna sʋma rɛ.”"
5,"If our evil deeds show how right God is, then what can we say? Is it wrong for God to become angry and punish us? What a foolish thing to ask.","Amɛ dɩ á wɩbɔmɔ yayɩ rɛ leŋ nala na weliŋ anɩɩ Wɩɩsɩ kɛ kaŋ wɩtɩɩ rɛ, á sɩ wuwo baa dɩ Wɩɩsɩ bee yaa weliŋ ʋ aa dɔgɩsɩ ma á wɩbɔmɔ wɩya?"
6,"But the answer is, “No.” Otherwise, how could God judge the world?","Aayɩ, ba mʋra rɛ! Beewɩya dɩ Wɩɩsɩ rɛ fa bɩ kaŋ wɩtɩɩ, ɛɛ rɛ ʋ sɩ yaa a di dʋnɩya nala sarɩya?"
7,"Since your lies bring great honor to God by showing how truthful he is, you may ask why God still says you are a sinner.","Ka dɩ ŋ wɩnyɩyɛl lɛ leŋ Wɩɩsɩ wɩtɩɩ kyaasɩ lɩɩ sɩŋ, a daga ʋ gaŋdarɩ, bee rɛ sɩ tɩŋ dɩ ʋ ha di ŋ sarɩya a kpa kyogisi tɩya ŋ a baa dɩ ŋ yaa wɩbɔŋyaal lɛ."
8,"You might as well say, “Let's do something evil, so that something good will come of it!” Some people even claim that we are saying this. But God is fair and will judge them as well. No One Is Good","Dɩ gɛɛ rɛ fa, bee rɛ tɩŋ á fa bɩ sɩ baa dɩ ma leŋ dɩ á kɩ yaa wɩbɔmɔ, dɩ wɩweliye ko. Nala badɔmɔŋ paalɩ kyogi ŋ feŋ nɛ anɩɩ ŋ tɩɩ gba basɩ nyɛ rɛ. Kyogisi hʋ aa maga bee nala no, ʋ rɛ Wɩɩsɩ sɩ kpa tɩya ba. Nal buloŋ bɩ yaa tɩpʋlʋŋ tɩɩna Wɩɩsɩ sɩya tɩyaŋ"
9,"What does all this mean? Does it mean that we Jews are better off than the Gentiles? No, it doesn't! Jews, as well as Gentiles, are ruled by sin, just as I have said.","Dɩ nyɛ rɛ yaŋ, ma bɩɩna anɩɩ á nala hʋ aa yaa Gyuuma kɛ kpɩya nala hʋ aa bɩ yaa Gyuuma rɛ? Aayɩ, á mɛ bɩ kpɩya ba. Ŋ laa sɩya leŋ ma gyɩma rɛ anɩɩ Gyuuma abee nala hʋ aa bɩ yaa Gyuuma buloŋ yaa wɩbɔmɔ yosi rɛ."
11,Not one of them understands or even searches for God.,"Nal buloŋ tuwo a kaŋ wɩgyʋŋ, nal buloŋ mɛ tuwo a kyo dɩ ʋ tɩŋ Wɩɩsɩ."
12,They have all turned away and are worthless. There isn't one person who does right.,"Nal buloŋ kpaa hal yɩya Wɩɩsɩ rɛ. Ba buloŋ yaa wɩbɔmɔ nyʋgɩsɩ gyʋʋ mʋ rɛ. Nal buloŋ tuwo a kɩ yaa wɩweliye, haalɩ nɩdɩgɩ mɛ."
13,"Their words are like an open pit, and their tongues are good only for telling lies. Each word is as deadly as the fangs of a snake,",Ba nyʋʋsɩ wɩbasɩya mʋrɩ nala kɩ kpʋ rɛ. Wɩnyɩyɛ-bɔŋlɔrɩnɩ dʋŋ nɛ we ba nyʋʋsɩ tɩyaŋ Wɩɩ buloŋ ba aa basɩ kaŋ hʋwoŋ nɛ anɩɩ dʋŋ hʋwoŋ.
14,and they say nothing but bitter curses.,Ba aa ŋmɩyɛsɩ ŋmɩyɛsɩ-bɔŋlɔrɩnɩ rɛ kɩ tɩya nala.
15,These people quickly become violent.,Ba bee yaa gyegye nala kpʋyɩ tɩyaŋ.
17,They don't know how to live in peace.,Ba bɩ sɩ laa nyʋwa yaa wɩɩ buloŋ aa sɩ leŋ dɩ ba bee nala sʋma.
18,They don't even fear God.”,Ba bee fá Wɩɩsɩ mɛ.”
19,We know that everything in the Law was written for those who are under its power. The Law says these things to stop anyone from making excuses and to let God show that the whole world is guilty.,"Á gyɩma anɩɩ dɩ Wɩɩsɩ mɩrɩsɩ hʋ Moosi aa saba biŋ nɛ aa daga wɩɩ buloŋ mɛ, nala hʋ aa tɩŋ ba rɛ ba daga kɩ tɩya. Ɛɛ wɩya nal buloŋ bɩl bɩ sɩ wuwo baa dɩ ʋ kɛ bɩ yaa wɩɩ maga dɩ Wɩɩsɩ dɔgɩsɩ ʋ. Ɛɛ daga anɩɩ dʋnɩya nal buloŋ sarɩya rɛ Wɩɩsɩ sɩ di."
20,"God doesn't accept people simply because they obey the Law. No, indeed! All the Law does is to point out our sin. God's Way of Accepting People","Nal buloŋ bɩ sɩ wuwo tɩŋ Wɩɩsɩ mɩrɩsɩ hʋ Moosi aa saba biŋ, dɩ ba leŋ dɩ ʋ yaa tɩpʋlʋŋ tɩɩna Wɩɩsɩ sɩya tɩyaŋ. Wɩɩ hʋ mɩrɩsɩ no aa yaa buloŋ nɛ dɩ ba leŋ nal buloŋ gyɩma nɩɩ ʋ yaa wɩbɔŋyaal lɛ. Ɛɛ Wɩɩsɩ aa leŋ á yaa tɩpʋlʋŋ tɩmma ʋ sɩya tɩyaŋ"
21,"Now we see how God does make us acceptable to him. The Law and the Prophets tell how we become acceptable, and it isn't by obeying the Law of Moses.","Amɛ lagɩlagɩ no, Wɩɩsɩ daga ŋmanɩɩ hʋ nala aa sɩ tɩŋa a wuwo yaa tɩpʋlʋŋ tɩmma ʋ sɩya tɩyaŋ nɛ. Ʋ ŋmanɩɩ hʋ bɩ lɩɩ Wɩɩsɩ mɩrɩsɩ hʋ Moosi aa saba biŋ tɩŋɩɩ tɩyaŋ. Amɛ Wɩɩsɩ mɩrɩsɩ hʋ Moosi aa saba biŋ abee Wɩɩsɩ tɩŋdaala buloŋ gyɩ dii ŋmanɩɩ no wɩya daŋsɩya rɛ."
23,All of us have sinned and fallen short of God's glory.,"Nal nal buloŋ yaa wɩbɔmɔ rɛ, ɛɛ rɛ tɩŋ á bɩ kaŋ Wɩɩsɩ gaŋdarɩ hʋ fa aa maga dɩ á kana."
24,"But God treats us much better than we deserve, and because of Christ Jesus, he freely accepts us and sets us free from our sins.",Amɛ Wɩɩsɩ tɩɩ bɔnyɛ tɩyaŋ nɛ ʋ tɩŋ Yesu Krisita tɩyaŋ a laa ma ta a leŋ á yaa tɩpʋlʋŋ tɩmma ʋ sɩya tɩyaŋ. Á bɩ yaa wɩɩ buloŋ a maga dɩ ʋ yaa nyɛ tɩya ma.
26,"God sent Christ to be our sacrifice. Christ offered his life's blood, so by faith in him we could come to God. And God did this to show that in the past he was right to be patient and forgive sinners. This also shows that God is right when he accepts people who have faith in Jesus.","Amɛ lagɩlagɩ no kɛ, Wɩɩsɩ bɩrɩmɩ ʋ sɩya kyaasɩ á wɩbɔmɔ rɛ. Nyɛ tɩyaŋ ʋ daga anɩɩ ʋ yaa tɩpʋlʋŋ tɩɩna rɛ, aŋ bɩl daga anɩɩ dɩ nal buloŋ nɛ ko laa Yesu wɩya di, ʋ aa leŋ ʋ tɩɩna yaa tɩpʋlʋŋ tɩɩna rɛ ʋ sɩya tɩyaŋ."
27,What is left for us to brag about? Not a thing! Is it because we obeyed some law? No! It is because of faith.,"Wɩbee rɛ á yaŋ kana, a kɩ daga á tɩɩ? Á bɩ kaŋ wɩɩ buloŋ, beewɩya mɩrɩsɩ hʋ tɩŋɩɩ daa sɩ leŋ dɩ nal yaa tɩpʋlʋŋ tɩɩna Wɩɩsɩ sɩya tɩyaŋ, see ʋ tɩɩna Wɩɩsɩ laadii."
28,"We see that people are acceptable to God because they have faith, and not because they obey the Law.","Ɛɛwɩya, wɩya hʋ tɩyaŋ á aa sɩna rɛ yaa nal Wɩɩsɩ laadii rɛ sɩ wuwo leŋ dɩ ʋ tɩɩna yaa tɩpʋlʋŋ tɩɩna Wɩɩsɩ sɩya tɩyaŋ, mɩrɩsɩ hʋ tɩŋɩɩ kɛ daa."
29,"Does God belong only to the Jews? Isn't he also the God of the Gentiles? Yes, he is!",Koo ma bɩɩna anɩɩ Wɩɩsɩ yaa Gyuuma dʋŋ Wɩɩsɩ rɛ? Aayɩ. Ʋ yaa nala hʋ aa bɩ yaa Gyuuma mɛ Wɩɩsɩ rɛ.
30,"There is only one God, and he accepts Gentiles as well as Jews, simply because of their faith.","Wɩɩsɩ yaa Wɩɩdɩgɩ dʋŋ nɛ. Gyuuma abee nala hʋ aa bɩ yaa Gyuuma buloŋ, ba laadii tɩyaŋ nɛ ʋ aa tɩŋa, a leŋ dɩ ba yaa tɩpʋlʋŋ tɩmma ʋ sɩya tɩyaŋ."
2,"If he became acceptable to God because of what he did, then he would have something to brag about. But he would never be able to brag about it to God.","Dɩ ʋ wɩyaalɩya rɛ fa tɩŋ Wɩɩsɩ leŋ ʋ yaa tɩpʋlʋŋ tɩɩna ʋ sɩya tɩyaŋ, ɛɛ kɛ ʋ fa kaŋ wɩɩ ʋ aa sɩ wuwo kpa kɩ daga ʋ tɩɩ, amɛ Wɩɩsɩ kɛ sɩya tɩyaŋ fa ta daa."
4,Money paid to workers isn't a gift. It is something they earn by working.,"Dɩ nal lɛ tʋŋ tʋma dɩ ba tun-ʋ, tuno hʋ ʋ aa laa bɩ yaa kyɔgɩta. Ʋ tʋma rɛ a laa."
5,But you cannot make God accept you because of something you do. God accepts sinners only because they have faith in him.,"Amɛ dɩ nal lɛ bee deŋ ʋ wɩyaalɩya tɩyaŋ aŋ laa Wɩɩsɩ di anɩɩ ʋ rɛ aa leŋ wɩbɔŋyaal yaa tɩpʋlʋŋ tɩɩna ʋ sɩya tɩyaŋ, ʋ tɩɩna laadii no tɩyaŋ nɛ Wɩɩsɩ sɩ tɩŋa a leŋ dɩ ʋ yaa tɩpʋlʋŋ tɩɩna ʋ sɩya tɩyaŋ."
6,"In the Scriptures David talks about the blessings that come to people who are acceptable to God, even though they don't do anything to deserve these blessings. David says,","Wɩɩ no rɛ Kuwori Deviti gyɩ basɩ, a daga anɩɩ dɩ Wɩɩsɩ rɛ leŋ dɩ nal yaa tɩpʋlʋŋ tɩɩna ʋ sɩya tɩyaŋ, aŋ bɩ yaa gɛɛ akuu tɩɩna wɩyaalɩya wɩya, dɩ ʋ tɩɩna yaa nyusʋŋtɩɩna rɛ. Nyɛ rɛ Kuwori Deviti basɩ:"
8,“What a blessing when God forgives our sins and our evil deeds. What a blessing when the Lord erases our sins from his book.”,Nyusʋŋtɩɩna rɛ yaa nal hʋ Wɩɩsɩ aa bɩ magɩlɩ ʋ wɩbɔmɔ kɩ biŋ.”
9,"Are these blessings meant for circumcised people or for those who are not circumcised? Well, the Scriptures say that God accepted Abraham because Abraham had faith in him.","Nyusʋŋ no wɩya Kuwori Deviti aa basa, ʋ yaa nala hʋ aa keri ba pene dʋŋ kɩŋ nɛ? Aayɩ, nala hʋ aa bɩ keri ba pene mɛ pɛɛ rɛ. Á aa kɩ basɩ saŋa buloŋ nɛ anɩɩ Abɩraham Wɩɩsɩ laadii rɛ gyɩ leŋ ʋ yaa tɩpʋlʋŋ tɩɩna Wɩɩsɩ sɩya tɩyaŋ."
11,"Abraham let himself be circumcised to show he had been accepted because of his faith even before he was circumcised. This makes Abraham the father of all who are acceptable to God because of their faith, even though they are not circumcised.","Abɩraham peŋ hʋ kerii gyɩ yaa magɩl lɛ, a daga anɩɩ ʋ aa laa Wɩɩsɩ di rɛ tɩŋ ʋ yaa tɩpʋlʋŋ tɩɩna Wɩɩsɩ sɩya tɩyaŋ, dɩ ʋ ha bɩ keri ʋ peŋ. Ɛɛ wɩya nala hʋ buloŋ aa bɩ keri ba pene aŋ laa Wɩɩsɩ di, ʋ leŋ ba mɛ yaa tɩpʋlʋŋ tɩmma ʋ sɩya tɩyaŋ, Abɩraham nɛ yaa ba naabaa."
12,"This also makes Abraham the father of everyone who is circumcised and has faith in God, as Abraham did before he was circumcised. The Promise Is for All Who Have Faith","Ʋ rɛ yaa nala hʋ aa keri ba pene mɛ naabaa. Amɛ ʋ bɩ kɩɩ nɩɩ ba aa keri ba pene dʋŋ wɩya rɛ tɩŋ ʋ yaa ba naabaa. Ba mɩɩbol tɩyaŋ, ba laa Wɩɩsɩ di a pɛ ba pene hʋ kerii tɩyaŋ nɛ, anɩɩ á naabaa Abɩraham mɛ gyɩ aa laa Wɩɩsɩ di aŋ na keri ʋ peŋ gɛɛ."
14,"If Abraham and his descendants were given this promise because they had obeyed a law, then faith would mean nothing, and the promise would be worthless.","Dɩ nala hʋ aa tɩŋ mɩrɩsɩ hʋ Moosi gyɩ aa saba biŋ dʋŋ nɛ Wɩɩsɩ fa we nyʋwa no tɩya, ɛɛ kɛ Wɩɩsɩ laadii fa yaa waasʋ rɛ, ka nyʋwa hʋ Wɩɩsɩ aa we mɛ fa bee kaŋ tɔnɔ buloŋ."
15,"God becomes angry when his Law is broken. But where there isn't a law, it cannot be broken.","Beewɩya Wɩɩsɩ mɩrɩsɩ hʋ Moosi gyɩ aa saba biŋ leŋ Wɩɩsɩ baaŋ kɩ sii nala nyuu tɩyaŋ nɛ. Dɩ mɩrɩsɩ rɛ fa tuwo, wɩkyogiye mɛ fa bee we doŋ."
17,"The Scriptures say that Abraham would become the ancestor of many nations. This promise was made to Abraham because he had faith in God, who raises the dead to life and creates new things.","“Ŋ leŋ ɩ yaa paalʋʋ gyamaa nala kuwo rɛ.” Wɩɩsɩ sɩya tɩyaŋ Abɩraham nɛ yaa á buloŋ kuwo. Wɩɩsɩ hʋ aa wuwo leŋ sʋʋnɩ mɩɩgɩ sii sʋʋ tɩyaŋ, aŋ bɩl wuwo leŋ kɩna gyɩ aa tuwo mɛ we doŋ, Wɩɩsɩ no rɛ Abɩraham gyɩ laa di gɛɛ."
20,"But Abraham never doubted or questioned God's promise. His faith made him strong, and he gave all the credit to God.","Abɩraham gyɩ bɩ yaa Wɩɩsɩ sige nyʋwa hʋ ʋ aa wee tɩyaŋ. Amɛ ʋ gyɩ marɩ laa Wɩɩsɩ di rɛ weliŋ, a kɩ dannɩ ʋ wɩɩ hʋ ʋ aa sɩ yaa tɩya ʋ wɩya."
23,just as we read in the Scriptures. But these words were not written only for Abraham.,"Ba aa saba a baa dɩ Wɩɩsɩ leŋ ʋ yaa tɩpʋlʋŋ tɩɩna ʋ sɩya tɩyaŋ, Abɩraham dʋŋ wɩya daa ba sabɩ gɛɛ."
24,"They were written for us, since we will also be accepted because of our faith in God, who raised our Lord Jesus to life.",Ba saba gɛɛ á nala hʋ mɛ Wɩɩsɩ aa sɩ leŋ dɩ á yaa tɩpʋlʋŋ tɩmma akuu á aa laa ʋ di wɩya rɛ. Wɩɩsɩ rɛ yaa nal hʋ aa kyisi á Tɩɩna Yesu sʋʋ tɩyaŋ.
25,"God gave Jesus to die for our sins, and he raised him to life, so that we would be made acceptable to God.","Ʋ leŋ Yesu sʋba á wɩbɔmɔ wɩya rɛ, a bɩl leŋ ʋ sii sʋʋ tɩyaŋ mɛ dɩ á wuwo yaa tɩpʋlʋŋ tɩmma ʋ sɩya tɩyaŋ."
1,"By faith we have been made acceptable to God. And now, thanks to our Lord Jesus Christ, we have peace with God.","Nyɛ kɛ á aa laa Wɩɩsɩ di, ʋ leŋ á yaa tɩpʋlʋŋ tɩmma ʋ sɩya tɩyaŋ nyɛ, Wɩɩsɩ tɩŋ á Tɩɩna Yesu Krisita tɩyaŋ nɛ a leŋ á beel-ʋ mɩɩgɩ sʋma."
2,"Christ has also introduced us to God's gift of undeserved grace on which we now take our stand. So we are happy, as we look forward to sharing in the glory of God.","Akuu á aa laa Krisita di wɩya, ʋ leŋ á gyʋʋ Wɩɩsɩ lahɔrʋmɔ tɩyaŋ nɛ. Lagɩlagɩ no á aa gyʋʋ Wɩɩsɩ lahɔrʋmɔ tɩyaŋ nyɛ, á aa gyʋwɔsɩ rɛ beewɩya á kaŋ bayɩyɛla rɛ anɩɩ kyɛɛ kɩdɩgɩ, Wɩɩsɩ sɩ leŋ dɩ á mɛ kaŋ ʋ gaŋdarɩ hʋ."
3,"But that's not all! We gladly suffer, because we know that suffering helps us to endure.","Ɛɛ mɛ dʋŋ daa, á aa gyʋwɔsɩ rɛ akuu tʋwara hʋ á aa naa wɩya, beewɩya á gyɩma anɩɩ tʋwara no sɩ leŋ dɩ á kaŋ mala."
5,"that will never disappoint us. All of this happens because God has given us the Holy Spirit, who fills our hearts with his love.","Bayɩyɛla hʋ á aa kana, á bɩ sɩ maakyiye dɩ hɩɩsɩ, beewɩya Wɩɩsɩ tɩŋ ʋ Wiyesi Welii hʋ ʋ aa kpaa tɩya ma tɩyaŋ nɛ a kpa ʋ kyori we á tɩsɩ tɩyaŋ."
7,"No one is really willing to die for an honest person, though someone might be willing to die for a truly good person.",Ʋ yaa wɩduwo rɛ abee nal aa sɩ laa nyʋwa sʋba nɩtɩɩ wɩya. Amɛ kapuwo nal kɛ sɩ laa nyʋwa sʋba nal aa yaa wɩweliye wɩya.
8,"But God showed how much he loved us by having Christ die for us, even though we were sinful.","Amɛ Wɩɩsɩ daga ma anɩɩ ʋ kyo ma rɛ kɩŋkaŋ, beewɩya saŋa hʋ á ha gyɩ aa yaa wɩbɔŋyaala tɩyaŋ nɛ Krisita sʋba á wɩya."
9,"But there is more! Now that God has accepted us because Christ sacrificed his life's blood, we will also be kept safe from God's anger.","Krisita aa sʋba a kpa ʋ kyal sasɩ á wɩbɔmɔ a leŋ á mɩɩgɩ yaa tɩpʋlʋŋ tɩmma Wɩɩsɩ sɩya tɩyaŋ nyɛ, nyɛ kɛ rɛ gba Wɩɩsɩ sɩ marɩ kuu Krisita wɩya a laa ma ta kyɛɛ hʋ ʋ aa sɩ na baaŋ dʋnɩya nala buloŋ nyuu tɩyaŋ dʋnɩya kyɛtenii."
10,"Even when we were God's enemies, he made peace with us, because his Son died for us. Yet something even greater than friendship is ours. Now that we are at peace with God, we will be saved by the life of his Son.","Á bee Wɩɩsɩ fa kyogi dɔmɔŋ nɛ. Amɛ Wɩɩsɩ mɩɩgɩ leŋ á beel-ʋ yaa sʋma rɛ, akuu ʋ Biye hʋ aa sʋba á wɩya nyubaanɩŋ. Krisita sʋʋ aa leŋ á mɩɩgɩ yaa Wɩɩsɩ kyaŋsɩ nyɛ, ʋ aa weye nyɛ kɛ rɛ ʋ sɩ marɩ laa ma ta dɩ Wɩɩsɩ ta dɔgɩsɩ ma."
11,"And in addition to everything else, we are happy because God sent our Lord Jesus Christ to make peace with us. Adam and Christ","Amɛ ɛɛ mɛ dʋŋ daa, Krisita nyubaanɩŋ, á tenni fɩyɛla Wɩɩsɩ tɩyaŋ nɛ, beewɩya ʋ á Tɩɩna Yesu Krisita tɩyaŋ nɛ Wɩɩsɩ tɩŋa a leŋ á beel-ʋ mɩɩgɩ sʋma. Ba kpaa Adama abee Krisita magɩsɩ dɔmɔŋ"
12,"Adam sinned, and that sin brought death into the world. Now everyone has sinned, and so everyone must die.","Nɩdɩgɩ tɩyaŋ nɛ wɩbɔmɔ yayɩ tɩŋa a ko gyʋʋ dʋnɩya. Wɩbɔmɔ yayɩ mɛ rɛ tɩŋ sʋʋ we dʋnɩya tɩyaŋ, beewɩya dʋnɩya nala buloŋ aa yaa wɩbɔmɔ rɛ tɩŋ sʋʋ we dʋnɩya buloŋ tɩyaŋ."
13,"Sin was in the world before the Law came. But no record of sin was kept, because there was no Law.","Wɩbɔmɔ yayɩ gyɩ we dʋnɩya tɩyaŋ nɛ, ka Wɩɩsɩ gyɩ na kpa ʋ mɩrɩsɩ hʋ tɩya Moosi, amɛ dɩ mɩrɩsɩ rɛ tuwo, ba bɩ magɩlɩ wɩbɔmɔ mɛ kɩ biŋ."
14,"Yet death still had power over all who lived from the time of Adam to the time of Moses. This happened, though not everyone disobeyed a direct command from God, as Adam did. In some ways Adam is like Christ who came later.","A lɩɩ á naabaa Adama saŋa hʋ a kaŋ kɩ ko á naabaa Moosi saŋa hʋ, sʋʋ rɛ gyɩ laa dʋnɩya buloŋ tɩŋa, haalɩ abee nala hʋ gyɩ aa we doŋ a bɩ vɩya Wɩɩsɩ nyʋwa anɩɩ Adama gyɩ aa vɩya Wɩɩsɩ nyʋwa gɛɛ. Adama rɛ gyɩ yaa nal hʋ aa sɩ ko daaliiŋ, nal no rɛ yaa Krisita."
15,"But the gift of God's undeserved grace was very different from Adam's sin. That one sin brought death to many others. Yet in an even greater way, Jesus Christ alone brought God's gift of undeserved grace to many people.","Amɛ nala no balɩya bɩ yaa kɩdɩgɩ, beewɩya Wɩɩsɩ bɔnyɛ wɩɩ hʋ ʋ aa kpaa yaa ma ʋ bee wɩɩ hʋ Adama wɩbɔŋ hʋ yayɩ aa kaŋ ko bɩ kɩɩ dɔmɔŋ. Ʋ yaa wɩtɩɩ rɛ anɩɩ Adama wɩbɔŋ hʋ ʋ aa yaa leŋ nala yʋga sʋba rɛ, amɛ Krisita lahɔrʋmɔ tɩyaŋ, Wɩɩsɩ daga ʋ bɔnyɛ tɩya nala yʋga rɛ a te gɛɛ."
16,"There is a lot of difference between Adam's sin and God's gift. That one sin led to punishment. But God's gift made it possible for us to be acceptable to him, even though we have sinned many times.","Amɛ Wɩɩsɩ bɔnyɛ wɩɩ hʋ ʋ aa kpaa yaa ma ʋ bee wɩɩ hʋ Adama wɩbɔŋ hʋ aa kaŋ ko dʋnɩya kʋla rɛ. Akuu nɩdɩgɩ no wɩbɔŋ hʋ ʋ aa yaa wɩya, Wɩɩsɩ kpaa kyogisi tɩya á buloŋ nɛ. Amɛ nala aa yaa wɩbɔmɔ yʋga hal tɩyaŋ, Wɩɩsɩ tɩŋ ʋ bɔnyɛ hʋ tɩyaŋ nɛ a kpa á wɩbɔmɔ kyɛ ma, aŋ leŋ á yaa tɩpʋlʋŋ tɩmma ʋ sɩya tɩyaŋ."
18,"Everyone was going to be punished because Adam sinned. But because of the good thing that Christ has done, God accepts us and gives us the gift of life.","Ɛɛwɩya, nɩdɩgɩ wɩbɔŋ aa yaŋ wuwo leŋ Wɩɩsɩ kpa kyogisi tɩya nal buloŋ gɛɛ, ɛɛ tɩɩ rɛ nɩdɩgɩ tɩpʋlʋŋ wɩyaaweliye mɛ wuwo leŋ nal buloŋ yaa tɩpʋlʋŋ tɩɩna Wɩɩsɩ sɩya tɩyaŋ, a kaŋ mɩɩbol."
19,Adam disobeyed God and caused many others to be sinners. But Jesus obeyed him and will make many people acceptable to God.,"Nɩdɩgɩ aa vɩya Wɩɩsɩ nyʋwa aa leŋ nala yʋga yaa wɩbɔŋyaala gɛɛ, ɛɛ tɩɩ rɛ nɩdɩgɩ aa tɩŋ Wɩɩsɩ nyʋwa mɛ sɩ leŋ dɩ nala yʋga yaa tɩpʋlʋŋ tɩmma Wɩɩsɩ sɩya tɩyaŋ."
20,"The Law came, so that the full power of sin could be seen. Yet where sin was powerful, God's gift of undeserved grace was even more powerful.","Wɩɩ hʋ aa tɩŋ Wɩɩsɩ gyɩ kpa ʋ Mɩrɩsɩ hʋ tɩya Moosi rɛ yaa dɩ ba leŋ nala gyɩŋ ba wɩbɔmɔ aa yʋga maga gɛɛ. Amɛ saŋa hʋ nala aa ko marɩ yaa wɩbɔmɔ yʋga, haŋ saŋa hʋ rɛ Wɩɩsɩ mɛ marɩ daga ʋ bɔnyɛ yʋga á lee."
21,"Sin ruled by means of death. But God's gift of grace now rules, and God has accepted us because of Jesus Christ our Lord. This means that we will have eternal life.","Ɛɛwɩya, wɩbɔmɔ gyɩ aa yaŋ tɩŋ sʋʋ tɩyaŋ a laa dʋnɩya tɩŋa gɛɛ, ɛɛ tɩɩ rɛ Wɩɩsɩ bɔnyɛ mɛ mɩɩgɩ tɩŋ tɩpʋlʋŋ hʋ ʋ aa leŋ á kana tɩyaŋ a laa dʋnɩya tɩŋa, dɩ gɛɛ leŋ á tɩŋ á Tɩɩna Yesu Krisita tɩyaŋ a kaŋ mɩɩbol hʋ aa bɩ kaŋ tenii."
1,"What should we say? Should we keep on sinning, so that God's gift of undeserved grace will show up even better?","Ba aa kɩɩ nyɛ, wɩbee rɛ á yaŋ sɩ basɩ? Á marɩ kɩ yaa wɩbɔmɔ dɩ Wɩɩsɩ mɛ marɩ kɩ daga ma ʋ bɔnyɛ koo?"
2,"No, we should not! If we are dead to sin, how can we go on sinning?","Aayɩ, ba mʋra rɛ! Á kpʋʋ wɩbɔmɔ yayɩ ta á tɩsɩ tɩyaŋ nɛ. Ɛɛ rɛ á yaŋ sɩ yaa a ha we wɩbɔmɔ tɩyaŋ kɩ yaa?"
3,Don't you know that all who share in Christ Jesus by being baptized also share in his death?,"Ma buloŋ gyɩma anɩɩ ba aa foo ma wɩɩkyʋwalnɩɩ á bee Yesu Krisita yaa kɩdɩgɩ wɩya, ɛɛ daga anɩɩ á beel-ʋ buloŋ nɛ sʋba gɛɛ."
4,"When we were baptized, we died and were buried with Christ. We were baptized, so we would live a new life, as Christ was raised to life by the glory of God the Father.","Á wɩɩkyʋwalnɩɩ hʋ foyi kɩɩ gɛɛ anɩɩ á beel-ʋ buloŋ nɛ sʋba, ba kpa ma hogo gɛɛ. Dɩ gɛɛ leŋ dɩ á mɛ kaŋ mɩɩbofalɩɩ anɩɩ Wɩɩsɩ gyɩ aa kpaa ʋ gaŋdaa dee hʋ a kyisi Krisita sʋʋ tɩyaŋ ʋ mɩɩgɩ kaŋ mɩɩbol gɛɛ."
5,"If we shared in Jesus' death by being baptized, we will be raised to life with him.","Beewɩya, dɩ á beel-ʋ rɛ sʋba sʋʋdɩgɩ, ɛɛ daga anɩɩ Wɩɩsɩ sɩ kyisi ma mɛ sʋʋ tɩyaŋ nɛ anɩɩ ʋ gyɩ aa kyisi ʋ gɛɛ."
6,"We know that the persons we used to be were nailed to the cross with Jesus. This was done, so our sinful bodies would no longer be the slaves of sin.","Á gyɩma anɩɩ ba gyɩ aa kaŋ Krisita kpaasɩ mal daagarɩɩ hʋ nyuu ʋ sʋba gɛɛ, ʋ bee á mɩɩbobɩnɩɩ hʋ wɩkanɩya buloŋ nɛ ba gyɩ kpʋ gɛɛ. Ɛɛ yaa rɛ dɩ á wɩyaabɔmɔ ta bɩl kaŋ dee á nyuu tɩyaŋ a leŋ dɩ á bɩl yaa wɩbɔmɔ yosi."
7,We know sin doesn't have power over dead people.,"Beewɩya dɩ nal buloŋ nɛ ko sʋba, ʋ foro rɛ, wɩbɔmɔ bɩl bɩ kaŋ dee ʋ nyuu tɩyaŋ."
8,"As surely as we died with Christ, we believe we will also live with him.","Ʋ aa kɩɩ gɛɛ anɩɩ á bee Krisita buloŋ aa sʋba wɩya, á laa di rɛ anɩɩ á mɛ sɩ mɩɩgɩ sii sʋʋ tɩyaŋ a we ʋ lee."
9,"We know that death no longer has any power over Christ. He died and was raised to life, never again to die.","Á gyɩma anɩɩ Wɩɩsɩ aa yaŋ kyisi Krisita sʋʋ tɩyaŋ gɛɛ, ʋ bɩl bɩ sɩ sʋba, ɛɛ wɩya sʋʋ bɩl bɩ kaŋ dee ʋ nyuu tɩyaŋ."
10,"When Christ died, he died for sin once and for all. But now he is alive, and he lives only for God.","Sʋʋ hʋ ʋ aa sʋba daga anɩɩ ʋ kpʋʋ wɩbɔmɔ yayɩ ta rɛ, a kaŋ kɩ mʋ maakyiye buloŋ. Ɛɛwɩya, mɩɩbol hʋ ʋ aa kana gyɩnaŋ, Wɩɩsɩ wɩya rɛ ʋ kana ʋ."
11,"In the same way, you must think of yourselves as dead to the power of sin. But Christ Jesus has given life to you, and you live for God.","Ɛɛ tɩɩ rɛ ʋ maga dɩ ma mɛ kpa ma tɩɩ anɩɩ ma kpʋʋ wɩbɔmɔ yayɩ ta rɛ, aŋ kaŋ mɩɩbofalɩya Wɩɩsɩ wɩya, akuu ma bee Yesu Krisita aa yaa kɩdɩgɩ wɩya."
12,"Don't let sin rule your body. After all, your body is bound to die, so don't obey its desires","Ɛɛwɩya ma ta bɩl leŋ dɩ wɩbɔmɔ yayɩ laa ma teŋbiye no aa yaa kɩsʋbɩya tɩŋa, dɩ ma kɩ yaa wɩbɔmɔ hʋ ma teŋbiye aa kyɛ."
13,"or let any part of it become a slave of evil. Give yourselves to God, as people who have been raised from death to life. Make every part of your body a slave that pleases God.","Ʋ bɩ maga dɩ ma kpa ma teŋbiye lee kɩdɩgɩ buloŋ we wɩbɔmɔ yayɩ tɩyaŋ. Amɛ ma kpa ma tɩɩma tɩya Wɩɩsɩ anɩɩ nala ba aa kyise sʋʋ tɩyaŋ, ba kaŋ mɩɩbol, a kpa ma teŋbiye leye buloŋ tɩya Wɩɩsɩ dɩ ʋ leŋ dɩ ma kɩ yaa wɩya aa kpaa ŋmanɩɩ."
14,Don't let sin keep ruling your lives. You are ruled by God's undeserved grace and not by the Law. Slaves Who Do What Pleases God,"Ma ta leŋ dɩ wɩbɔmɔ bɩl kaŋ dee ma nyuu tɩyaŋ, beewɩya mɩrɩsɩ hʋ Moosi aa bine daa ma bɩl kɩ tɩŋa, amɛ Wɩɩsɩ rɛ aa deŋ ma ʋ bɔnyɛ tɩyaŋ dɩ ma ta kɩ yaa wɩbɔmɔ."
15,"What does all this mean? Does it mean we are free to sin, because we are ruled by God's gift of undeserved grace and not by the Law? Certainly not!","Ɛɛ rɛ á yaŋ sɩ basɩ? Lagɩlagɩ no mɩrɩsɩ hʋ Moosi aa bine bɩl aa bɩ kaŋ dee á nyuu tɩyaŋ, ka Wɩɩsɩ kɩ deŋ ma abee ʋ bɔnyɛ nyɛ, á sɩ wuwo kuu gɛɛ wɩya kɩ yaa wɩbɔmɔ koo? Aayɩ, ba mʋra rɛ!"
17,You used to be slaves of sin. But I thank God that with all your heart you followed the example set forth in the teaching you received.,"Amɛ á aa kyʋwalɩ Wɩɩsɩ aŋgyʋwasʋ rɛ, beewɩya ma fa yaa wɩbɔmɔ yosi rɛ, ka lagɩlagɩ no ma mɩɩgɩ kɩ tɩŋ Wɩɩsɩ wɩya hʋ ba aa daga ma abee ma tɩsɩ buloŋ nɛ."
18,Now you are set free from sin and are slaves who please God.,"Wɩɩsɩ laa ma ta wɩbɔmɔ nosi tɩyaŋ nɛ, ma mɩɩgɩ ko yaa Wɩɩsɩ yosi, dɩ ma wuwo kɩ yaa wɩya hʋ aa kpaa ŋmanɩɩ."
19,"I am using these everyday examples, because in some ways you are still weak. You used to let the different parts of your body be slaves of your evil thoughts. But now you must make every part of your body serve God, so that you will belong completely to him.",". Ma fa kaŋ ma tɩɩma bɩrɩmɩ wɩbɔmɔ yosi rɛ, a fa yaa bisiŋ wɩya abee tahaa wɩya gyʋʋ kɩ mʋ. Lagɩlagɩ no, ɛɛ tɩɩ rɛ ʋ maga dɩ ma kaŋ ma tɩɩma bɩrɩmɩ Wɩɩsɩ yosi, dɩ gɛɛ leŋ ma wuwo kɩ yaa wɩya hʋ aa kpaa ŋmanɩɩ a ko yaa tɩpʋlʋŋ tɩmma ʋ sɩya tɩyaŋ."
20,"When you were slaves of sin, you didn't have to please God.","Saŋa hʋ ma fa aa yaa wɩbɔmɔ yosi hʋ, ma sɩya fa tuwo wɩya hʋ aa kpaa ŋmanɩɩ Wɩɩsɩ sɩya tɩyaŋ yayɩ."
21,"But what good did you receive from the things you did? All you have to show for them is your shame, and they lead to death.","Wɩya hʋ ma fa aa yaa, bekiŋ tɔnɔ rɛ ma na ba tɩyaŋ? Lagɩlagɩ no, haŋ wɩya hʋ mɩɩgɩ yaa hɩɩsɩ rɛ ma lee. Wɩya no litenii buloŋ nɛ yaa sʋʋ."
22,"Now you have been set free from sin, and you are God's slaves. This will make you holy and will lead you to eternal life.","Amɛ lagɩlagɩ no, Wɩɩsɩ laa ma ta rɛ wɩbɔmɔ nosi tɩyaŋ ma yaa ʋ yosi. Wɩɩ no tɔnɔ rɛ yaa ma aa sɩ yaa nɩtɩɩma Wɩɩsɩ sɩya tɩyaŋ dɩ gɛɛ leŋ dɩ ma kaŋ mɩɩbol hʋ aa bɩ kaŋ tenii."
23,Sin pays off with death. But God's gift is eternal life given by Jesus Christ our Lord.,"Beewɩya, wɩbɔmɔ yayɩ tuno rɛ yaa sʋʋ. Amɛ Wɩɩsɩ bɔnyɛ kɩŋ hʋ ʋ aa tɩŋ á Tɩɩna Yesu Krisita tɩyaŋ a kpa tɩya ma rɛ yaa mɩɩbol aa bɩ kaŋ tenii."
4,"That is how it is with you, my friends. You are now part of the body of Christ and are dead to the power of the Law. You are free to belong to Christ, who was raised to life so we could serve God.","Ŋ naabalɩya, nyɛ tɩɩ rɛ ʋ kɩɩ ma mɛ lee, beewɩya Krisita aa sʋba gɛɛ daga anɩɩ ma mɛ kpʋʋ mɩrɩsɩ hʋ Moosi aa bine tɩŋɩɩ ta rɛ gɛɛ. Lagɩlagɩ no, Krisita, laataal hʋ Wɩɩsɩ aa kyise sʋʋ tɩyaŋ nɛ tɩŋ ma, dɩ gɛɛ leŋ dɩ á wuwo kɩ yaa wɩya aa kaŋ tɔnɔ a tɩya Wɩɩsɩ."
5,"When we thought only of ourselves, the Law made us have sinful desires. It made every part of our bodies into slaves who are doomed to die.","Saŋa hʋ á teŋbii wɩyaabɔmɔ fa aa kaŋ dee á nyuu tɩyaŋ, Wɩɩsɩ Mɩrɩsɩ hʋ Moosi fa aa saba biŋ fa leŋ wɩbɔmɔ yayɩ yʋwaŋ kaŋ ma rɛ, a kaŋ á buloŋ mʋ we sʋʋ bʋwa tɩyaŋ."
6,"But the Law no longer rules over us. We are like dead people, and it cannot have any power over us. Now we can serve God in a new way by obeying his Spirit, and not in the old way by obeying the written Law. The Battle with Sin","Amɛ lagɩlagɩ no, Wɩɩsɩ laa ma ta wɩya hʋ fa aa kaŋ ma yaa yosi tɩyaŋ nɛ akuu á aa kpʋʋ mɩrɩsɩ no tɩŋɩɩ ta wɩya, dɩ á wuwo kɩ tɩŋ ŋmaŋfalɩɩ hʋ Wɩɩsɩ Wiyesi Welii hʋ aa daga ma aŋ ta kɩ tɩŋ ŋmaŋbɩnɩɩ hʋ Wɩɩsɩ Mɩrɩsɩ hʋ Moosi fa aa saba biŋ aa daga ma. Wɩɩsɩ Mɩrɩsɩ hʋ rɛ aa daga wɩɩ hʋ aa yaa wɩbɔŋ"
7,"Does this mean that the Law is sinful? Certainly not! But if it had not been for the Law, I would not have known what sin is really like. For example, I would not have known what it means to want something that belongs to someone else, unless the Law had told me not to do this.","Wɩbee rɛ á yaŋ sɩ basɩ? Á sɩ wuwo baa dɩ Wɩɩsɩ Mɩrɩsɩ hʋ yaa wɩbɔmɔ rɛ koo? Aayɩ, ba mʋra rɛ! Amɛ Wɩɩsɩ mɩrɩsɩ hʋ rɛ leŋ ŋ gyɩŋ wɩɩ hʋ aa yaa wɩbɔŋ. Dɩ Wɩɩsɩ mɩrɩsɩ hʋ rɛ fa bɩ baa dɩ á ta kpaa á hakɩllɩ we nala kɩna tɩyaŋ, ŋ fa bɩ sɩ gyɩma anɩɩ gɛɛ yaa wɩbɔŋ nɛ."
8,"It was sin that used this command as a way of making me have all kinds of desires. But without the Law, sin is dead.","Amɛ mɩra no aa we doŋ wɩya, wɩbɔmɔ tɩŋ ʋ tɩyaŋ nɛ a mʋrɩ ŋ we, ŋ kpa ŋ hakɩla we kɩna iriŋ buloŋ tɩyaŋ. Dɩ mɩrɩsɩ rɛ fa tuwo, wɩbɔmɔ fa yaa wɩsʋʋnɩ rɛ."
10,"and I died. The very command that was supposed to bring life to me, instead brought death.","Ŋ naa anɩɩ mɩra hʋ fa aa maga dɩ ʋ tɩya ŋ mɩɩbol, ʋ rɛ mɩɩgɩ ko kana ŋ we sʋʋ bʋwaŋ."
11,"Sin used this command to trick me, and because of it I died.","Mɩra no aa we doŋ wɩya, wɩbɔmɔ tɩŋ ʋ tɩyaŋ nɛ, a mʋrɩ kpʋ ŋ."
14,"We know that the Law is spiritual. But I am merely a human, and I have been sold as a slave to sin.","Á gyɩma anɩɩ Mɩrɩsɩ hʋ lɩɩ Wɩɩsɩ lee rɛ. Amɛ ŋ kɛ yaa nihuwobiŋ aa sɩ maakyiye sʋba rɛ, a yaa wɩbɔmɔ yoŋ."
15,"In fact, I don't understand why I act the way I do. I don't do what I know is right. I do the things I hate.","Ŋ bɩ gyɩŋ wɩɩ hʋ buloŋ aa kana ŋ kɩ yaa, beewɩya ŋ bee yaa wɩya hʋ ŋ aa kyo dɩ ŋ kɩ yaa, amɛ wɩya hʋ ŋ aa bɩ kyo, ba aa rɛ ŋ kɩ yaa."
16,"Although I don't do what I know is right, I agree that the Law is good.","Ŋ aa yaa wɩya hʋ ŋ aa bɩ kyo nyɛ, ɛɛ daga anɩɩ ŋ laa di anɩɩ Wɩɩsɩ mɩrɩsɩ hʋ kpaa ŋmanɩɩ rɛ."
17,So I am not the one doing these evil things. The sin that lives in me is what does them.,"Ɛɛwɩya, ba aa kɩɩ nyɛ, ŋ tɩɩ daa aa yaa wɩya no, amɛ bɔŋlɩŋ hʋ aa we ŋ tɩya tɩyaŋ nɛ leŋ ŋ kɩ yaa gɛɛ."
18,"I know that my selfish desires won't let me do anything that is good. Even when I want to do right, I cannot.","Ŋ gyɩma anɩɩ wɩwelii buloŋ tuwo ŋ nihuwobiŋlɩŋ tɩyaŋ. Beewɩya ŋ fa kyo dɩ ŋ kɩ yaa wɩweliye rɛ, aŋ bɩ wuwo kɩ yaa ba."
20,"And so, if I don't do what I know is right, I am no longer the one doing these evil things. The sin that lives in me is what does them.","Dɩ mɩyaŋ nɛ yaŋ aa yaa wɩya hʋ ŋ aa bɩ kyo, ɛɛ daga anɩɩ ŋ daa aa yaa, amɛ bɔŋlɩŋ hʋ aa we ŋ tɩya tɩyaŋ nɛ leŋ ŋ kɩ yaa ba."
21,The Law has shown me that something in me keeps me from doing what I know is right.,"Nyɛ kɛ, ŋ naa anɩɩ wɩɩ hʋ aa yaa ŋ nɛ nyɛ: Dɩ mɩyaŋ nɛ ko kɩ kyɛ dɩ ŋ yaa wɩwelii, wɩbɔŋ nɛ ŋ aa mɩɩgɩ kpa yaa."
22,With my whole heart I agree with the Law of God.,"Ŋ tɩya tɩyaŋ, ŋ kyo Wɩɩsɩ mɩrɩsɩ hʋ rɛ, a kyo dɩ ŋ kɩ tɩŋ ba mɛ."
23,"But in every part of me I discover something fighting against my mind, and it makes me a prisoner of sin that controls everything I do.","Amɛ ŋ naa anɩɩ wɩdʋma rɛ mɩɩgɩ we ŋ tɩyaŋ, a kana ŋ kɩ tʋma, a kaŋ wɩɩ hʋ ŋ aa kyo ŋ hakɩla tɩyaŋ kɩ lʋga. Wɩɩ no leŋ ŋ yaa wɩɩ hʋ aa leŋ ŋ kɩ yaa wɩbɔmɔ yoŋ nɛ."
24,What a miserable person I am. Who will rescue me from this body that is doomed to die?,Ŋ wɩya kaŋ sikii rɛ. Ŋ teŋbii wɩyaalɩya kana ŋ kɩ mʋ dɩ ba we sʋʋ bʋwaŋ nɛ. Aŋnɛ rɛ sɩ laa ŋ ta?
25,"Thank God! Jesus Christ will rescue me. So with my mind I serve the Law of God, although my selfish desires make me serve the law of sin.","Ŋ aa kyʋwalɩ Wɩɩsɩ aŋgyʋwasʋ rɛ, beewɩya ʋ rɛ sɩ wuwo laa ŋ ta wɩɩ no tɩyaŋ, á Tɩɩna Yesu Krisita nyubaanɩŋ. Wɩɩ hʋ tɩyaŋ ŋ aa wee rɛ nyɛ: Ŋ hakɩla tɩyaŋ ŋ kyo dɩ ŋ tɩŋ Wɩɩsɩ mɩrɩsɩ hʋ rɛ amɛ ŋ nihuwobiŋlɩŋ tɩyaŋ ŋ yaa wɩbɔmɔ yoŋ nɛ."
1,"If you belong to Christ Jesus, you won't be punished.","Ɛɛwɩya, Wɩɩsɩ bɩl bɩ sɩ kpa kyogisi tɩya nala hʋ bee Krisita aa yaa kɩdɩgɩ."
2,The Holy Spirit will give you life that comes from Christ Jesus and will set you free from sin and death.,"Beewɩya, Yesu Krisita nyubaanɩŋ, Wɩɩsɩ Wiyesi Welii hʋ laa ma ta rɛ wɩbɔmɔ abee sʋʋ nosi tɩyaŋ, a tɩya ma mɩɩbol."
3,"The Law of Moses cannot do this, because our selfish desires make the Law weak. But God set you free when he sent his own Son to be like us sinners and to be a sacrifice for our sin. God used Christ's body to condemn sin.","Mɩrɩsɩ hʋ fa bɩ wuwo lɩɩ ma lɩɩ wɩbɔmɔ yayɩ tɩyaŋ, beewɩya á nihuwobiŋlɩŋ bɩ leŋ á wuwo tɩŋ mɩrɩsɩ hʋ. Amɛ Wɩɩsɩ mɩɩgɩ tɩŋ ŋmaŋdɩma rɛ a laa ma ta. Ŋmaŋdɩma no rɛ yaa ʋ aa taa ʋ tɩɩ biye ʋ kɩɩ á nihuwobisi aa yaa wɩbɔŋyaala, a ko tuu dʋnɩya a kpa ʋ tɩɩ mɩɩbol lɩɩ wɩɩsʋlɩɩ á wɩbɔmɔ wɩya, a tɩŋ gɛɛ tɩyaŋ a kpʋ dee hʋ wɩbɔmɔ fa aa kana á nyʋʋ tɩyaŋ a ta."
4,"He did this, so that we would do what the Law commands by obeying the Spirit instead of our own desires.","Wɩɩsɩ yaa wɩɩ no rɛ dɩ á nala hʋ aa tɩŋ Wiyesi Welii hʋ kyɛrɩ á mɩɩbol tɩyaŋ, aŋ bee tɩŋ á teŋbii wɩkyɛɛlɩya tɩyaŋ wuwo tɩŋ Wɩɩsɩ Mɩrɩsɩ hʋ ba bʋwaŋ, beewɩya ba yaa wɩya aa kpaa ŋmanɩɩ rɛ."
6,"If our minds are ruled by our desires, we will die. But if our minds are ruled by the Spirit, we will have life and peace.","Dɩ ámaa rɛ kpaa á nyuu we á teŋbii wɩkyɛɛlɩya tɩyaŋ, wɩɩ hʋ á aa sɩ na lɩɩ doŋ nɛ yaa sʋʋ. Amɛ dɩ á maa rɛ kpaa á nyuu we Wɩɩsɩ Wiyesi Welii hʋ wɩkyɛɛlɩya tɩyaŋ, Wɩɩsɩ sɩ leŋ dɩ á kaŋ mɩɩbol a hɔŋ abee laaŋfɩya."
8,"If we follow our desires, we cannot please God.","Nala hʋ aa tɩŋ ba teŋbii wɩkyɛɛlɩya tɩyaŋ, ba bɩ sɩ wuwo fɩyɛlɩ Wɩɩsɩ teŋ."
9,"You are no longer ruled by your desires, but by God's Spirit, who lives in you. People who don't have the Spirit of Christ in them don't belong to him.","Amɛ dɩ Krisita Wiyesi Welii hʋ rɛ ko we ma tɩyaŋ, ma kɛ bee tɩŋ ma teŋbii wɩkyɛɛlɩya tɩyaŋ. Ma aa tɩŋ wɩya hʋ Krisita Wiyesi Welii hʋ aa daga ma rɛ. Dɩ Wɩɩsɩ Wiyesi Welii hʋ rɛ tuwo nal buloŋ tɩyaŋ, ʋ tɩɩna bɩ yaa Krisita nal."
10,"But Christ lives in you. So you are alive because God has accepted you, even though your bodies must die because of your sins.","Dɩ Krisita rɛ we ma tɩsɩ tɩyaŋ, abee ma teŋbiye kɛ ha aa sɩ sʋba akuu ma wɩbɔmɔ wɩya buloŋ mɛ, ka Wiyesi Welii hʋ leŋ ma kaŋ mɩɩbol lɛ, beewɩya Wɩɩsɩ leŋ ma yaa tɩpʋlʋŋ tɩmma rɛ ʋ sɩya tɩyaŋ."
11,"Yet God raised Jesus to life! God's Spirit now lives in you, and he will raise you to life by his Spirit.","Dɩ Wɩɩsɩ, nal hʋ aa kyisi Yesu sʋʋ tɩyaŋ Wiyesi Welii hʋ rɛ we ma tɩyaŋ, ʋ sɩ tɩŋa haŋ Wiyesi Welii hʋ tɩyaŋ, a kyisi ma teŋbiye hʋ aa sɩ sʋba mɛ sʋʋ tɩyaŋ, a leŋ dɩ ma kaŋ mɩɩbol."
13,"If you do, you will die. But you will live, if by the help of God's Spirit you say “No” to your desires.","Beewɩya dɩ mamaa rɛ aa tɩŋ ma teŋbii wɩkyɛɛlɩya tɩyaŋ, ma sɩ sʋba. Amɛ dɩ mamaa rɛ leŋ Wiyesi Welii hʋ kpʋ ma teŋbii wɩyaabɔmɔ ta, ka dɩ ma kɩ tɩŋa ʋ nyʋwa ma sɩ kaŋ mɩɩbol aa bɩ kaŋ tenii."
14,Only those people who are led by God's Spirit are his children.,"Beewɩya, nala hʋ buloŋ aa tɩŋ Wɩɩsɩ Wiyesi Welii hʋ nyʋwa, ba aa rɛ yaa Wɩɩsɩ biisi tɩɩ."
16,God's Spirit makes us sure that we are his children.,Wɩɩsɩ Wiyesi Welii hʋ rɛ leŋ á gyɩma á hakɩllɩ tɩyaŋ anɩɩ á kɔnɩ yaa Wɩɩsɩ biisi rɛ.
17,"His Spirit lets us know that together with Christ we will be given what God has promised. We will also share in the glory of Christ, because we have suffered with him. A Wonderful Future for God's People","Á aa yaa Wɩɩsɩ biisi nyɛ, á bee Krisita buloŋ nɛ sɩ tɩŋ kɩna hʋ buloŋ Wɩɩsɩ aa kpaa biŋ gbala ʋ nala. Dɩ ámaa rɛ na tʋwara anɩɩ Krisita aa naa tʋwara gɛɛ, Wɩɩsɩ sɩ leŋ dɩ á mɛ yaa gaŋdaala anɩɩ ʋ aa leŋ Krisita yaa gaŋdaal gɛɛ. Gaŋdarɩ hʋ á aa sɩ maakyiye kana"
18,I am sure what we are suffering now cannot compare with the glory that will be shown to us.,"Ŋ gyɩma anɩɩ tʋwara hʋ á aa na gyɩnaŋ bɩ yaa kɩŋ, dɩ ámaa rɛ kpa ʋ mʋ magɩsɩ gaŋdarɩ hʋ Wɩɩsɩ á aa sɩ maakyiye leŋ dɩ á na."
19,"In fact, all creation is eagerly waiting for God to show who his children are.",Wɩɩsɩ kɩtaalɩya buloŋ aa gyegili Wɩɩsɩ rɛ abee teŋkyel dɩ ʋ daga nala hʋ aa yaa ʋ biisi.
21,that creation would be set free from decay and would share in the glorious freedom of his children.,"anɩɩ kyɛɛ kɩdɩgɩ Wɩɩsɩ sɩ laa dʋnɩya kɩna buloŋ ta sʋʋ bʋwa hʋ tɩyaŋ ba aa we, a leŋ dɩ ba tɩŋ ba tɩɩ, a yaa gaŋdaala anɩɩ Wɩɩsɩ biisi."
22,"We know that all creation is still groaning and is in pain, like a woman about to give birth.","Á gyɩma anɩɩ dʋnɩya kɩna buloŋ aa na tʋwara rɛ, a kɩ kyama a kaŋ kɩ ko gyɩnaŋ, anɩɩ haaŋ aa kɩ kyɛ dɩ ʋ lʋla a kɩ kyama gɛɛ."
23,"The Spirit makes us sure about what we will be in the future. But now we groan silently, while we wait for God to show that we are his children. This means that our bodies will also be set free.","Dʋnɩya kɩna dʋŋ daa, amɛ á nala hʋ aa kaŋ Wiyesi Welii hʋ aa yaa Wɩɩsɩ buŋbuŋ bɔnyɛ kɩŋ ʋ aa kpaa tɩya ma, á mɛ aa kyama rɛ á tɩsɩ tɩyaŋ, aŋ kɩ gyegili abee teŋkyel saŋa hʋ Wɩɩsɩ aa sɩ laa ma ta á teŋbii tʋwara tɩyaŋ a leŋ á yaa ʋ biisi."
24,"And this hope is what saves us. But if we already have what we hope for, there is no need to keep on hoping.","Á aa kaŋ bayɩyɛla no Wɩɩsɩ tɩyaŋ nɛ tɩŋ ʋ laa ma ta. Amɛ dɩ ámaa rɛ ko na wɩɩ hʋ wɩya á aa yɩyɛlɩ, ʋ wɩya bɩl bɩ yaa bayɩyɛla. Beewɩya, nal buloŋ bɩ sɩ kaŋ kɩŋ, aŋ ha bɩl kɩ yɩyɛlɩ ʋ wɩya."
25,"However, we hope for something we have not yet seen, and we patiently wait for it.","Amɛ dɩ á aa yɩyɛlɩ kɩna hʋ á ha aa bɩ naa wɩya, á aa kaŋ kenyiri rɛ, a kɩ gyegili."
26,"In certain ways we are weak, but the Spirit is here to help us. For example, when we don't know what to pray for, the Spirit prays for us in ways that cannot be put into words.","Ɛɛ tɩɩ rɛ Wɩɩsɩ Wiyesi Welii hʋ mɛ aa kɩ pɛ á tɩyaŋ, beewɩya á bɩ kaŋ dee á aa sɩ wuwo pɛ á tɩɩ tɩyaŋ. Á bɩ gyɩŋ gɛɛ aa maga dɩ á kɩ kyʋwalɩ Wɩɩsɩ. Amɛ Wiyesi Welii hʋ tɩɩ aa sʋla Wɩɩsɩ kɩ tɩya ma rɛ abee wɩhuŋsiye ba aa bɩ sɩ wuwo kaŋ nyʋwa basɩ."
27,"All of our thoughts are known to God. He can understand what is in the mind of the Spirit, as the Spirit prays for God's people.","Wɩɩsɩ aa na nihuwobiŋ tɩya buloŋ nɛ, a gyɩŋ wɩya hʋ Wiyesi Welii hʋ tɩbɩɩna mɛ aa kana. Beewɩya Wɩɩsɩ kyɛrɩ tɩyaŋ nɛ ʋ Wiyesi Welii hʋ aa sʋla Wɩɩsɩ kɩ tɩya ʋ nala gɛɛ."
28,"We know that God is always at work for the good of everyone who loves him. They are the ones God has chosen for his purpose,","Á gyɩma anɩɩ wɩɩ buloŋ tɩyaŋ, Wɩɩsɩ aa leŋ wɩya buloŋ aa yaa mʋ pɛ dɔmɔŋ nɛ, a yaa wɩwelii a tɩya nala hʋ aa kyo ʋ. Ba aa rɛ yaa nala hʋ Wɩɩsɩ aa yɩra ʋ kyɛrɩ tɩyaŋ."
29,"and he has always known who his chosen ones would be. He had decided to let them become like his own Son, so his Son would be the first of many children.","Nala hʋ Wɩɩsɩ foŋ aa laa sɩya lɩɩ, ʋ leŋ ba lɩɩ ba dʋŋ nɛ, dɩ ʋ ko kaŋ ba bɩrɩmɩ dɩ ba kɩɩ ʋ tɩɩ Biye, aŋ leŋ dɩ ʋ Biye hʋ yaa ʋ biihɩyawʋ ba buloŋ tɩyaŋ."
31,"What can we say about all this? If God is on our side, can anyone be against us?","Wɩya no buloŋ tɩyaŋ, wɩbee rɛ á yaŋ sɩ basɩ? Dɩ Wɩɩsɩ rɛ sɩŋ á hal, kɩbee rɛ sɩ wuwo di dee á nyuu tɩyaŋ?"
32,"God did not keep back his own Son, but he gave him for us. If God did this, won't he freely give us everything else?","Nal buloŋ tuwo, beewɩya Wɩɩsɩ bɩ vɔŋ ma ʋ tɩɩ Biye, aŋ kpa ʋ tɩya nala, ba kpʋ ʋ á buloŋ wɩya. Ʋ aa wuwo kpa ʋ tɩɩ biye tɩya ma nyɛ, bekiŋ nɛ yaŋ bɩl we doŋ ʋ aa bɩ sɩ wuwo kpa pɛ tɩya ma ʋ bɔnyɛ tɩyaŋ?"
33,"If God says his chosen ones are acceptable to him, can anyone bring charges against them?","Kɩbee rɛ yaŋ bɩl sɩ kpa kyogisi tɩya nala hʋ Wɩɩsɩ aa lɩya? Nal buloŋ tuwo, beewɩya Wɩɩsɩ tɩɩ rɛ leŋ ba yaa tɩpʋlʋŋ tɩmma ʋ sɩya tɩyaŋ."
34,"Or can anyone condemn them? No indeed! Christ died and was raised to life, and now he is at God's right side, speaking to him for us.","Kɩbee rɛ sɩ kpa kyogisi tɩya Wɩɩsɩ nala hʋ ʋ aa lɩya? Nal buloŋ tuwo. Yesu Krisita mɛ daa, beewɩya ʋ tɩɩ sʋba rɛ á wɩya. Ɛɛ dʋŋ mɛ daa. Wɩɩsɩ gba kyisi rɛ ʋ sʋʋ tɩyaŋ, ʋ kaŋ mɩɩbol a hɔŋ Wɩɩsɩ noduu logiŋ, a sʋla Wɩɩsɩ kɩ tɩya ma."
35,"Can anything separate us from the love of Christ? Can trouble, suffering, and hard times, or hunger and nakedness, or danger and death?","Bekiŋ nɛ yaŋ sɩ kaŋ ma tɔrɩ Krisita kyori tɩyaŋ? Wahala koo wɩgyʋʋlɩya, koo dɔgɩsɩɩ, koo losi, koo nyaa, koo wɩsɩŋgbalɩya, koo sʋʋ? Wɩɩ buloŋ tuwo."
36,"It is exactly as the Scriptures say, “For you we face death all day long. We are like sheep on their way to be butchered.”","Ba sabɩ wɩɩ no wɩya Wɩɩsɩ teŋ tɩyaŋ nɛ a baa: “Akuu ɩ wɩya, á aa we sʋʋ bʋwaŋ nɛ saŋa buloŋ. Ba kpa ma á kɩɩ gɛɛ anɩɩ piyese ba aa kyɛ dɩ ba kpʋ.”"
37,In everything we have won more than a victory because of Christ who loves us.,"Abee gɛɛ buloŋ, dɩ wɩya no kɩdɩgɩ buloŋ nɛ ko gyʋʋ ma, á aa wuwo yuwo lɩɩ rɛ, nal hʋ aa kyo ma nyubaanɩŋ."
1,"I am a follower of Christ, and the Holy Spirit is a witness to my conscience. So I tell the truth and I am not lying when I say","Wɩtɩɩ rɛ ŋ kɩ basɩ. Ŋ bee nyɩya wɩya, beewɩya ŋ yaa Krisita nal lɛ. Wɩɩsɩ Wiyesi Welii hʋ aa laa ŋ hakɩla tɩŋa yaa ŋ daŋsɩya rɛ anɩɩ ŋ bee nyɩya wɩya ŋ aa baa dɩ"
2,my heart is broken and I am in great sorrow.,ŋ tɩya kyogo rɛ kɩŋkaŋ ŋ tɩɩ nala Gyuuma wɩya. Ba wɩya aa dɔmɩ-ŋ nɛ deŋdeŋ.
3,I would gladly be placed under God's curse and be separated from Christ for the good of my own people.,"Ŋ fa sɩ kyo, dɩ Wɩɩsɩ rɛ fa kaabɩ tɩya ŋ, a kana ŋ bee Krisita porigi dɔmɔŋ, ŋ nala tɩɩ wɩya."
4,"They are the descendants of Israel, and they are also God's chosen people. God showed them his glory. He made agreements with them and gave them his Law. The temple is theirs and so are the promises that God made to them.","Nala no rɛ yaa Iziral tɩmma, nala hʋ Wɩɩsɩ aa lɩya, a kaŋ ba yaa ʋ biisi, aŋ leŋ ba na ʋ gaŋdarɩ. Wɩɩsɩ gyɩ wee nyʋʋsɩ tɩya ba rɛ, a leŋ Moosi sabɩ ʋ mɩrɩsɩ biŋ tɩya ba dɩ ba kɩ tɩŋa, a daga ba Wɩɩsɩ kyʋwalɩɩ tɩɩ aŋ ha we nyʋwa dɩ ʋ sɩ yaa wɩya yʋga tɩya ba."
5,"They have those famous ancestors, who were also the ancestors of the Christ. I pray that God, who rules over all, will be praised forever! Amen.","Ba aa rɛ yaa á naabaala hʋ Wɩɩsɩ aa lɩya doho nala. Krisita nihuwobiŋlɩŋ tɩyaŋ, ʋ yaa ba doho nal lɛ. Ma leŋ dɩ á kɩ dannɩ Wɩɩsɩ a kaŋ kɩ mʋ maakyiye buloŋ beewɩya ʋ rɛ aa deŋ kɩŋ kɩŋ buloŋ."
6,"It cannot be said that God broke his promise. After all, not all of the people of Israel are the true people of God.","Amɛ wɩɩ hʋ Wɩɩsɩ aa wee nyʋwa a baa dɩ ʋ sɩ yaa tɩya Iziral tɩmma, ʋ bɩ kɩɩ nɩɩ ʋ yaa lɔlɔ rɛ, beewɩya Iziral doho nala buloŋ daa yaa Wɩɩsɩ nala tɩɩ."
8,"In fact, when God made the promise to Abraham, he meant only Abraham's descendants by his son Isaac. God was talking only about Isaac when he promised","Wɩɩ no daga anɩɩ biisi hʋ Abɩraham aa lʋla buloŋ daa yaa Wɩɩsɩ nala, see biisi hʋ Wɩɩsɩ aa wee nyʋwa anɩɩ Abɩraham sɩ lʋla, ba dʋŋ nɛ ʋ leŋ ba yaa Abɩraham doho nala tɩɩ."
10,Don't forget what happened to the twin sons of Isaac and Rebekah.,"Wɩɩ no mɛ dʋŋ daa. Boyoŋbiisi hʋ balɩya Ribeeka gyɩ aa lʋla, ba buloŋ balɩya kuwo rɛ gyɩ yaa á naabaa Azɩkɩ."
12,"Even before they were born or had done anything good or bad, the Lord told Rebekah that her older son would serve the younger one. The Lord said this to show he makes his own choices and it wasn't because of anything either of them had done.","Amɛ Wɩɩsɩ gyɩ aa kyɛ dɩ ʋ daga anɩɩ ʋ kyɛrɩ tɩyaŋ nɛ ʋ sɩ lɩɩ ʋ nala. Ɛɛ rɛ tɩŋ ʋ gyɩ basɩ tɩya Ribeeka a baa “Boyoŋbiisi hʋ ɩ aa sɩ lʋla, kɩhɩyawʋ hʋ sɩ tʋma kɩ tɩya haŋbiye hʋ.” Ʋ gyɩ basɩ wɩɩ no rɛ ka ba gyɩ na lʋl biisi hʋ, dɩ ba kɩdɩgɩ buloŋ ha bɩ yaa wɩwelii koo wɩbɔŋ. Ɛɛ wɩya Wɩɩsɩ kyɛrɩ tɩyaŋ nɛ ʋ aa lɩɩ ʋ nala, ʋ bɩ kɩɩ nɩɩ ba wɩyaaweliye wɩya rɛ tɩŋ ʋ aa lɩɩ ba."
13,That's why the Scriptures say that the Lord liked Jacob more than Esau.,"Ba bɩl sabɩ wɩɩ no tɩɩ Wɩɩsɩ teŋ tɩyaŋ nɛ a baa: “Ŋ lɩɩ Gyeekɔbɩ rɛ, aŋ vɩya Isawʋ ta.”"
16,Everything then depends on God's mercy and not on what people want or do.,"Ɛɛwɩya, dɩ Wɩɩsɩ rɛ lɩɩ nal, ʋ bɩ kɩɩ nɩɩ ʋ tɩɩna wɩkyɛɛlɩya koo ʋ wɩyaalɩya rɛ tɩŋ, amɛ Wɩɩsɩ aa fá ʋ sikii rɛ tɩŋ,"
17,"In the Scriptures the Lord says to the king of Egypt, “I let you become king, so that I could show you my power and be praised by all people on earth.”","beewɩya ba sabɩ Igyipiti tɩmma kuwori wɩya Wɩɩsɩ teŋ tɩyaŋ nɛ anɩɩ Wɩɩsɩ basɩ tɩya ʋ a baa, “Wɩɩ hʋ aa tɩŋ ŋ leŋ ɩ dɩ koro rɛ nyɛ: Ŋ aa kyɛ dɩ ŋ tɩŋa ɩ tɩyaŋ nɛ a daga ŋ dee, dɩ ba yɩrɩ ŋ feŋ dʋnɩya buloŋ tɩyaŋ.”"
18,"Everything depends on what God decides to do, and he can either have pity on people or make them stubborn. God's Anger and Mercy","Nala hʋ Wɩɩsɩ yaŋ aa kyɛ dɩ ʋ fá ba sikii, ʋ aa fá ba sikii rɛ. Nala hʋ mɛ ʋ aa kyɛ dɩ ʋ leŋ ba bembiye deye, ʋ aa leŋ ba bembiye deye rɛ."
19,"Someone may ask, “How can God blame us, if he makes us behave in the way he wants us to?”","Ma kɩdɩgɩ sɩ wuwo pɩyɛsɩ a baa, “Dɩ Wɩɩsɩ rɛ aa yaa nyɛ, ɛɛ rɛ ʋ sɩ yaa a bɩl kpa kyogisi kɩ tɩya nala? Dɩ kɩbee rɛ sɩ wuwo leŋ dɩ Wɩɩsɩ kyɛrɩ ta yaa?”"
20,"But, my friend, I ask, “Who do you think you are to question God? Does the clay have the right to ask the potter why he shaped it the way he did?","Kɩbee rɛ yaa nihuwobiŋ, ɩ aa sɩ wuwo laa wɩya basɩ Wɩɩsɩ nyʋwa tɩyaŋ? Vii bɩ sɩ wuwo pɩyɛsɩ nal hʋ aa mɔ ʋ a baa, “Bee rɛ tɩŋ ɩ mɔ ŋ, ŋ kɩɩ nyɛ?”"
21,Doesn't a potter have the right to make a fancy bowl and a plain bowl out of the same lump of clay?”,"Viimɔɔl kaŋ ŋmanɩɩ rɛ ʋ aa sɩ lɔgɔ kyʋl a mɔ viiweliye, a kpa biŋ pɔ kyɛbala, aŋ bɩl lɔgɔ haŋ kyʋl hʋ tɩɩ a mɔ viini mɛ a kaŋ kɩ we kɩna kyɛɛ buloŋ. Beewɩya viimɔɔl aa kyo gɛɛ rɛ ʋ kɩɩ yaa."
23,He did this by showing how glorious he is when he has pity on the people he has chosen to share in his glory.,"Ʋ gyɩ fáá á nala hʋ sikii ʋ aa kyɛ ʋ fá rɛ, beewɩya ámaa rɛ ʋ aa leŋ á yaa siri pɔ dɩ á na ʋ gaŋdarɩ."
25,"just as the Lord says in the book of Hosea, “Although they are not my people, I will make them my people. I will treat with love those nations that have never been loved.","Nyɛ rɛ ba basɩ Wɩɩsɩ teŋ logiŋ hʋ Wɩɩsɩ tɩŋdaal Hoziya aa saba tɩyaŋ, “Nala hʋ fa aa bɩ yaa ŋ nala, ŋ sɩ kaŋ ba kɩ yɩrɩ ŋ nala. Nala hʋ mɛ ŋ fa aa bɩ kyo, ŋ sɩ kaŋ ba yɩrɩ ŋ nɩkyooliye."
26,"“Once they were told, ‘You are not my people.’ But in that very place they will be called children of the living God.”","Lee hʋ tɩɩ tɩyaŋ ba fa aa basɩ tɩya nala anɩɩ ba bɩ yaa Wɩɩsɩ nala, doŋ tɩɩ tɩyaŋ nɛ ba sɩ yɩrɩ ba Wɩɩsɩ hʋ aa weye biisi.”"
27,"And this is what the prophet Isaiah said about the people of Israel, “The people of Israel are as many as the grains of sand along the beach. But only a few who are left will be saved.","Wɩɩsɩ tɩŋdaal Azaaya mɛ gyɩ heeli Iziral tɩmma wɩya rɛ a baa, “Dɩ Iziral tɩmma kyo ba yʋga kɩŋkaŋ anɩɩ mpʋwɔnʋʋ nyʋwa bumbugulo mɛ, ba tɩyaŋ nala baŋmana dʋŋ nɛ Wɩɩsɩ sɩ laa ta,"
28,The Lord will be quick and sure to do on earth what he has warned he will do.”,beewɩya á Tɩɩna Wɩɩsɩ bɩ sɩ pɩɩsɩ ka dɩ ʋ di dʋnɩya nala sarɩya dɩgɩ dʋŋ.
29,"Isaiah also said, “If the Lord All-Powerful had not spared some of our descendants, we would have been destroyed like the cities of Sodom and Gomorrah.” Israel and the Good News","Wɩɩsɩ tɩŋdaal Azaaya gyɩ laa sɩya basɩ nyɛ wɩya rɛ a baa, “Dɩ á Tɩɩna Wɩɩsɩ, dee buloŋ tɩɩna rɛ fa bɩ leŋ á naabaa doho nala baŋmana, á buloŋ nɛ fa sɩ sʋba, anɩɩ Sodɔm abee Gomora nala buloŋ gyɩ aa sʋba gɛɛ.”"
30,"What does all of this mean? It means that the Gentiles were not trying to be acceptable to God, but they found that he would accept them if they had faith.","Ɛɛ wɩya, á sɩ baa dɩ nala hʋ aa bɩ yaa Gyuuma fa bee lʋga dɩ ba yaa tɩpʋlʋŋ tɩmma Wɩɩsɩ sɩya tɩyaŋ. Amɛ ba aa rɛ mɩɩgɩ ko yaa tɩpʋlʋŋ tɩmma Wɩɩsɩ sɩya tɩyaŋ akuu ba aa laa Wɩɩsɩ di wɩya."
32,"It also means that the people of Israel were not acceptable to God. And why not? It was because they were trying to be acceptable by obeying the Law instead of by having faith in God. The people of Israel fell over the stone that makes people stumble,","Bee rɛ tɩŋ ba bɩ wuwo yaa tɩpʋlʋŋ tɩmma? Ba bɩ wuwo yaa tɩpʋlʋŋ tɩmma, beewɩya ba bɩ bɩɩna anɩɩ ba Wɩɩsɩ laadii rɛ sɩ leŋ dɩ ba yaa tɩpʋlʋŋ tɩmma, aŋ kɩ lʋga dɩ ba tɩŋ ba tɩɩ wɩyaalɩya tɩyaŋ a yaa tɩpʋlʋŋ tɩmma Wɩɩsɩ sɩya tɩyaŋ. Ba ŋmaa naaŋ bʋyɩ hʋ tɩyaŋ nala aa ŋmaa naasɩ kɩ tele rɛ."
33,"just as God says in the Scriptures, “Look! I am placing in Zion a stone to make people stumble and fall. But those who have faith in that one will never be disappointed.”","Ba sabɩ bʋyɩ no wɩya Wɩɩsɩ teŋ tɩyaŋ nɛ a baa, “Deŋ na, ŋ kpaa bʋyɩ biŋ Zaayɔŋ tɩyaŋ nɛ, bʋyɩ no rɛ nala sɩ ŋmaa, a garɩgɩ, bʋyɩ no rɛ nala sɩ ŋmaa, a tele. Amɛ nal hʋ buloŋ aa laa nal hʋ aa yaa bʋyɩ no wɩya di, ʋ tɩɩna bɩ sɩ maakyiye dɩ hɩɩsɩ.”"
1,"Dear friends, my greatest wish and my prayer to God is for the people of Israel to be saved.","Ŋ naabalɩya, ŋ bembii wɩkyɛɛlɩɩ abee ŋ wɩɩsʋlɩɩ rɛ yaa dɩ Wɩɩsɩ laa ŋ tɩɩ nala Gyuuma ta."
4,But Christ makes the Law no longer necessary for those who become acceptable to God by faith. Anyone Can Be Saved,"Krisita koyi leŋ mɩrɩsɩ hʋ buloŋ su ba bʋʋsɩ rɛ, a daga anɩɩ mɩrɩsɩ hʋ tɩŋɩɩ bɩl bɩ kaŋ tɔnɔ buloŋ. Ɛɛ wɩya, nal hʋ buloŋ aa laa ʋ wɩya di, ʋ tɩɩna rɛ aa kaŋ tɩpʋlʋŋ Wɩɩsɩ sɩya tɩyaŋ."
5,"Moses said a person could become acceptable to God by obeying the Law. He did this when he wrote, “If you want to live, you must do all the Law commands.”","Moosi fa sabɩ ɛɛ hʋ Wɩɩsɩ aa leŋ nala yaa tɩpʋlʋŋ tɩmma ʋ sɩya tɩyaŋ, akuu ba aa tɩŋ mɩrɩsɩ ʋ aa bine wɩya rɛ a baa, “Dɩ nal buloŋ nɛ wuwo tɩŋ mɩrɩsɩ no buloŋ kyurrr, ʋ tɩɩna sɩ kaŋ mɩɩbol.”"
6,"But people whose faith makes them acceptable to God will never ask, “Who will go up to heaven to bring Christ down?”","Dɩ ɩ rɛ laa di anɩɩ ɩ Krisita laadii rɛ sɩ leŋ dɩ ɩ yaa tɩpʋlʋŋ tɩɩna Wɩɩsɩ sɩya tɩyaŋ, ɛɛ kɛ ɩ bɩl bɩ sɩ pɩyɛsɩ a baa, “Kɩbee rɛ sɩ gyɩŋ Wɩɩsɩbee a kaŋ Krisita ko tuu”?"
7,"Neither will they ask, “Who will go down into the world of the dead to raise him to life?”",“Koo dɩ kɩbee rɛ sɩ tuu taŋha memii a kyisi Krisita ko gyɩŋ?”
8,"All who are acceptable because of their faith simply say, “The message is as near as your mouth or your heart.” And this is the same message we preach about faith.","Amɛ nyɛ rɛ ba basɩ Wɩɩsɩ teŋ tɩyaŋ a mʋ kɩ tile nala hʋ aa yaa tɩpʋlʋŋ tɩmma Wɩɩsɩ sɩya tɩyaŋ akuu ba aa laa Krisita di wɩya. Ba baa, “Wɩɩsɩ wɩweliye hʋ kpaga ma rɛ. Ba we ma nyʋʋsɩ tɩyaŋ nɛ, a we ma tɩsɩ tɩyaŋ mɛ. Wɩɩsɩ wɩweliye hʋ rɛ yaa Wɩɩsɩ laadii wɩya hʋ á aa basɩ."
9,"So you will be saved, if you honestly say, “Jesus is Lord,” and if you believe with all your heart that God raised him from death.","Dɩ ɩ rɛ suri ɩ nyʋwa nala sɩya tɩyaŋ a basɩ anɩɩ Yesu rɛ yaa ɩ Tɩɩna, a laa di ɩ tɩya tɩyaŋ mɛ anɩɩ Wɩɩsɩ kyisi ʋ sʋʋ tɩyaŋ nɛ, Wɩɩsɩ sɩ laa ɩ ta."
11,"The Scriptures say no one who has faith will be disappointed,","Wɩɩsɩ teŋ tɩyaŋ, nyɛ rɛ ba basɩ: ‘Nal kɛ buloŋ aa laa Krisita wɩya di, ʋ tɩɩna bɩ sɩ maakyiye dɩ hɩɩsɩ.’"
12,"no matter if that person is a Jew or a Gentile. There is only one Lord, and he is generous to everyone who asks for his help.","Dɩ ʋ tɩɩna yaa Gyuu koo dɩ ʋ bɩ yaa Gyuu, ba buloŋ yaa kɩdɩgɩ rɛ Wɩɩsɩ lee. Wɩɩsɩ yaa nal buloŋ Tɩɩna rɛ. Dɩ nal buloŋ nɛ ŋmaa wulo tɩya ʋ, ʋ sɩ pɛ ʋ tɩɩna tɩyaŋ weliŋ."
15,And how can anyone tell them without being sent by the Lord? The Scriptures say it is a beautiful sight to see even the feet of someone coming to preach the good news.,"Dɩ Wɩɩsɩ rɛ bɩ tɩŋ nala dɩ ba mʋ basɩ ʋ wɩya, ɛɛ rɛ ba sɩ yaa a basɩ ʋ wɩya? Ba saba Wɩɩsɩ teŋ tɩyaŋ nɛ a baa, “Nala hʋ aa ko dɩ ba basɩ Wɩɩsɩ wɩweliye hʋ, ba koyi yaa wɩwelii rɛ.”"
16,"Yet not everyone has believed the message. For example, the prophet Isaiah asked, “Lord, has anyone believed what we said?”","Amɛ nala hʋ aa nɩɩ wɩweliye hʋ, ba buloŋ daa laa ba di. Azaaya fa bɩl basɩ wɩɩ no wɩya rɛ a baa, “Á Tɩɩna Wɩɩsɩ, kɩbee rɛ we doŋ a laa wɩya hʋ á aa basɩ tɩya ba di?”"
18,"But am I saying that the people of Israel did not hear? No, I am not! The Scriptures say, “The message was told everywhere on earth. It was announced all over the world.”","Amɛ ma yaŋ leŋ dɩ ŋ pɩyɛsɩ wɩɩ no: Ʋ yaa wɩtɩɩ rɛ anɩɩ nala no bɩ nɩɩ Wɩɩsɩ wɩweliye hʋ? Ba nɩɩ ba rɛ. Ba sabɩ Wɩɩsɩ wɩweliye hʋ wɩya Wɩɩsɩ teŋ tɩyaŋ nɛ a baa, “Wɩya no pele dʋnɩya logiŋ buloŋ nɛ. Dʋnɩya nal buloŋ nɛ nɩɩ wɩya no.”"
19,"Did the people of Israel understand or not? Moses answered this question when he told that the Lord had said, “I will make Israel jealous of people who are a nation of nobodies. I will make them angry with people who don't understand a thing.”","Ma yaŋ leŋ dɩ ŋ bɩl pɩyɛsɩ wɩɩ no: “Iziral tɩmma aa nɩɩ wɩya hʋ, ba bɩ gyɩŋ ba memii?” Moosi rɛ yaa nal hʋ aa laa sɩya lɩɩ wɩɩ no sɩɩ tɩya ma. Ʋ baa dɩ Wɩɩsɩ baa, “Ŋ sɩ leŋ dɩ ma tɩsɩ kɩ hɔllɩ nala hʋ aa bɩ yaa Gyuuma. Ŋ bɩl sɩ leŋ dɩ nala hʋ aa bɩ kaŋ wɩgyʋŋ wɩya leŋ dɩ ma baaŋ kɩ sii."
20,"Isaiah was fearless enough to tell that the Lord had said, “I was found by people who were not looking for me. I appeared to the ones who were not asking about me.”","Azaaya kɛ gyɩ bɩ fáá kambɩŋ wɩɩ no basɩɩ tɩyaŋ ʋ aa baa dɩ Wɩɩsɩ baa, “Nala hʋ aa bɩ deŋ kɩ kyɛ ŋ, ba aa rɛ naa ŋ. Nala hʋ mɛ aa bee pɩyɛsɩ ŋ wɩya, ba aa rɛ ŋ kpa ŋ tɩɩ daga.”"
21,"And Isaiah said about the people of Israel, “All day long the Lord has reached out to people who are stubborn and refuse to obey.”","Amɛ nyɛ rɛ ʋ basɩ Iziral tɩmma wɩya, a baa dɩ Wɩɩsɩ baa, “Ŋ kyaga ŋ nosi rɛ saŋa buloŋ dɩ ŋ laa ba we, amɛ ba yaa kelɩŋbaaŋtɩmma rɛ, a bɩ yaa siri dɩ ba nɩɩ ŋ nyʋwa.”"
1,"Am I saying that God has turned his back on his people? Certainly not! I am one of the people of Israel, and I myself am a descendant of Abraham from the tribe of Benjamin.","Ba yaŋ aa maga nyɛ, ma leŋ dɩ ŋ pɩyɛsɩ wɩɩ no: Wɩɩsɩ vɩya ʋ tɩɩ nala hʋ ta rɛ koo? Aayɩ ʋ bɩ vɩya ba ta, beewɩya ŋ mɛ tɩɩ yaa Iziral tɩɩna rɛ, a yaa Abɩraham doho nal, a lɩɩ Bɛngyamin bekyigi tɩyaŋ."
2,God did not turn his back on his chosen people. Don't you remember reading in the Scriptures how Elijah complained to God about the people of Israel?,"Wɩɩsɩ bɩ vɩya ʋ nala hʋ ʋ aa lɩya a lɩɩ dʋnɩya piili tɩyaŋ buloŋ ta. Ma bee liisi Wɩɩsɩ tɩŋdaal Ɛlaagya wɩya hʋ ba aa sabɩ Wɩɩsɩ teŋ tɩyaŋ? Ba saba anɩɩ Ɛlaagya gyɩ basɩ Iziral tɩmma wɩbɔmɔ yayɩ wɩya tɩya Wɩɩsɩ rɛ,"
3,"He said, “Lord, they killed your prophets and destroyed your altars. I am the only one left, and now they want to kill me.”","a baa, “Ŋ Tɩɩna Wɩɩsɩ, deŋ na, ba kpʋʋ ɩ tɩŋdaala buloŋ nɛ, a ŋmaa kogini hʋ mɛ buloŋ ba aa saa tɩya ɩ, a lo. Ŋ dʋŋ nɛ kaa, ba kɩ lʋga dɩ ba kpʋ ŋ mɛ.”"
7,"This means that only a chosen few of the people of Israel found what all of them were searching for. And the rest of them were stubborn,","Wɩbee rɛ á yaŋ sɩ basɩ? Wɩtɩɩ rɛ, wɩɩ hʋ Iziral tɩmma fa aa hiine kɩ kyɛ, ba bɩ na ʋ. Amɛ nala baŋmana hʋ Wɩɩsɩ aa lɩya rɛ na ʋ. Nikaalɩya hʋ kɛ tɔɔ ba dɩgɩna rɛ, a vɩya Wɩɩsɩ yɩra hʋ."
5,"It is the same way now. God treated the people of Israel with undeserved grace, and so a few of them are still his followers.","Ɛɛ tɩɩ rɛ ʋ kɩɩ gyɩnaŋ mɛ. Wɩɩsɩ lɩɩ nala baŋmana rɛ ʋ bɔnyɛ tɩyaŋ, ba yaa ʋ nala."
6,This happened because of God's undeserved kindness and not because of anything they have done. It could not have happened except for God's gift of undeserved grace.,"Ʋ aa lɩɩ ba gɛɛ, ʋ bɔnyɛ tɩyaŋ nɛ ʋ lɩɩ ba, ʋ bɩ kɩɩ nɩɩ ba wɩyaalɩya rɛ tɩŋ. Dɩ ʋ rɛ fa kuu nala wɩyaalɩya ba aa yaa wɩya a kɩ lɩɩ ba, ɛɛ kɛ, Wɩɩsɩ bɔnyɛ hʋ fa bɩ yaa bɔnyɛ tɩɩ."
8,"just as the Scriptures say, “God made them so stupid that their eyes are blind, and their ears are still deaf.”","Ba basɩ wɩɩ no rɛ Wɩɩsɩ teŋ tɩyaŋ a baa, “Wɩɩsɩ leŋ ba hakɩllɩ sʋba rɛ, ba bɩ wuwo kɩ nɩɩ wɩya memiye. Ɛɛwɩya, abee gyɩnaŋ, ba hakɩllɩ bee na, ba dɩgɩna mɛ bee nɩɩ wɩya.”"
9,"Then David said, “Turn their meals into bait for a trap, so that they will stumble and be given what they deserve.","Kuwori Deviti mɛ gyɩ sʋla Wɩɩsɩ rɛ a baa, “Saŋa hʋ tɩyaŋ ba tenni aa ko fɩyɛlɩ ba ko laŋŋɩ a kɩ di kɩna gɛɛ, leŋ dɩ ba teŋfɩyɛlʋʋ hʋ bɩrɩgɩ tɩkyogi ba tɩyaŋ, Leŋ dɩ ba na tʋwara tuŋ ba wɩbɔmɔ hʋ kyɩŋ."
10,Blindfold their eyes! Don't let them see. Bend their backs beneath a burden that will never be lifted.” Gentiles Will Be Saved,"Leŋ dɩ ba sɩya tɔ dɩ ba ŋmaa naaŋ, leŋ dɩ wɩya nyagɩ ba, dɩ ba na tʋwara kɩ mʋ deŋdeŋ.”"
11,"Do I mean that the people of Israel fell, never to get up again? Certainly not! Their failure made it possible for the Gentiles to be saved, and this will make the people of Israel jealous.",Ma yaŋ leŋ dɩ ŋ pɩyɛsɩ wɩɩ no: Iziral tɩmma gyɩ ŋmaa naaŋ tele dɩ ta bɩl wuwo sii rɛ koo? Aayɩ ba gyɩ bɩl siye rɛ. Amɛ Gyuuma wɩbɔmɔ yayɩ rɛ suri ŋmanɩɩ tɩya nala hʋ aa bɩ yaa Gyuuma dɩ ba mɛ na Wɩɩsɩ laatayɩ. Wɩɩsɩ yaa gɛɛ rɛ dɩ Gyuuma tɩsɩ kɩ hɔllɩ ba.
13,"I am now speaking to you Gentiles, and as long as I am an apostle to you, I will take pride in my work.","Nyɛ kɛ, ma nala hʋ aa bɩ yaa Gyuuma rɛ ŋ basɩ wɩya no kɩ tɩya. Ŋ aa yaa Krisita kpambɩya hʋ aa basɩ Wɩɩsɩ wɩya kɩ tɩya nala hʋ aa bɩ yaa Gyuuma wɩya, ŋ kpaa tʋma no ba yaa sɩfɩyaŋ tʋma rɛ a tɩya ŋ."
14,I hope in this way to make some of my own people jealous enough to be saved.,"Kapuwo, ŋ tʋma no tʋmɩɩ sɩ leŋ dɩ ŋ naabalɩya Gyuuma tɩsɩ kɩ hɔllɩ ma, dɩ gɛɛ wuwo leŋ dɩ Wɩɩsɩ laa ba badɔmɔŋ ta."
15,"When Israel rejected God, the rest of the people in the world were able to turn to him. So when God makes friends with Israel, it will be like bringing the dead back to life.","Gyuuma aa vɩya Wɩɩsɩ wɩya rɛ tɩŋ dʋnɩya nala nɩkaalɩya buloŋ bee Wɩɩsɩ mɩɩgɩ sʋma. Dɩ Gyuuma rɛ yaŋ bɩl ko laa Wɩɩsɩ wɩya di, ɛɛ rɛ yaŋ ʋ sɩ kɩɩ? Ʋ sɩ kɩɩ gɛɛ anɩɩ nala aa sɩ sii sʋʋ tɩyaŋ."
16,"If part of a batch of dough is made holy by being offered to God, then all of the dough is holy. If the roots of a tree are holy, the rest of the tree is holy too.","Dɩ ɩ rɛ kaŋ kɩŋ, a laa sɩya kpa ʋ mʋhʋ a tɩya Wɩɩsɩ, ɛɛ daga anɩɩ kɩŋ hʋ buloŋ bɩrɩmɩ Wɩɩsɩ kɩŋ nɛ. Ɛɛ tɩɩ rɛ dɩ tɩya naaliliye rɛ yaa Wɩɩsɩ kɩŋ, tɩya hʋ buloŋ aa yaa ʋ kɩŋ nɛ."
17,"You Gentiles are like branches of a wild olive tree made to be part of a cultivated olive tree. You have taken the place of some branches that were cut away from it. And because of this, you enjoy the blessings that come from being part of that cultivated tree.","Gyuuma kɩɩ gɛɛ rɛ anɩɩ Olivi tɩya Wɩɩsɩ aa pɔɔ. Nala hʋ aa bɩ yaa Gyuuma mɛ kɩɩ gɛɛ rɛ anɩɩ ɔhɔ Olivi tɩya. Lagɩlagɩ no ʋ kɩɩ gɛɛ rɛ anɩɩ Wɩɩsɩ aa kere Olivi tɩya no ʋ aa pɔɔ naasɩ badɔmɔŋ ta, aŋ mɩɩgɩ mʋ kere ɔhɔ Olivi tɩya hʋ naasɩ a kaŋ ko kyosi ʋ tɩyaŋ. Ɛɛwɩya, lagɩlagɩ no, ma nala hʋ aa bɩ yaa Gyuuma mɛ pɛɛ kaŋ dee hʋ tɩya hʋ aa kana rɛ, a pɛ kɩ nyʋwa nɩɩ hʋ mɛ aa lɩɩ tɩya hʋ tɩyaŋ."
18,But don't think you are better than the branches that were cut away. Just remember you are not supporting the roots of this tree. Its roots are supporting you.,"Ɛɛwɩya, ma ta kɩ daga ma tɩɩ anɩɩ ma kpɩya tɩɩnaasɩ hʋ ba aa kere ta hʋ rɛ. Ʋ maga dɩ ma gyɩma anɩɩ tɩya hʋ naasɩ daa kaŋ tɩya hʋ naaliliye sɩgɩ, amɛ tɩya hʋ naaliliye rɛ kaŋ tɩya hʋ naasɩ sɩgɩ."
19,"Maybe you think those branches were cut away, so you could be put in their place.","Ma sɩ wuwo baa dɩ ba keri tɩya hʋ naasɩ ta rɛ, aŋ kpa ma mal ba lee tɩyaŋ."
20,"That's true enough. But they were cut away because they did not have faith, and you are where you are because you do have faith. So don't be proud, but be afraid.","Wɩtɩɩ rɛ, Wɩɩsɩ keri Gyuuma ta akuu ba aa bɩ laa ʋ di wɩya rɛ. Amɛ ma nala hʋ aa bɩ yaa Gyuuma kɛ, ma aa laa Wɩɩsɩ di dʋŋ wɩya rɛ tɩŋ ma sɩŋ lee hʋ ma aa sɩna. Ɛɛwɩya, ma ta kɩ daga ma tɩɩ, ka dɩ ma gyɩŋ tɩya ma tɩɩ weliŋ, beewɩya dɩ"
22,"Now you see both how kind and how hard God can be. He was hard on those who fell, but he was kind to you. And he will keep on being kind to you, if you keep on trusting in his kindness. Otherwise, you will be cut away too.","Wɩɩ no tɩyaŋ, á naa gɛɛ Wɩɩsɩ aa kaŋ bɔnyɛ rɛ, aŋ bɩl na gɛɛ ʋ sarɩya mɛ aa deye. Ʋ sarɩya deye tɩya nala hʋ aa bee tɩŋa ʋ nyʋwa rɛ. Amɛ, dɩ mamaa rɛ laa nyʋwa a kɩ tɩŋa ʋ bɔnyɛ hʋ tɩyaŋ anɩɩ ma aa piile gɛɛ, ʋ sɩ daga ma ʋ bɔnyɛ. Dɩ gɛɛ daa, ʋ sɩ keri ma mɛ ta."
23,"If those other branches will start having faith, they will be made a part of that tree again. God has the power to put them back.","Dɩ Gyuuma rɛ paalɩ mɩɩgɩ ko kɩ tɩŋ Wɩɩsɩ, Wɩɩsɩ sɩ bɩl kaŋ ba mal Olivi tɩya hʋ ʋ aa pɔɔ hʋ tɩyaŋ, beewɩya Wɩɩsɩ kaŋ dee ʋ aa sɩ wuwo yaa gɛɛ rɛ."
24,"After all, it wasn't natural for branches to be cut from a wild olive tree and to be made part of a cultivated olive tree. So it is much more likely that God will join the natural branches back to the cultivated olive tree. The People of Israel Will Be Brought Back","Ma nala hʋ aa bɩ yaa tɩya hʋ Wɩɩsɩ aa pɔɔ naasɩ aŋ yaa ɔhɔ Olivi tɩya hʋ naasɩ, Wɩɩsɩ kaŋ ma rɛ ko kyosi tɩya hʋ ʋ aa pɔɔ tɩyaŋ, abee ba aa bee yaa gɛɛ buloŋ. Ɛɛwɩya, ʋ bɩ sɩ yaa wɩduwo tɩya Wɩɩsɩ dɩ ʋ bɩl mɩɩgɩ paa naasɩ hʋ ʋ aa kere ta, a ko mal ba lee. Wɩɩsɩ sɩ laa Iziral tɩmma buloŋ mɛ ta"
25,"My friends, I don't want you Gentiles to be too proud of yourselves. So I will explain the mystery of what has happened to the people of Israel. Some of them have become stubborn, and they will stay like that until the complete number of you Gentiles has come in.","Ŋ naabalɩya, wɩɩ kɩdɩgɩ rɛ we doŋ a yaa wɩfaŋɩɩ, ŋ kɩ kyɛ dɩ ma gyɩma ʋ. Wɩɩ no sɩ leŋ dɩ ma ta kɩ daga ma tɩɩ. Wɩɩ hʋ rɛ nyɛ: Iziral tɩmma aa vɩya Wɩɩsɩ laadii gɛɛ, ba bɩ sɩ kaŋ gɛɛ kɩ mʋ deŋdeŋ. Amɛ dɩ saŋa hʋ rɛ ko pele, dɩ Wɩɩsɩ aa yɩrɩ nala hʋ aa bɩ yaa Gyuuma ko pele ba nyʋwa a laa Wɩɩsɩ wɩya di, Iziral tɩmma mɛ bɩl bɩ sɩ vɩya Wɩɩsɩ laadii."
26,"In this way all of Israel will be saved, as the Scriptures say, “From Zion someone will come to rescue us. Then Jacob's descendants will stop being evil.","Nyɛ tɩyaŋ nɛ Wɩɩsɩ sɩ tɩŋa a laa Iziral tɩmma buloŋ ta. Ba sabɩ gɛɛ Wɩɩsɩ teŋ tɩyaŋ nɛ a baa, “Laataal hʋ sɩ lɩɩ Zaayɔŋ. A lɩɩ Iziral tɩmma ba wɩbɔmɔ buloŋ tɩyaŋ.”"
27,This is what the Lord has promised to do when he forgives their sins.”,Haŋ saŋa hʋ rɛ ŋ sɩ laa ba ta ba wɩbɔmɔ buloŋ tɩyaŋ a daga anɩɩ nyʋwa hʋ ŋ aa wee tɩya ba suwo rɛ.
28,"The people of Israel are treated as God's enemies, so the good news can come to you Gentiles. But they are still the chosen ones, and God loves them because of their famous ancestors.","Iziral tɩmma aa vɩya Wɩɩsɩ wɩweliye hʋ wɩya, ba bɩrɩmɩ Wɩɩsɩ dɔmɔ rɛ ma nala hʋ aa bɩ yaa Gyuuma wɩya. Amɛ ʋ aa lɩɩ ba wɩya ba yaa ʋ nikyooliye rɛ ba naabaala nyubaanɩŋ,"
29,God doesn't take back the gifts he has given or disown the people he has chosen.,"beewɩya dɩ Wɩɩsɩ rɛ lɩɩ ɩ koo dɩ ʋ rɛ kpaa kɩŋ tɩya ɩ abee bɔnyɛ, ʋ bɩl bee bɩla hal."
30,"At one time you Gentiles rejected God. But now Israel has rejected God, and you have been shown mercy.","Amɛ, mamaa nala hʋ aa bɩ yaa Gyuuma, ma fa vɩya Wɩɩsɩ nyʋwa rɛ, amɛ lagɩlagɩ no Wɩɩsɩ fáá ma sikii rɛ, akuu Iziral tɩmma aa vɩya ʋ nyʋwa wɩya."
31,"And because of the mercy shown to you, they will also be shown mercy.","Ɛɛ tɩɩ rɛ Iziral tɩmma mɛ aa bee tɩŋ Wɩɩsɩ nyʋwa lagɩlagɩ no, Wɩɩsɩ sɩ maakyiye fá ba sikii mɛ, anɩɩ ʋ aa fáá ma sikii gɛɛ."
32,"All people have disobeyed God, and that's why he treats them as prisoners. But he does this, so that he can have mercy on all of them.",Beewɩya Wɩɩsɩ leŋ dʋnɩya nala buloŋ hakɩllɩ tɔ rɛ ba vɩya ʋ nyʋwa dɩ gɛɛ wuwo leŋ dɩ ʋ fá ba buloŋ sikii.
33,Who can measure the wealth and wisdom and knowledge of God? Who can understand his decisions or explain what he does?,Ma yaŋ bɩ naa! Wɩɩsɩ bɔnyɛ abee ʋ wɩgyʋŋ abee ʋ gyɩmaa bɩ kaŋ magɩsɩɩ. Kɩbee rɛ sɩ wuwo gyɩŋ Wɩɩsɩ hakɩla wɩɩ? Kɩbee rɛ sɩ wuwo gyɩŋ Wɩɩsɩ wɩyaalɩya memii?
34,“Has anyone known the thoughts of the Lord or given him advice?,Kɩbee rɛ sɩ wuwo gyɩŋ Wɩɩsɩ tɩbɩɩna? Kɩbee rɛ sɩ wuwo basɩ wɩya kyagɩlɩ Wɩɩsɩ?
35,Has anyone loaned something to the Lord that must be repaid?”,"Kɩbee rɛ ha maakyiye kpa kɩŋ kyɩma Wɩɩsɩ, aŋ kɩ gyegili dɩ ʋ mɩɩgɩ tuŋ tɩya ʋ?"
36,Everything comes from the Lord. All things were made because of him and will return to him. Praise the Lord forever! Amen.,Beewɩya Wɩɩsɩ rɛ marɩ kɩŋ buloŋ. Ʋ dee tɩyaŋ nɛ kɩŋ buloŋ we doŋ. Ʋ rɛ tɩŋ kɩŋ buloŋ. Ʋ rɛ maga dɩ á kɩ bigisi ʋ deŋdeŋ. Amɩ.
1,"Dear friends, God is good. So I beg you to offer your bodies to him as a living sacrifice, pure and pleasing. That's the most sensible way to serve God.","Ɛɛwɩya, ŋ naabalɩya, Wɩɩsɩ aa fáá á sikii yʋga wɩya, ŋ aa sʋla ma dɩ ma kpa ma tɩɩma lɩɩ wɩɩsʋl-welii tɩya Wɩɩsɩ ma mɩɩbol tɩyaŋ, aŋ kɩ tɩŋa ʋ, a kɩ yaa ʋ teŋfɩyɛl wɩya. Wɩɩkyʋwal ŋmanɩɩ tɩɩ hʋ aa maga dɩ ma kɩ tɩŋa rɛ gɛɛ."
2,"Don't be like the people of this world, but let God change the way you think. Then you will know how to do everything that is good and pleasing to him.","Ma ta bɩl kɩ yaa dʋnɩya nala wɩyaalɩya. Amɛ ma leŋ dɩ Wɩɩsɩ kaŋ ma hakɩllɩ abee ma tɩbɩɩna buloŋ kɩ bɩrɩmɩ dɩ ma yaa nɩfalɩya. Ɛɛ rɛ ma sɩ wuwo gyɩŋ wɩɩ hʋ aa yaa Wɩɩsɩ kyɛrɩ tɩɩ, a degini, a weliye mʋ teŋ, a kɩ fɩyɛlɩ Wɩɩsɩ teŋ mɛ."
3,"I realize God has treated me with undeserved grace, and so I tell each of you not to think you are better than you really are. Use good sense and measure yourself by the amount of faith that God has given you.","Akuu Wɩɩsɩ aa yaa ŋ bɔnyɛ a kpa ʋ kyɔgɩta tɩya ŋ wɩya, ŋ aa sʋla ma kɩdɩgɩ buloŋ dɩ ʋ ta kpaa ʋ tɩɩ anɩɩ ʋ tee gɛɛ ʋ aa maga rɛ. Amɛ ma leŋ dɩ ma sɩya fɩyɛlɩ, ka dɩ nal buloŋ kpa laadii hʋ maga gɛɛ Wɩɩsɩ aa kpaa tɩya ʋ, a sʋnnɩ ʋ tɩɩ a gyɩŋ nal ʋ aa yaa."
4,"A body is made up of many parts, and each of them has its own use.","Nihuwobiŋ teŋbii yaa kɩdɩgɩ rɛ, aŋ kaŋ lɩgyamaa, ka ʋ lee buloŋ mɛ kaŋ ʋ tʋma."
5,"That's how it is with us. There are many of us, but we each are part of the body of Christ, as well as part of one another.","Ɛɛ tɩɩ rɛ á mɛ kɩɩ. Á yaa nɩgyamaa rɛ, amɛ Krisita tɩyaŋ, á buloŋ yaa kɩdɩgɩ rɛ anɩɩ nihuwobiŋ teŋbii. Á yaa nɩ-iriŋ iriŋma rɛ, a mal dɔmɔŋ a yaa teŋbidɩgɩ."
7,"If we can serve others, we should serve. If we can teach, we should teach.","Dɩ ʋ rɛ leŋ ɩ wuwo kɩ kyiyeli nala, kɩ kyiyeli ba. Dɩ ʋ rɛ leŋ ɩ wuwo kɩ daga nala, kɩ daga ba."
8,"If we can encourage others, we should encourage them. If we can give, we should be generous. If we are leaders, we should do our best. If we are good to others, we should do it cheerfully. Rules for Christian Living","Dɩ ʋ rɛ leŋ ɩ wuwo basɩ wɩya kɩ fɩyɛlɩ nala bembiye, kɩ yaa gɛɛ. Dɩ ʋ rɛ leŋ ɩ kaŋ bɔnyɛ a kɩ pɛ nala tɩyaŋ, kɩ pɛ ba tɩyaŋ abee ɩ tɩya buloŋ. Dɩ ʋ rɛ leŋ ɩ yaa sɩlaal, ʋ maga dɩ ɩ kaŋ sɩfɩyaŋ nɛ. Dɩ ʋ rɛ leŋ ɩ kaŋ bɔnyɛ abee nala, kɩ daga ba bɔnyɛ teŋfɩyɛlʋʋ tɩyaŋ. Ma kyo dɔmɔŋ"
9,Be sincere in your love for others. Hate everything that is evil and hold tight to everything that is good.,"Ma kyo dɔmɔŋ abee wɩtɩɩ. Ma haasɩ wɩbɔmɔ, aŋ kpa ma tɩɩ we wɩweliye yayɩ tɩyaŋ."
10,Love each other as brothers and sisters and honor others more than you do yourself.,"Ma kyo dɔmɔŋ anɩɩ nɩmmabalɩya aa maga dɩ ba kyo dɔmɔŋ gɛɛ, akuu ma aa yaa Krisitabiisi wɩya, aŋ kɩ tɩya ma dɔŋtɩŋsɩ gyɩrɩma a te ma tɩɩma."
11,Never give up. Eagerly follow the Holy Spirit and serve the Lord.,"Ma ta kaŋ teŋwɩɩ, amɛ Wiyesi Welii hʋ dee tɩyaŋ, ma kɩ tɩŋ Wɩɩsɩ abee ma hakɩllɩ buloŋ."
12,Let your hope make you glad. Be patient in time of trouble and never stop praying.,"Ma leŋ dɩ bayɩyɛla hʋ ma aa kana leŋ dɩ ma tenni fɩyɛlɩ. Dɩ mamaa rɛ ko kɩ na tʋwara, ma kaŋ kenyiri aŋ kɩ kyʋwalɩ Wɩɩsɩ saŋa buloŋ."
13,Take care of God's needy people and welcome strangers into your home.,Ma kɩ pɛ ma nɩmmabalɩya hʋ aa laa Wɩɩsɩ di tɩyaŋ abee ba kɩkyɛɛlɩya aŋ kɩ kaŋ nɩhʋwala mɛ weliŋ.
14,Ask God to bless everyone who mistreats you. Ask him to bless them and not to curse them.,"Ma sʋla Wɩɩsɩ dɩ ʋ kyiyeli nala hʋ aa dɔgɩsɩ ma, aŋ ta kaabɩ kɩ tɩya ba."
15,"When others are happy, be happy with them, and when they are sad, be sad.","Dɩ nala tenni rɛ fɩyɛla, ma leŋ dɩ ʋ yaa ma mɛ teŋfɩyɛlʋʋ. Dɩ nala tɩsɩ rɛ kyogo, ma leŋ dɩ ʋ yaa ma mɛ tɩkyogi."
17,"Don't mistreat someone who has mistreated you. But try to earn the respect of others,","Dɩ nal lɛ kpaa wɩbɔŋ yaa ma, ma kɛ ta kpaa wɩbɔŋ yaa ʋ tuŋ. Amɛ ma kɩ yaa wɩya hʋ nal buloŋ aa naa dɩ ba yaa wɩweliye."
18,and do your best to live at peace with everyone.,"Dɩ ba aa rɛ kaa maga ɩ dʋŋ, leŋ dɩ ɩ bee nal buloŋ sʋma."
19,"Dear friends, don't try to get even. Let God take revenge. In the Scriptures the Lord says, “I am the one to take revenge and pay them back.”","Ŋ kyaŋsɩ, dɩ nal lɛ kpa wɩbɔŋ yaa ma, ma ta kɩ lʋga dɩ ma yaa tuŋ. Ma leŋ tɩya Wɩɩsɩ. Beewɩya ba saba rɛ Wɩɩsɩ teŋ tɩyaŋ a baa dɩ á Tɩɩna Wɩɩsɩ baa, “Mɩyaŋ nɛ aa tuŋ wɩbɔŋ kyɩŋ.” Ɛɛwɩya, “Dɩ nal lɛ yaa wɩbɔŋ, mɩyaŋ nɛ sɩ tuŋ tɩɩna.”"
20,"The Scriptures also say, “If your enemies are hungry, give them something to eat. And if they are thirsty, give them something to drink. This will be the same as piling burning coals on their heads.”","“Amɛ dɩ losi rɛ kana ɩ dɔŋ, yaa kɩdiiliye tɩya ʋ. Dɩ nɩɩnyʋwasɩ mɛ rɛ kana ʋ, yaa nɩɩ tɩya ʋ dɩ ʋ nyʋwa. Dɩ ɩ rɛ yaa gɛɛ, hɩɩsɩ sɩ kana ʋ kɩŋkaŋ.”"
21,"Don't let evil defeat you, but defeat evil with good.",Ma ta leŋ dɩ wɩbɔmɔ wuwo ma. Amɛ ma kpa wɩweliye a wuwo wɩbɔmɔ.
1,"Obey the rulers who have authority over you. Only God can give authority to anyone, and he puts these rulers in their places of power.","Nal buloŋ maga dɩ ʋ kɩ tɩŋ nala hʋ aa deŋ ʋ paalʋʋ nyʋwa rɛ. Beewɩya, nal buloŋ bɩ wuwo kɩ deŋ lee dɩ Wɩɩsɩ daa lɩɩ ʋ tɩɩna a tɩya ʋ gɛɛ dee. Ma sɩlaala hʋ aa we doŋ gyɩnaŋ, Wɩɩsɩ rɛ lɩɩ ba."
3,"Rulers are a threat to evil people, not to good people. There is no need to be afraid of the authorities. Just do right, and they will praise you for it.","Nala hʋ aa yaa wɩya hʋ aa kpaa ŋmanɩɩ bee fá ba paalʋʋ sɩlaala kambɩŋ, see nala hʋ aa yaa wɩbɔmɔ. Dɩ ɩ rɛ bee kyɛ dɩ ɩ kɩ fá ɩ paalʋʋ sɩlaala kambɩŋ, ɛɛ kɛ kɩ yaa wɩya hʋ aa kpaa ŋmanɩɩ, ɛɛ rɛ ba sɩ bigisi ɩ."
4,"After all, they are God's servants, and it is their duty to help you. If you do something wrong, you ought to be afraid, because these rulers have the right to punish you. They are God's servants who punish criminals to show how angry God is.","Beewɩya ba yaa Wɩɩsɩ tʋŋtʋnna rɛ, a kɩ tʋma ma marɩsɩ wɩya. Amɛ dɩ mamaa rɛ aa yaa wɩbɔmɔ, ma sɩ kɩ fá ba kambɩŋ, beewɩya ba kɔnɩ kaŋ dee rɛ ba aa sɩ wuwo dɔgɩsɩ ma. Ba yaa Wɩɩsɩ tʋŋtʋnna rɛ, a laa Wɩɩsɩ naasɩ a kɩ dɔgɩsɩ nala hʋ aa yaa wɩbɔmɔ."
5,"But you should obey the rulers because you know it is the right thing to do, and not just because of God's anger.","Ɛɛwɩya, ma kɩ tɩŋ ma paalʋʋ sɩlaala nyʋwa. Ma ta kɩ tɩŋ ba nyʋwa akuu ba aa sɩ dɔgɩsɩ ma dʋŋ wɩya. Amɛ ma kɩ tɩŋ ba nyʋwa, beewɩya ma hakɩllɩ tɩyaŋ, ma gyɩma anɩɩ ʋ maga dɩ ma kɩ tɩŋ ba nyʋwa rɛ."
6,"You must also pay your taxes. The authorities are God's servants, and it is their duty to take care of these matters.","Wɩɩ hʋ aa tɩŋ ma kɩ tuŋ lampoo mɛ rɛ nyɛ: Paalʋʋ sɩlaala hʋ yaa Wɩɩsɩ tʋŋtʋnna rɛ, a kpa ba wɩɩ buloŋ we paalʋʋ hʋ deŋii tɩyaŋ."
9,"In the Law there are many commands, such as, “Be faithful in marriage. Do not murder. Do not steal. Do not want what belongs to others.” But all of these are summed up in the command that says, “Love others as much as you love yourself.”","Mɩrɩsɩ hʋ badɔmɔŋ nɛ nyɛ: “Ta kyɛɛ ɩ dɔŋtɩɩna haaŋ, ta kpʋʋ nal, ta gaa, ta leŋ ɩ haahii we nal kɩŋ tɩyaŋ.” Mɩrɩsɩ no abee mɩrɩ-kaalɩya hʋ buloŋ aa we doŋ, ba buloŋ ko pɛ dɔmɔŋ a yaa wɩdɩgɩ rɛ. Ʋ rɛ nyɛ: “Kyo ɩ dɔŋtɩɩna anɩɩ ɩ aa kyo ɩ tɩɩ gɛɛ.”"
10,No one who loves others will harm them. So love is all that the Law demands. The Day When Christ Returns,"Dɩ ɩ rɛ kyo ɩ dɔŋtɩɩna, ɩ bɩ sɩ laa nyʋwa yaa ʋ wɩbɔŋ buloŋ. Ɛɛwɩya, dɩ ɩ rɛ kyo ɩ dɔŋtɩɩna, ɩ aa tɩŋ mɩrɩsɩ hʋ buloŋ nɛ gɛɛ."
11,"You know what sort of times we live in, and so you should live properly. It is time to wake up. You know that the day when we will be saved is nearer now than when we first put our faith in the Lord.","Ʋ maga dɩ ma kɩ yaa wɩya no rɛ, beewɩya ma paalɩ gyɩŋ gɛɛ hʋ saŋa no tɩyaŋ á aa wee aa kɩya rɛ. Saŋa hʋ tɩyaŋ ma aa sɩ sii doo tɩyaŋ pele rɛ. Saŋa hʋ tɩyaŋ Wɩɩsɩ aa sɩ laa ma ta dʋnɩya no tɩyaŋ marɩ kpaga rɛ. Gyɩnaŋ, ʋ kpaga te saŋa hʋ tɩyaŋ á aa buŋ laa Yesu wɩya di rɛ."
12,"Night is almost over, and day will soon appear. We must stop behaving as people do in the dark and be ready to live in the light.","Sɩya kpaga gballɩɩ rɛ. Ʋ kaa mʋhʋ, ka dɩ wɩɩsɩ pɔsɔ. Ma yaŋ leŋ dɩ á leŋ bilhuu tɩyaŋ wɩyaalɩya, aŋ paa pʋlʋŋ-bayuwo kɩna laalɩ."
13,"So behave properly, as people do in the day. Don't go to wild parties or get drunk or be vulgar or indecent. Don't quarrel or be jealous.","Ma leŋ dɩ á kaŋ á tɩɩma weliŋ anɩɩ nala aa we pʋlʋŋ tɩyaŋ. Ma ta leŋ dɩ á kɩ gbɩyalɩ gbɩyalɩtɔɔnɩ, a kɩ bugo, a kɩ yaa bisiŋ wɩya, koo a kɩ yaa wɩlaama. Ma ta leŋ dɩ á kɩ kaa dɔmɔŋ. Ma ta leŋ dɩ á tɩsɩ mɛ kɩ hɔllɩ dɔmɔŋ."
14,Let the Lord Jesus Christ be as near to you as the clothes you wear. Then you won't try to satisfy your selfish desires.,"Amɛ ma leŋ dɩ á Tɩɩna Yesu Krisita laa ma wɩkanɩya buloŋ tɩŋa, ka dɩ ma kpa hal yɩya ma teŋbii wɩkyɛɛlɩya buloŋ."
1,"Welcome all the Lord's followers, even those whose faith is weak. Don't criticize them for having beliefs that are different from yours.","Nala hʋ aa laa Yesu wɩya di aŋ ha bɩ gyige ba laadii tɩyaŋ, ma kaŋ ba weliŋ. Amɛ ma ta leŋ dɩ wɩɩ hʋ ma hakɩllɩ aa kana kaŋ ma we nyʋʋtaaduwo-tɔɔnɩ tɩyaŋ."
4,"What right do you have to criticize someone else's servants? Only their Lord can decide if they are doing right, and the Lord will make sure that they do right.","Kɩbee rɛ yaa ɩ, ɩ aa sɩ kpa kyogisi tɩya nal kɩdɩgɩ tʋŋtʋnnɩ? Tʋŋtʋnnɩ hʋ nɩhɩyawʋ dʋŋ nɛ sɩ wuwo gyɩma anɩɩ ʋ tʋŋtʋnnɩ hʋ aa yaa weliŋ nɛ koo ʋ bee yaa weliŋ. Ʋ mɛ yaŋ aa wuwo ʋ kɩ yaa weliŋ nɛ beewɩya á Tɩɩna Wɩɩsɩ kaŋ gɛɛ dee rɛ."
5,Some of the Lord's followers think one day is more important than another. Others think all days are the same. But each of you should make up your own mind.,"Nal kɩdɩgɩ we doŋ a kɩ lugisi kyɛyɛ, ka nal kɩdɩgɩ mɛ we doŋ a na anɩɩ kyɛɛ buloŋ yaa kyɛwelii rɛ. Wɩɩ hʋ nal kɩdɩgɩ buloŋ hakɩla aa daga ʋ, ʋ sɩŋ ʋ tɩyaŋ weliŋ."
7,"Whether we live or die, it must be for God, rather than for ourselves.","Á kɩdɩgɩ buloŋ bɩ tɩŋa ʋ tɩɩ ʋ mɩɩbol tɩyaŋ, koo ʋ sʋʋ tɩyaŋ."
9,"This is because Christ died and rose to life, so that he would be the Lord of the dead and of the living.","Nyɛ rɛ tɩŋ Krisita sʋba aŋ bɩl sii sʋʋ tɩyaŋ, dɩ ʋ yaa niweye abee sʋʋnɩ buloŋ tɩɩna."
10,Why do you criticize other followers of the Lord? Why do you look down on them? The day is coming when God will judge all of us.,"Ɛɛwɩya ma ta kɩ dii dɔmɔŋ sarɩya, a ta kɩ kʋwasɩ dɔmɔŋ mɛ beewɩya á buloŋ nɛ sɩ maakyiye sɩŋ Wɩɩsɩ sɩya dɩ ʋ di á sarɩya."
12,"And so, each of us must give an account to God for what we do. Don't Cause Problems for Others","Ɛɛwɩya, á kɩdɩgɩ buloŋ sɩ daga wɩya hʋ buloŋ ʋ aa yaa a tɩya Wɩɩsɩ. Ta yaa wɩɩ hʋ aa sɩ leŋ dɩ ɩ dɔŋtɩɩna yaa wɩbɔŋ"
14,"The Lord Jesus has made it clear to me that God considers all foods fit to eat. But if you think some foods are unfit to eat, then for you they are not fit.","Akuu ŋ aa yaa Krisitabiye wɩya, ŋ gyɩma anɩɩ kɩdiilii buloŋ tuwo a yaa sɩna. Amɛ dɩ nal kɩdɩgɩ buloŋ nɛ ko kpa kɩdiilii ʋ yaa sɩna, ɛɛ kɛ ʋ tɩɩna lee rɛ ʋ yaa sɩna gɛɛ."
15,"If you are hurting others by the foods you eat, you are not guided by love. Don't let your appetite destroy someone Christ died for.","Dɩ kɩna hʋ ɩ aa sɩ di rɛ sɩ leŋ dɩ ɩ dɔŋtɩɩna tɩya kyogi, ɛɛ daga nɩɩ ɩ bɩl bɩ kyo ʋ rɛ gɛɛ. Ta leŋ dɩ kɩdiiliye hʋ ɩ aa dii leŋ dɩ ɩ dɔŋtɩɩna ŋmaa naaŋ beewɩya ʋ wɩya rɛ Krisita sʋba."
16,Don't let your right to eat bring shame to Christ.,"Wɩɩ hʋ ɩ aa gyɩma anɩɩ ʋ yaa wɩwelii, ta leŋ dɩ ʋ ko bɩrɩmɩ wɩbɔŋ nala sɩya tɩyaŋ."
17,"God's kingdom isn't about eating and drinking. It is about pleasing God, about living in peace, and about true happiness. All this comes from the Holy Spirit.","Beewɩya Wɩɩsɩkoro hʋ wɩya bɩ yaa kɩdiiliye abee kɩnyʋwalɩya dʋŋ wɩya. Wɩɩ hʋ aa yaa sɩfɩyaŋ wɩɩ Wɩɩsɩkoro hʋ tɩyaŋ nɛ yaa dɩ á kaŋ tɩpʋlʋŋ, abee fɩyɛlʋʋ abee teŋfɩyɛlʋʋ hʋ Wɩɩsɩ Wiyesi Welii hʋ aa tɩya."
18,"If you serve Christ in this way, you will please God and be respected by people.","Dɩ nala rɛ kaŋ nyɛ a kɩ tɩŋ Krisita, Wɩɩsɩ teŋ sɩ fɩyɛlɩ ba tɩyaŋ, ka dɩ nala mɛ kɩ tɩya ba gyɩrɩma."
20,"Don't let your appetite destroy what God has done. All foods are fit to eat, but it is wrong to cause problems for others by what you eat.","Ma ta leŋ dɩ kɩdiiliye wɩya leŋ dɩ ma kyogi wɩya hʋ Wɩɩsɩ aa yaa. Kɩdiilii buloŋ weliye rɛ, ʋ bɩ kaŋ sɩna. Amɛ dɩ kɩdiilii ɩ aa sɩ di rɛ sɩ leŋ dɩ ɩ dɔŋtɩɩna yaa wɩbɔŋ, ʋ bɩ maga dɩ ɩ di ʋ."
21,It is best not to eat meat or drink wine or do anything else that causes problems for other followers of the Lord.,"Ɩ aa vɩya namɩya kyaŋɩɩ koo sɩŋ nyʋwayɩ koo wɩɩ kɛ buloŋ aa sɩ leŋ dɩ ɩ dɔŋtɩɩna ŋmaa naaŋ Wɩɩsɩ ŋmanɩɩ tɩyaŋ, ʋ rɛ kpɩya."
23,"But if you do have doubts about what you eat, you are going against your beliefs. And you know that is wrong, because anything you do against your beliefs is sin.","Amɛ dɩ nal lɛ aa di kɩna aŋ kɩ yaa sige, Wɩɩsɩ sɩ kpa kyogisi tɩya ʋ, beewɩya ʋ aa yaa sige hʋ daga anɩɩ ʋ bɩ laa Wɩɩsɩ di wɩɩ hʋ ʋ aa yaa tɩyaŋ. Dɩ ɩ rɛ aa yaa wɩɩ buloŋ aŋ bɩ laa di anɩɩ ʋ maga dɩ ɩ yaa ʋ, ʋ yaa wɩbɔŋ nɛ."
1,"If our faith is strong, we should be patient with the Lord's followers whose faith is weak. We should try to please them instead of ourselves.","Á nala hʋ Wɩɩsɩ laadii aa deye, ʋ maga dɩ á kɩ pɛ nala hʋ laadii ha aa bɩ deye tɩyaŋ nɛ, dɩ ba mɛ marɩ sɩŋ weliŋ. Ʋ bɩ maga dɩ á kyɩla á tɩɩma dʋŋ wɩya á wɩyaalɩya tɩyaŋ."
2,We should think of their good and try to help them by doing what pleases them.,"Ma leŋ dɩ á kyɩla á dɔŋtɩŋsɩ wɩya, a kɩ yaa wɩya hʋ aa sɩ leŋ dɩ ba tenni fɩyɛlɩ, aŋ pɛ ba tɩyaŋ dɩ ba laadii marɩ deye Krisita tɩyaŋ."
5,"God is the one who makes us patient and cheerful. I pray that he will help you live at peace with each other, as you follow Christ.","Ma aa tɩŋ Yesu Krisita nyɛ, ŋ wɩɩsʋlɩɩ rɛ yaa dɩ Wɩɩsɩ hʋ aa tɩya nala kenyiri, a kɩ fɩyɛlɩ nala bembiye mɛ kyiyeli ma dɩ ma kaŋ nyʋʋdɩgɩ,"
6,"Then all of you together will praise God, the Father of our Lord Jesus Christ. The Good News Is for Jews and Gentiles","dɩ ma buloŋ wuwo kpa nyʋʋdɩgɩ abee hakɩldɩgɩ a dannɩ Wɩɩsɩ, ʋ rɛ yaa á Tɩɩna Yesu Krisita Kuwo abee ʋ Wɩɩsɩ."
7,"Honor God by accepting each other, as Christ has accepted you.","Ɛɛwɩya, ma kaŋ dɔmɔŋ weliŋ, anɩɩ Krisita mɛ aa kaŋ ma weliŋ gɛɛ, dɩ Wɩɩsɩ feŋ yɩrɩ."
8,"I tell you that Christ came as a servant of the Jews to show that God has kept the promises he made to their famous ancestors. Christ also came,","Ŋ basɩ kɩ tɩya ma rɛ anɩɩ tʋma hʋ Krisita aa ko tʋma ʋ mɩɩbol tɩyaŋ, Gyuuma rɛ ʋ tʋma tɩya, dɩ ʋ daga gɛɛ Wɩɩsɩ aa kaŋ wɩtɩɩ a yaa wɩya hʋ buloŋ ʋ aa wee nyʋwa tɩya ba naabaala anɩɩ ʋ kɔnɩ sɩ yaa,"
9,"so that the Gentiles would praise God for being kind to them. It is just as the Scriptures say, “I will tell the nations about you, and I will sing praises to your name.”","aŋ wuwo leŋ dɩ nala hʋ aa bɩ yaa Gyuuma mɛ dannɩ Wɩɩsɩ akuu ʋ aa fá ba sikii wɩya. Ba sabɩ nyɛ rɛ Wɩɩsɩ teŋ tɩyaŋ a baa, “Wɩɩ no wɩya ŋ sɩ dannɩ ɩ, nala hʋ aa bɩ yaa Gyuuma tɩyaŋ. Ŋ sɩ yɩɩ yɩɩla mɛ a dannɩ ɩ feŋ.”"
10,"The Scriptures also say to the Gentiles, “Come and celebrate with God's people.”","Ba bɩl saba nyɛ rɛ a baa: “Ma nala hʋ aa bɩ yaa Gyuuma, abee nala hʋ buloŋ Wɩɩsɩ aa lɩya, ma kɩ gyʋwɔsɩ.”"
11,"Again the Scriptures say, “Praise the Lord, all you Gentiles. All you nations, come and worship him.”","Ba bɩl basɩ nyɛ rɛ: “Ma nala hʋ aa bɩ yaa Gyuuma buloŋ, ma dannɩ ma Tɩɩna Wɩɩsɩ, nal nal buloŋ yɩɩ yɩɩla a dannɩ Wɩɩsɩ”."
12,"Isaiah says, “Someone from David's family will come to power. He will rule the nations, and they will put their hope in him.”",Nyɛ rɛ Wɩɩsɩ tɩŋdaal Azaaya mɛ bɩl basɩ: “Gyeesi doho nal kɩdɩgɩ sɩ ko. Ʋ rɛ sɩ sii a kɩ deŋ nala hʋ aa bɩ yaa Gyuuma nyuu. Ba sɩ kpa ba bayɩyɛla buloŋ we ʋ tɩyaŋ.”
13,"I pray that God, who gives hope, will bless you with complete happiness and peace because of your faith. And may the power of the Holy Spirit fill you with hope. Paul's Work as a Missionary","Wɩɩsɩ hʋ aa leŋ á kaŋ bayɩyɛla, ʋ rɛ sɩ leŋ dɩ ma tenni fɩyɛlɩ, a leŋ dɩ ma hɔŋ abee laaŋfɩya, akuu ma aa laa ʋ di wɩya, dɩ gɛɛ leŋ dɩ ma bayɩyɛla hʋ marɩ yʋga kɩ pɛ ʋ Wiyesi Welii hʋ dee tɩyaŋ. Wɩɩ hʋ aa tɩŋ Pɔɔl kɩ basɩ wɩya abee nyuduwo"
14,"My friends, I am sure that you are very good and that you have all the knowledge you need to teach each other.","Ŋ naabalɩya Krisitabiisi, ŋ paalɩ laa di rɛ anɩɩ ma yaa niweliye rɛ weliŋ, a gyɩŋ wɩya mɛ weliŋ, a wuwo kɩ daga dɔmɔŋ mɛ."
15,But I have spoken to you plainly and have tried to remind you of some things. God treated me with undeserved grace!,"Amɛ teŋ no tɩyaŋ, ŋ bɩ fáá ma sii abee wɩya badɔmɔŋ ŋ aa liisi ma. Ŋ bɩ fáá ma sii wɩya no basɩɩ tɩyaŋ, beewɩya Wɩɩsɩ rɛ lɩɩ ŋ ʋ bɔnyɛ tɩyaŋ,"
16,"He chose me to be a servant of Christ Jesus for the Gentiles and to do the work of a priest in the service of his good news. God did this so that the Holy Spirit could make the Gentiles into a holy offering, pleasing to him.","dɩ ŋ yaa Yesu Krisita tʋŋtʋnnɩ nala hʋ aa bɩ yaa Gyuuma tɩyaŋ. Ŋ aa tʋŋ ŋ tʋma ma nala hʋ aa bɩ yaa Gyuuma tɩyaŋ anɩɩ wɩɩkyʋwal sɩlaal lɛ, a basɩ Wɩɩsɩ wɩweliye hʋ kɩ tɩya ma. Ŋ aa yaa gɛɛ rɛ dɩ ma nala hʋ aa bɩ yaa Gyuuma kɩɩ gɛɛ anɩɩ wɩɩsʋllɩ-kɩna Wɩɩsɩ Wiyesi Welii hʋ aa leŋ ba weliye, ŋ kpa sʋla Wɩɩsɩ, ʋ teŋ fɩyɛlɩ ba tɩyaŋ."
17,"Because of Christ Jesus, I can take pride in my service for God.","Ɛɛwɩya, ŋ aa wuwo ŋ kɩ genni akuu tʋma hʋ Yesu Krisita aa leŋ ŋ tʋŋ kɩ tɩya Wɩɩsɩ wɩya rɛ."
18,"In fact, all I will talk about is how Christ let me speak and work, so that the Gentiles would obey him.","Ŋ bɩ sɩ basɩ wɩɩ kɩdɩgɩ buloŋ wɩya, see wɩya hʋ Krisita aa leŋ ŋ wuwo yaa, a leŋ nala hʋ aa bɩ yaa Gyuuma ko tɩŋ Wɩɩsɩ nyʋwa. Wɩya hʋ ŋ aa basa abee wɩya hʋ ŋ aa yaa,"
19,"Indeed, I will tell how Christ worked miracles and wonders by the power of the Holy Spirit. I have preached the good news about him all the way from Jerusalem to Illyricum.","wɩkperiye hʋ abee wɩmagɩla hʋ ŋ aa yaa Wɩɩsɩ Wiyesi Welii hʋ dee tɩyaŋ, ba aa rɛ kyiyeli nala hʋ aa bɩ yaa Gyuuma, ba ko tɩŋ Wɩɩsɩ nyʋwa. Ŋ basɩ Krisita wɩweliye hʋ buloŋ nɛ, a piili Gyerusalɛm tɩyaŋ a gɔllɩ gɛɛ a mʋ pele Iliirikum paalʋʋ."
20,But I have always tried to preach where people have never heard about Christ. I am like a builder who doesn't build on someone else's foundation.,"Saŋa buloŋ, ŋ lʋgʋ buloŋ nɛ yaa dɩ ŋ mʋ leye ba ha aa bɩ basɩ Krisita wɩweliye hʋ, a basɩ Wɩɩsɩ wɩya doŋma. Beewɩya, ŋ bee kyɛ dɩ ŋ mʋ basɩ Wɩɩsɩ wɩya lee hʋ nala aa laa sɩya mʋ a basɩ Wɩɩsɩ wɩya."
21,"It is just as the Scriptures say, “All who haven't been told about him will see him, and those who haven't heard about him will understand.” Paul's Plan To Visit Rome","Ba sabɩ wɩɩ no Wɩɩsɩ teŋ tɩyaŋ nɛ a baa, “Nala hʋ ba ha aa bɩ basɩ ʋ wɩya tɩya, ba sɩ na ʋ, ka nala hʋ mɛ ha aa bɩ maakyiye nɩɩ ʋ wɩya, ba sɩ nɩɩ ʋ wɩya, a gyɩŋ ba memii mɛ.” Pɔɔl aa yaa siri dɩ ʋ mʋ Roma"
23,"Now there is nothing left for me to do in this part of the world, and for years I have wanted to visit you.","Amɛ lagɩlagɩ no, ŋ tʋma aa tene leye no tɩyaŋ nyɛ, ka ŋ mɛ fa paalɩ kɩ kyɛ dɩ ŋ ko na ma taŋbolii buloŋ wɩya, ŋ sɩ ko na ma,"
24,"So I plan to stop off on my way to Spain. Then after a short, but refreshing, visit with you, I hope you will quickly send me on.","aŋ parɩ mʋ Sipeeŋ paalʋʋ. Dɩ mɩyaŋ nɛ ko hɔŋ ma lee kyɛyɛ baŋmana a kpʋ yʋwaŋ, ŋ aa kyɛ dɩ ma kyiyeli ŋ nɛ dɩ ŋ wuwo pele doŋ."
26,I am now on my way to Jerusalem to deliver the money that the Lord's followers in Macedonia and Achaia collected for God's needy people.,"Beewɩya Krisitabiisi hʋ aa we Masidooniya abee Akaaya paalʋʋ tɩyaŋ, ba kɩyɛsa molbiye rɛ ba kyɛrɩ abee ba teŋfɩyɛlʋʋ tɩyaŋ, dɩ ba kpa kyiyeli nyaaba hʋ aa we Wɩɩsɩ nala tɩyaŋ Gyerusalɛm tɩyaŋ."
27,"This is something they really wanted to do. But sharing their money with the Jews was also like paying back a debt, because the Jews had already shared their spiritual blessings with the Gentiles.","Ba tɩɩ kyɛrɩ tɩyaŋ nɛ ba yaa gɛɛ. Amɛ ʋ yaa fɩlɩɩ rɛ dɩ ba pɛ ba tɩyaŋ, beewɩya wɩweliye hʋ buloŋ Gyuuma aa naa a lɩɩ Wɩɩsɩ lee, ba leŋ nala hʋ aa bɩ yaa Gyuuma mɛ na ba rɛ. Ɛɛwɩya, ʋ yaa fɩlɩɩ rɛ dɩ ba mɛ kpa dʋnɩya kɩna hʋ ba aa kana badɔmɔŋ a kyiyeli ba."
29,"And when I do arrive in Rome, I know it will be with the full blessings of Christ.","Ŋ gyɩma anɩɩ dɩ mɩyaŋ nɛ ko ko, ma sɩ na kyiyelii hʋ buloŋ aa lɩɩ Krisita lee."
30,"My friends, by the power of the Lord Jesus Christ and by the love that comes from the Holy Spirit, I beg you to pray sincerely with me and for me.","Ŋ naabalɩya, á Tɩɩna Yesu Krisita feŋ tɩyaŋ, abee kyori hʋ Wiyesi Welii hʋ aa leŋ á kana wɩya, ŋ aa sʋl ma rɛ dɩ ma sɩŋ gbala ŋ weliŋ a pɛ kyʋwalɩ Wɩɩsɩ kɩ tɩya ŋ sɩfɩyasɩ,"
31,"Pray that God will protect me from the unbelievers in Judea, and that his people in Jerusalem will be pleased with what I am doing.",dɩ Wɩɩsɩ lɩɩ ŋ nala hʋ aa bɩ laa Yesu wɩya di Gyudɩya paalʋʋ nosi tɩyaŋ. Ma bɩl sʋla Wɩɩsɩ dɩ ʋ leŋ dɩ ʋ nala hʋ aa we Gyerusalɛm tɩyaŋ tenni mɛ fɩyɛlɩ abee wɩɩ hʋ ŋ aa mʋ dɩ ŋ yaa tɩya ba tɩyaŋ.
32,Ask God to let me come to you and have a pleasant and refreshing visit.,"Ka dɩ Wɩɩsɩ rɛ ko laa nyʋwa, ŋ sɩ ko ma lee abee teŋfɩyɛlʋʋ, dɩ gɛɛ leŋ á buloŋ tenni bɩl polli."
33,"I pray that God, who gives peace, will be with all of you. Amen.",Wɩɩsɩ hʋ aa tɩya nihuwobiŋ buloŋ fɩyɛlʋʋ sɩ we ma buloŋ lee. Amɩ.
1,"I have good things to say about Phoebe, who is a leader in the church at Cenchreae.",Ŋ aa kyɛ dɩ ma gyɩma anɩɩ á nɩɩnatoluu Foobe aa yaa sɩlaal Krisitabiisi hʋ aa we Keŋkiriya tɩyaŋ yaa nɩtɩɩ rɛ.
2,"Welcome her in a way that is proper for someone who has faith in the Lord and is one of God's own people. Help her in any way you can. After all, she has proved to be a respected leader for many others, including me.","Ɛɛwɩya dɩ ʋ rɛ ko ko ma lee ma kana ʋ weliŋ á Tɩɩna Yesu feŋ tɩyaŋ, anɩɩ ʋ aa maga dɩ Wɩɩsɩ nala kaŋ dɔmɔŋ gɛɛ, a pɛ ʋ tɩyaŋ abee kɩŋ buloŋ ʋ aa kyɛ ma lee. Beewɩya ʋ kyiyeli nɩgyamaa rɛ yʋga, a kyiyeli ŋ mɛ weliŋ."
3,"Give my greetings to Priscilla and Aquila. They have not only served Christ Jesus together with me,",Ma kyʋwalɩ Pirisila abee Akula mɛ tɩya ŋ. Ŋ beel-ba yaa tʋŋtʋnnɩ-dɔsɩ rɛ Yesu Krisita tʋma no tɩyaŋ.
4,but they have even risked their lives for me. I am grateful for them and so are all the Gentile churches.,"Ba kpaa ba mɩɩbolo yɔbɔ sʋʋ rɛ ŋ wɩya. Ɛɛwɩya, ŋ dʋŋ daa aa kyʋwalɩ ba amɛ ŋ bee Krisitabiisi hʋ aa bɩ yaa Gyuuma buloŋ nɛ aa kyʋwalɩ ba aŋgyʋwasʋ."
5,"Greet the church that meets in their home. Greet my dear friend Epaenetus, who was the first person in Asia to have faith in Christ.",Ŋ aa kyʋwalɩ Krisitabiisi hʋ buloŋ aa laŋŋɩ ba dɩya tɩyaŋ mɛ. Ma kyʋwalɩ ŋ kyaŋkyoolii Ɛpanitusi mɛ tɩya ŋ. Ʋ rɛ laa sɩya laa Krisita wɩya di Esɩya paalʋʋ buloŋ tɩyaŋ.
6,"Greet Mary, who has worked so hard for you.",Ma kyʋwalɩ Mɛɛrɩ mɛ tɩya ŋ. Ʋ tʋŋ tʋma rɛ weliŋ a tɩya ma.
7,"Greet my relatives Andronicus and Junia, who were in jail with me. They are highly respected by the apostles and were followers of Christ before I was.",Ma kyʋwalɩ Aŋduronika abee Gyuniya mɛ tɩya ŋ. Ba aa rɛ yaa ŋ dɔŋtɩŋsɩ Gyuuma ba aa kaŋ ŋ beel-ba tɔ dɩya tɩyaŋ. Yesu Krisita kpambɩsɩ hʋ gyɩŋ ba rɛ weliŋ. Ba aa rɛ laa sɩya laa Krisita wɩya di ŋ tɩyaŋ.
8,"Greet Ampliatus, my dear friend whose faith is in the Lord.",Ma kyʋwalɩ Ampiliyatusi mɛ tɩya ŋ. Ʋ yaa ŋ kyaŋkyoolii rɛ á Tɩɩna Yesu wɩya.
9,"Greet Urbanus, who serves Christ along with us. Greet my dear friend Stachys.",Ma kyʋwalɩ Ɛbanusi mɛ tɩya ŋ. Ʋ mɛ yaa á tʋŋtʋnnɩ-dɔŋ nɛ Krisita tʋma hʋ tɩyaŋ. Ma kyʋwalɩ ŋ kyaŋkyoolii Sitaakisi mɛ tɩya ŋ.
11,"Greet Herodion, who is a relative of mine. Greet Narcissus and the others in his family, who have faith in the Lord.",Ma kyʋwalɩ Hɛrodiyɔŋ mɛ tɩya ŋ. Ʋ mɛ yaa ŋ dɔŋtɩɩna Gyuu rɛ. Ma kyʋwalɩ Naasisu dɩya nala mɛ aa laa á Tɩɩna Yesu wɩya di tɩya ŋ.
13,"Greet Rufus, that special servant of the Lord, and greet his mother, who has been like a mother to me.",Ma kyʋwalɩ Rufusi mɛ tɩya ŋ. Ʋ sɩŋ á Tɩɩna Yesu wɩya tɩyaŋ weliŋ nɛ. Ma kyʋwalɩ ʋ naa mɛ tɩya ŋ. Ʋ kpaa ŋ nɛ anɩɩ ʋ biilʋlɩɩ tɩɩ.
14,"Greet Asyncritus, Phlegon, Hermes, Patrobas, and Hermas, as well as our friends who are with them.","Ma kyʋwalɩ Asiŋkiritu, abee Filegɔŋ, abee Hɛɛmɩsɩ, abee Paturoba, abee Hɛɛmɩsɩ abee á nɩmmabalɩya hʋ buloŋ aa we ba lee."
15,"Greet Philologus, Julia, Nereus and his sister, and Olympas, and all of God's people who are with them.","Ma kyʋwalɩ Filologu, abee Gyulɩya, Neeru abee ʋ naatoluu. Ma kyʋwalɩ Olimpa mɛ abee Wɩɩsɩ nala hʋ buloŋ aa we ba lee."
16,Be sure to give each other a warm greeting. All of Christ's churches greet you.,Ma kɩ kyʋwalɩ dɔmɔŋ abee kyori. Krisitabiisi aa we lee buloŋ tɩyaŋ aa kyʋwalɩ ma.
17,"My friends, I beg you to watch out for anyone who causes trouble and divides the church by refusing to do what all of you were taught. Stay away from them!","Ŋ naabalɩya, ŋ aa sʋla ma rɛ dɩ ma pɔ ma tɩɩ weliŋ abee nala hʋ aa leŋ nala kɩ porigi dɔmɔŋ tɩyaŋ. Ba bee tɩŋ wɩya hʋ á aa daga ma, aŋ aa kpa wɩdʋŋsɩ a kaŋ nala hakɩllɩ kɩ vʋgɩmɩ laadii hʋ ba a kana Yesu Krisita tɩyaŋ. Ma lɩɩ ma tɩɩ nala no iriŋ tɩyaŋ."
18,They want to serve themselves and not Christ the Lord. Their flattery and fancy talk fool people who don't know any better.,"Beewɩya nala no bee tʋŋ á Tɩɩna Krisita tʋma, amɛ ba tɩɩ wɩkyooliye rɛ ba kɩ yaa. Ba kaŋ nyʋʋpiŋsʋma rɛ a kɩ mʋrɩ nala hʋ aa bɩ gyɩŋ wɩya sɩya."
19,"I am glad that everyone knows how well you obey the Lord. But still, I want you to understand what is good and not have anything to do with evil.","Nal buloŋ nɛ nɩɩ gɛɛ hʋ ma aa tɩŋ Wɩɩsɩ nyʋwa. Ʋ gɛɛ yaa ŋ teŋfɩyɛlʋʋ rɛ, ŋ kɩ gyʋwɔsɩ ma wɩya. Ŋ aa kyɛ dɩ ma kaŋ wɩgyʋŋ nɛ, a gyɩŋ wɩya hʋ aa weliye, aŋ lɩɩ ma tɩɩ wɩbɔmɔ yayɩ tɩyaŋ."
20,"Then God, who gives peace, will soon crush Satan under your feet. I pray that our Lord Jesus will be kind to you.","Ʋ bɩ sɩ pɩɩsɩ ka dɩ Wɩɩsɩ aa tɩya nala fɩyɛlʋʋ, gbarɩgɩ Sɩtaanɩ biŋ ma naasɩ memii dɩ ma kɩ nʋwɔsɩ. Á Tɩɩna Yesu Krisita bɔnyɛ sɩ we ma lee."
21,"Timothy, who works with me, sends his greetings, and so do my relatives, Lucius, Jason, and Sosipater.",Timoti aa yaa ŋ tʋŋtʋnnɩ-dɔŋ mɛ aa kyʋwalɩ ma. Lusɩya abee Gyeesiŋ abee Sosipata mɛ aa kyʋwalɩ ma. Ba mɛ yaa ŋ dɔŋtɩŋsɩ Gyuuma rɛ.
22,"I, Tertius, also send my greetings. I am a follower of the Lord, and I wrote this letter.","Mɩyaŋ Tɛɛtiyo, nal hʋ Pɔɔl aa leŋ ŋ sabɩ teŋ no, ŋ mɛ aa kyʋwalɩ ma á Tɩɩna Yesu feŋ tɩyaŋ."
25,"Praise God! He can make you strong by means of my good news, which is the message about Jesus Christ. For ages and ages this message was kept secret,","Ma leŋ dɩ á dannɩ Wɩɩsɩ. Ʋ rɛ sɩ wuwo leŋ dɩ ma sɩŋ weliŋ ma laadii tɩyaŋ akuu Wɩɩsɩ wɩweliye hʋ ŋ aa basɩ tɩya ma a mʋ kɩ tile Yesu Krisita tɩyaŋ wɩya. Wɩtɩɩ no fa yaa wɩfaŋɩɩ rɛ faafaa buloŋ, amɛ nyɛ kɛ Wɩɩsɩ leŋ á gyɩma ʋ rɛ."
26,"but now at last it has been told. The eternal God commanded his prophets to write about the good news, so that all nations would obey and have faith.","Nyɛ kɛ, wɩtɩɩ no yaa lɩgyalɩɩ wɩɩ rɛ, beewɩya Wɩɩsɩ tɩŋdaala sabɩ ʋ wɩya rɛ, ka Wɩɩsɩ hʋ aa we doŋ maakyiye buloŋ mɛ bɩl leŋ ba basɩ ʋ wɩya tɩya dʋnɩya nala buloŋ ba gyɩma, dɩ ba wuwo laa wɩtɩɩ no di, a kɩ tɩŋa ʋ."
27,"And now, because of Jesus Christ, we can praise the only wise God forever! Amen.","Ma leŋ dɩ á tɩŋ Yesu Krisita tɩyaŋ a kɩ dannɩ Wɩɩsɩ deŋdeŋ, beewɩya ʋ dʋŋ nɛ yaa wɩgyʋŋ buloŋ tɩɩna. Amɩ."
1,"From Paul, chosen by God to be an apostle of Christ Jesus, and from Sosthenes, who is also a follower.","Mɩyaŋ Pɔɔl, abee á nɩɩnabiye Sɔsɩtɩnɛɛsɩ rɛ sabɩ teŋ no a kɩ tɩya ma. Wɩɩsɩ kyɛrɩ tɩyaŋ nɛ ʋ lɩɩ ŋ dɩ ŋ yaa Yesu Krisita kpambɩya."
3,My prayer is that God our Father and the Lord Jesus Christ will be kind to you and will bless you with peace!,"Á Kuwo Wɩɩsɩ abee á Tɩɩna Yesu Krisita lahɔrʋmɔ tɩyaŋ, ma hɔŋ abee laaŋfɩya."
4,"I never stop thanking my God for treating you with undeserved grace by giving you Christ Jesus,","Saŋa buloŋ, ŋ aa kɩ kyʋwalɩ Wɩɩsɩ aŋgyʋwasʋ rɛ weliŋ ma wɩya, beewɩya Wɩɩsɩ tɩŋ Yesu Krisita tɩyaŋ nɛ a yaa wɩweliye yʋga tɩya ma."
6,Now you are certain that everything we told you about our Lord Christ Jesus is true.,"Beewɩya, Krisita wɩya hʋ á aa basɩ tɩya ma, ma kaŋ ba weliŋ nɛ."
7,"You are not missing out on any blessings, as you wait for him to return.","Ɛɛwɩya, saŋa no tɩyaŋ ma aa gyegili á Tɩɩna Yesu Krisita mɩɩgɩ koyi abee teŋkyel nyɛ, Wɩɩsɩ leŋ ma na wɩweliye hʋ buloŋ aa lɩɩ ʋ lee rɛ."
9,"God can be trusted, and he chose you to be partners with his Son, our Lord Jesus Christ. Taking Sides","Wɩɩsɩ kaŋ wɩtɩɩ rɛ, ʋ bee bɩrɩgɩ ʋ nyʋwa. Ʋ rɛ lɩɩ ma dɩ ma bee ʋ Biye, á Tɩɩna Yesu Krisita, yaa kɩdɩgɩ. Krisitabiisi gʋla kɩ kaa dɔmɔŋ"
10,"My dear friends, as a follower of our Lord Jesus Christ, I beg you to get along with each other. Don't take sides. Always try to agree in what you think.","Á Tɩɩna Yesu Krisita nyubaanɩŋ, ŋ aa sʋl ma, ŋ naabalɩya, ma buloŋ kaŋ nyʋʋdɩgɩ, a ta kɩ porigi dɔmɔŋ. Ma kaŋ nyʋʋdɩgɩ abee tɩdɩgɩ wɩɩ buloŋ tɩyaŋ."
11,Several people from Chloe's family have already reported to me that you keep arguing with each other.,"Ŋ naabalɩya, á nɩɩnabiye Kuloye dɩya nala basɩ tɩya ŋ anɩɩ ma gʋla kɩ kaa dɔmɔŋ nɛ."
14,I thank God that I didn't baptize any of you except Crispus and Gaius.,"Ŋ aa kyʋwalɩ Wɩɩsɩ aŋgyʋwasʋ rɛ abee ŋ aa bɩ foo ma kɩdɩgɩ buloŋ wɩɩkyʋwalnɩɩ, see á nɩɩnabiye Kirisipu abee Geyosi dʋŋ."
15,Not one of you can say that you were baptized in my name.,"Ɛɛwɩya, nal buloŋ yaŋ bɩ sɩ wuwo baa dɩ mɩyaŋ Pɔɔl feŋ tɩyaŋ nɛ ba fo ʋ wɩɩkyʋwalnɩɩ, ʋ yaa ŋ hatɩnnɩ."
17,Christ did not send me to baptize. He sent me to tell the good news without using words that sound wise and would make the cross of Christ lose its power. Christ Is God's Power and Wisdom,"Beewɩya Krisita bɩ tɩma ŋ dɩ ŋ ko fo nala wɩɩkyʋwalnɩɩ. Ʋ tɩma ŋ nɛ dɩ ŋ ko basɩ Wɩɩsɩ wɩweliye hʋ a kɩ tɩya nala. Nihuwobiŋ wɩgyʋŋ daa ʋ kpa tɩya ŋ, ŋ kaŋ kɩ basɩ wɩya hʋ. Ʋ yaa gɛɛ rɛ dɩ ʋ sʋʋ daagarɩɩ tɩyaŋ ta yaa waasʋ. Krisita rɛ yaa Wɩɩsɩ dee abee Wɩɩsɩ wɩgyʋŋ"
18,"The message about the cross doesn't make any sense to lost people. But for those of us who are being saved, it is God's power at work.","Krisita sʋʋ daagarɩɩ hʋ nyuu tɩyaŋ yaa wɩtɔɔ rɛ nala hʋ aa nyʋgɩsa lee. Amɛ á nala hʋ Wɩɩsɩ aa laa kɩ ta kɛ lee, wɩɩ no yaa Wɩɩsɩ dee rɛ."
19,"As God says in the Scriptures, “I will destroy the wisdom of all who claim to be wise. I will confuse those who think they know so much.”","Wɩɩsɩ teŋ tɩyaŋ Wɩɩsɩ basa rɛ a baa, “Ŋ sɩ leŋ dɩ wɩgyʋnna wɩgyʋŋ yaa waasʋ, dɩ wɩgyʋŋ-kɩŋkaŋ tɩmma gyɩmaa mɛ yaa waasʋ.”"
20,What happened to those wise people? What happened to those experts in the Scriptures? What happened to the ones who think they have all the answers? Didn't God show that the wisdom of this world is foolish?,"Dɩ nyɛ rɛ ba kɩɩ, lee rɛ gyɩnaŋ dʋnɩya no tɩyaŋ wɩgyʋnna bee dɩdagɩla abee wɩgyʋŋ-kɩŋkaŋ tɩmma sɩ we? Wɩɩsɩ daga anɩɩ dʋnɩya no wɩgyʋŋ yaa bambugi wɩgyʋŋ nɛ."
21,"God was wise and decided not to let the people of this world use their wisdom to learn about him. Instead, God chose to save only those who believe the foolish message we preach.","Wɩɩsɩ tɩɩ wɩgyʋŋ tɩyaŋ nɛ ʋ leŋ nihuwobisi bɩ wuwo tɩŋ ba tɩɩ wɩgyʋŋ tɩyaŋ a gyɩma ʋ. Nala baa dɩ Wɩɩsɩ wɩweliye hʋ á aa basɩ yaa wɩtɔɔnɩ rɛ. Amɛ nala hʋ aa laa wɩya no di, ʋ yaa Wɩɩsɩ kyɛrɩ rɛ dɩ ʋ tɩŋ wɩya hʋ tɩyaŋ a laa ba ta."
22,"Jews ask for miracles, and Greeks want something that sounds wise.",Gyuuma aa kyɛ dɩ ba na wɩmagɩla rɛ. Nala hʋ aa bɩ yaa Gyuuma mɛ kɩ kyɛ wɩgyʋŋ.
23,"But we preach that Christ was nailed to a cross. Most Jews have problems with this, and most Gentiles think it is foolish.","Amɛ á kɛ, Krisita ba aa kpaasa mal daagarɩɩ hʋ nyuu tɩyaŋ wɩya rɛ á kɩ basɩ. Wɩɩ no wɩya leŋ Gyuuma baaŋ kɩ sii rɛ ba nyʋgɩsɩ Wɩɩsɩ ŋmanɩɩ tɩŋɩɩ tɩyaŋ aŋka nala hʋ aa bɩ yaa Gyuuma lee mɛ, ʋ yaa wɩtɔɔ."
24,Our message is God's power and wisdom for the Jews and the Greeks that he has chosen.,"Amɛ nala hʋ buloŋ Wɩɩsɩ aa lɩya kɛ lee, Gyuuma abee nala hʋ aa bɩ yaa Gyuuma buloŋ, Krisita rɛ yaa Wɩɩsɩ dee abee Wɩɩsɩ wɩgyʋŋ."
25,"Even when God is foolish, he is wiser than everyone else, and even when God is weak, he is stronger than everyone else.","Wɩgyʋŋ hʋ aa lɩɩ Wɩɩsɩ lee, ka nihuwobisi lee ʋ yaa bambugi wɩɩ, ʋ rɛ baŋ nihuwobiŋ wɩgyʋŋ. Dee hʋ mɛ aa lɩɩ Wɩɩsɩ lee, ka nihuwobisi lee ʋ yaa yaarɩsɩ, ʋ rɛ baŋ nihuwobiŋ dee."
26,"My dear friends, remember what you were when God chose you. The people of this world didn't think that many of you were wise. Only a few of you were in places of power, and not many of you came from important families.","Ŋ naabalɩya, ma liisi mʋ na gɛɛ hʋ ma fa aa kɩya saŋa hʋ tɩyaŋ Wɩɩsɩ aa lɩɩ ma. Nihuwobisi sɩya tɩyaŋ, ma tɩyaŋ nala baŋmɛ rɛ fa kaŋ wɩgyʋŋ, koo ma tɩyaŋ nala baŋmɛ rɛ nala fa kɩ kpa yohuŋ? Ma nala baŋmɛ mɛ rɛ fa yaa nɩbala nihuwobisi sɩya tɩyaŋ?"
27,But God chose the foolish things of this world to put the wise to shame. He chose the weak things of this world to put the powerful to shame.,"Wɩɩsɩ paala rɛ a lɩɩ nala hʋ dʋnɩya nala aa baa dɩ ba yaa bambugo rɛ, dɩ ʋ we dʋnɩya wɩgyʋnna hɩɩsɩ tɩyaŋ. Wɩɩsɩ bɩl lɩɩ nala hʋ mɛ dʋnɩya nala aa baa dɩ ba yaa nɩtaaga rɛ, dɩ ʋ we gaduwogo hɩɩsɩ tɩyaŋ."
28,"What the world thinks is worthless, useless, and nothing at all is what God has used to destroy what the world considers important.","Wɩɩsɩ lɩɩ nala hʋ dʋnɩya nala aa deŋ waasʋ rɛ abee nala hʋ aa bɩ kaŋ lee dʋnɩya tɩyaŋ, dɩ ʋ yalmɩ nala hʋ dʋnɩya nala a bɩɩna anɩɩ ba yaa nala rɛ."
29,God did all this to keep anyone from bragging to him.,Ɛɛ daga anɩɩ nal buloŋ bɩ sɩ wuwo daga ʋ tɩɩ Wɩɩsɩ sɩya tɩyaŋ.
1,"Friends, when I came and told you the mystery that God had shared with us, I didn't use big words or try to sound wise.","Ŋ naabalɩya, ŋ gyɩ aa ko ma lee dɩ ŋ basɩ Wɩɩsɩ wɩweliye hʋ tɩya ma, ŋ gyɩ bɩ basɩ wɩya daga anɩɩ ŋ gyɩŋ wɩbasɩɩ koo ŋ kaŋ wɩgyʋŋ baŋ ma kɩdɩgɩ buloŋ."
2,"In fact, while I was with you, I made up my mind to speak only about Jesus Christ, who had been nailed to a cross.","Saŋa hʋ ŋ gyɩ aa we ma lee, ŋ gyɩ lɩɩ ŋ hakɩla wɩɩ kɛ buloŋ tɩyaŋ nɛ, see Yesu Krisita, a bee ba aa kpaasɩ ʋ mal daagarɩɩ hʋ tɩyaŋ wɩya dʋŋ."
4,"When I talked with you or preached, I didn't try to prove anything by sounding wise. I simply let God's Spirit show his power.",Nihuwobiŋ nyʋʋpɩŋsʋŋ bee wɩgyʋŋ daa ŋ gyɩ kpa basɩ Wɩɩsɩ wɩweliye hʋ tɩya ma. Amɛ wɩya hʋ ŋ gyɩ aa basɩ daga anɩɩ Wɩɩsɩ Wiyesi Welii hʋ kaŋ dee rɛ.
5,That way you would have faith because of God's power and not because of human wisdom.,"Nyɛ daga anɩɩ ma laadii bɩ dɔbɔ nihuwobiŋ wɩgyʋŋ tɩyaŋ, amɛ Wɩɩsɩ dee tɩyaŋ nɛ ʋ dɔbɔ. Wɩɩsɩ wɩgyʋŋ"
6,"We do use wisdom when speaking to people who are mature in their faith. But it isn't the wisdom of this world or of its rulers, who will soon disappear.","Amɛ abee gɛɛ buloŋ, nala hʋ aa waa Wɩɩsɩ ŋmanɩɩ tɩŋɩɩ tɩyaŋ, wɩya hʋ ŋ aa basɩ yaa wɩgyʋŋ nɛ ba lee. Wɩgyʋŋ no ŋ aa dagɩ, ʋ bɩ yaa dʋnɩya no nala wɩgyʋŋ, dʋnɩya no gaduwogo wɩgyʋŋ mɛ daa. Gaduwogo no dee aa mʋ tenii rɛ."
7,We speak of God's hidden and mysterious wisdom that God decided to use for our glory long before the world began.,"Wɩgyʋŋ hʋ wɩya ŋ aa basɩ, ʋ lɩɩ Wɩɩsɩ lee rɛ, a yaa wɩfaŋɩɩ dʋnɩya nala lee. Ka dɩ Wɩɩsɩ na marɩ dʋnɩya, ʋ yaa ʋ hakɩla rɛ anɩɩ wɩgyʋŋ no aa lɩɩ ʋ lee sɩ leŋ dɩ ba kpa ma yohuŋ."
8,"The rulers of this world didn't know anything about this wisdom. If they had known about it, they would not have nailed the glorious Lord to a cross.","Dʋnɩya no gaduwogo bɩ gyɩŋ wɩgyʋŋ no memii. Dɩ ba aa rɛ fa gyɩma ʋ memii, ba fa bɩ sɩ kaŋ á Tɩɩna gaŋdarɩ buloŋ tɩɩna hʋ kpaasɩ mal daagarɩɩ tɩyaŋ."
9,"But it is just as the Scriptures say, “What God has planned for people who love him is more than eyes have seen or ears have heard. It has never even entered our minds!”","Ba saba Wɩɩsɩ teŋ tɩyaŋ nɛ anɩɩ wɩɩ hʋ nihuwobiŋ ha aa bɩ maakyiye na, abee wɩɩ hʋ nihuwobiŋ ha aa bɩ maakyiye nɩɩ, abee wɩɩ hʋ nihuwobiŋ ha aa bɩ maakyiye bɩɩnɩ, wɩya no tɩɩ rɛ Wɩɩsɩ marɩ biŋ nala hʋ aa kyo ʋ."
10,"God's Spirit has shown you everything. His Spirit finds out everything, even what is deep in the mind of God.","Amɛ Wɩɩsɩ tɩŋ ʋ Wiyesi Welii hʋ tɩyaŋ nɛ a leŋ á kɛ gyɩŋ wɩgyʋŋ no aa yaa wɩfaŋɩɩ. Wɩɩsɩ Wiyesi Welii hʋ aa gbilli wɩɩ buloŋ nɛ, a paalɩ gyɩŋ Wɩɩsɩ wɩfaŋɩya buloŋ memii."
11,"You are the only one who knows what is in your own mind, and God's Spirit is the only one who knows what is in God's mind.","Nihuwobiŋ bee rɛ sɩ wuwo gyɩŋ wɩɩ hʋ ʋ dɔŋtɩɩna aa bɩɩnɩ? Nal buloŋ bɩ sɩ wuwo gyɩma, see nal hʋ tɩɩ aa bɩɩnɩ wɩɩ hʋ. Ɛɛ tɩɩ rɛ nal buloŋ mɛ bɩ sɩ wuwo gyɩŋ wɩya hʋ Wɩɩsɩ aa bɩɩnɩ, see Wɩɩsɩ Wiyesi Welii hʋ dʋŋ."
12,But God has given us his Spirit. This is why we don't think the same way that the people of this world think. This is also why we can recognize the blessings God has given us.,"Amɛ á kɛ, dʋnɩya no wɩgyʋŋ daa Wɩɩsɩ kpa tɩya ma. Ʋ Wiyesi Welii hʋ rɛ ʋ kpa tɩya ma dɩ á wuwo gyɩŋ kɩna hʋ buloŋ ʋ aa kpaa tɩya abee bɔnyɛ memii."
13,"Every word we speak was taught to us by God's Spirit, not by human wisdom. And this same Spirit helps us teach spiritual things to spiritual people.","Wɩya no á aa daga ma nyɛ, nihuwobiŋ wɩgyʋŋ daa á kaŋ kɩ daga ma. Amɛ Wɩɩsɩ Wiyesi Welii hʋ rɛ leŋ á wuwo kɩ daga ma wɩya no. Wiyesi Welii hʋ rɛ aa daga ma ʋ wɩya no memii, á kaŋ kɩ daga nala hʋ tɩyaŋ ʋ aa wee."
15,"People who are guided by the Spirit can make all kinds of judgments, but they cannot be judged by others.","Nal hʋ tɩyaŋ Wiyesi Welii hʋ aa wee, ʋ rɛ sɩ wuwo gyɩŋ wɩkanɩya buloŋ sii, amɛ nal buloŋ bɩ sɩ wuwo gyɩŋ nal hʋ tɩyaŋ Wiyesi Welii hʋ aa wee wɩkanɩya sɩɩ."
16,"The Scriptures ask, “Has anyone ever known the thoughts of the Lord or given him advice?” But we understand what Christ is thinking.","Wɩɩsɩ teŋ tɩyaŋ, ba saba rɛ a baa, “Kɩbee rɛ gyɩŋ á Tɩɩna Wɩɩsɩ tɩbɩɩna? Kɩbee rɛ sɩ wuwo basɩ wɩya a kyagɩlɩ ʋ?” Amɛ á kɛ gyɩŋ wɩya no memii rɛ, beewɩya á bee Krisita hakɩla yaa kɩdɩgɩ rɛ."
1,"My friends, you are acting like the people of this world. That's why I could not speak to you as spiritual people. You are like babies as far as your faith in Christ is concerned.","Ŋ naabalɩya, saŋa hʋ tɩyaŋ ŋ gyɩ aa we ma lee ŋ gyɩ bɩ wuwo basɩ wɩya tɩya ma anɩɩ nala hʋ tɩyaŋ Wɩɩsɩ Wiyesi Welii aa wee. Amɛ ŋ gyɩ basɩ wɩya tɩya ma rɛ anɩɩ nala aa tɩŋ ba teŋbii wɩkyɛɛlɩya tɩyaŋ, koo anɩɩ ma ha aa yaa biifɩllɩ Krisita ŋmanɩɩ tɩyaŋ."
2,"So I had to treat you like babies and feed you milk. You could not take solid food, and you still cannot,","Ʋ kɩɩ gɛɛ anɩɩ ɩl lɛ ŋ gyɩ tɩya ma, kɩdiyoho daa. Beewɩya, ma ha gyɩ bɩ maga kɩdiyoho dii. Abee gyɩnaŋ mɛ gba, ma ha bɩ maga kɩdiyoho dii."
3,because you are not yet spiritual. You are jealous and argue with each other. This proves you are not spiritual and you are acting like the people of this world.,"Beewɩya ma ha aa tɩŋ ma teŋbii wɩkyɛɛlɩya tɩyaŋ nɛ: Ma tɩsɩ aa hɔllɩ dɔmɔŋ nɛ, ma gʋla kɩ kaa dɔmɔŋ. Nyɛ daga anɩɩ ma ha aa tɩŋ ma teŋbii wɩkyɛɛlɩya tɩyaŋ nɛ. Dɩ mamaa rɛ aa yaa nyɛ, dʋnɩya nala wɩyaalɩya daa ma kɩ yaa gɛɛ?"
4,"Some of you say you follow me, and others claim to follow Apollos. Isn't this how ordinary people behave?","Ma kɩdɩgɩ aa baa dɩ ʋ aa tɩŋ Pɔɔl hal lɛ, kɩdɩgɩ mɛ baa dɩ ʋ aa tɩŋ Apolo hal lɛ. Ma aa yaa nyɛ, dʋnɩya nala wɩyaalɩya daa ma kɩ yaa gɛɛ?"
8,The one who plants is just as important as the one who waters. And each one will be paid for what they do.,"Nal hʋ aa pɔɔ tɩya hʋ abee nal hʋ aa yaa nɩɩ we tɩya hʋ, wɩdɩgɩ wɩya rɛ ba buloŋ kɩ tʋma. Wɩɩsɩ sɩ tuŋ nal buloŋ a maga gɛɛ hʋ ʋ aa tʋma."
9,"Apollos and I work together for God, and you are God's garden and God's building. Only One Foundation","Á buloŋ yaa tʋŋtʋnnɩ-dɔsɩ rɛ, a tʋma kɩ tɩya Wɩɩsɩ. Ma kɩɩ gɛɛ anɩɩ baga Wɩɩsɩ aa pal, a kɩɩ gɛɛ anɩɩ dɩya Wɩɩsɩ aa saa."
10,"God treated me with undeserved grace and let me become an expert builder. I laid a foundation on which others have built. But we must each be careful how we build,","Wɩɩsɩ aa tɩya ŋ gɛɛ dee nyuniŋ, ŋ biŋ dɩya hʋ memii rɛ anɩɩ dɩɩsaal hʋ aa gyɩŋ tʋma weliŋ, ka nal kɩdɩgɩ mɛ yaŋ saa kɩ gyɩŋ. Amɛ see dɩ nal buloŋ yaŋ fɩyɛlɩ ʋ sɩya weliŋ abee gɛɛ hʋ ʋ aa saa kɩ dɔbɔ gyememii no tɩyaŋ."
13,"Whatever we build on this foundation will be tested by fire on the day of judgment. Then everyone will find out if we have used gold, silver, and precious stones, or wood, hay, and straw.","Kyɛɛ hʋ Krisita aa sɩ mɩɩgɩ ko, kɩna hʋ nal buloŋ aa kpaa saa dɩya hʋ, ba sɩ na ba. Beewɩya diŋ nɛ sɩ daga kɩŋ hʋ iriŋ ba aa kpaa saa dɩya hʋ. Ba sɩ tɩŋ gɛɛ tɩyaŋ a gyɩŋ tʋma hʋ nal buloŋ aa tʋma."
15,"But if it is destroyed by the fire, we will lose everything. Yet we ourselves will be saved, like someone escaping from flames.","Amɛ dɩ diŋ hʋ rɛ wuwo di kɩna hʋ nal buloŋ aa kpaa saa dɩya hʋ, ʋ tɩɩna lɔl sɩ yaa waasʋ. Amɛ ʋ tɩɩ kɛ, Wɩɩsɩ sɩ laa ʋ ta. Ʋ ta sɩ kɩɩ gɛɛ anɩɩ Wɩɩsɩ aa korigi lɩɩ ʋ diŋ tɩyaŋ."
16,All of you surely know you are God's temple and his Spirit lives in you.,Ma bɩ gyɩma anɩɩ mamaa rɛ yaa Wɩɩkyʋwaldɩya hʋ Wɩɩsɩ Wiyesi Welii hʋ aa gyʋʋ koo?
18,"Don't fool yourselves! If any of you think you are wise in the things of this world, you will have to become foolish before you can be truly wise.","Nal buloŋ ta mʋrɩ ʋ tɩɩ. Dɩ ma kɩdɩgɩ buloŋ nɛ bɩɩna anɩɩ ʋ kaŋ wɩgyʋŋ nɛ gyɩnaŋ dʋnɩya no tɩyaŋ, ʋ maga dɩ ʋ kaŋ ʋ tɩɩ bɩrɩmɩ bambugi rɛ, a wuwo na wɩgyʋŋ hʋ aa lɩɩ Wɩɩsɩ lee."
19,"This is because God considers the wisdom of this world to be foolish. It is just as the Scriptures say, “God catches the wise when they try to outsmart him.”","Dʋnɩya nala wɩgyʋŋ yaa waasʋ rɛ Wɩɩsɩ lee. Wɩɩsɩ teŋ tɩyaŋ ba basa rɛ a baa, “Wɩɩsɩ tɩŋ dʋnɩya wɩgyʋnna dawarɩ tɩyaŋ nɛ a bara kasɩ ba.”"
20,"The Scriptures also say, “The Lord knows that the plans made by wise people are useless.”","Wɩɩsɩ teŋ logiŋ kɩdɩgɩ tɩyaŋ mɛ, ba saba rɛ anɩɩ Wɩɩsɩ gyɩma anɩɩ wɩgyʋnna tɩbɩɩna buloŋ yaa waasʋ rɛ."
22,"So stop bragging about what anyone has done. Paul and Apollos and Peter all belong to you. In fact, everything is yours, including the world, life, death, the present, and the future. Everything belongs to you,","Mamaa rɛ tɩŋ Pɔɔl, a tɩŋ Apolo, a tɩŋ Piita, a tɩŋ dʋnɩya, a tɩŋ mɩɩbol, a tɩŋ sʋʋ mɛ, a tɩŋ gyɩnaŋ abee maakyiye buloŋ. Mamaa rɛ tɩŋ ba buloŋ."
23,"and you belong to Christ, and Christ belongs to God.","Amɛ Krisita mɛ rɛ tɩŋ ma, ka Wɩɩsɩ mɛ tɩŋ Krisita."
1,Think of us as servants of Christ who have been given the work of explaining God's mysterious ways.,"Ma maga ma kpa ma anɩɩ á yaa Krisita tʋŋtʋnna rɛ, Wɩɩsɩ kpa ʋ wɩya hʋ aa yaa wɩfaŋɩya a we á nosi tɩyaŋ."
2,"And since our first duty is to be faithful to the one we work for,","Nal hʋ buloŋ ba aa kpaa kɩna we ʋ nosi tɩyaŋ, ʋ maga dɩ ʋ kɩ deŋ ba nyuu abee wɩtɩɩ rɛ."
3,"it doesn't matter to me if I am judged by you or even by a court of law. In fact, I don't judge myself.",Ŋ sɩya tuwo dɩ mamaa koo nal kɩdɩgɩ buloŋ kana ŋ kɩ di sarɩya. Ŋ tɩɩ mɛ gba bɩ kana ŋ tɩɩ kɩ di sarɩya wɩɩ no tɩyaŋ.
4,"I don't know of anything against me, but this doesn't prove I am right. The Lord is my judge.",Ŋ tɩbɩɩna buloŋ kyaana rɛ. Amɛ ŋ bɩ sɩ wuwo baa ŋ bɩ kaŋ wɩkyogii. Á Tɩɩna Yesu Krisita dʋŋ nɛ aa di ŋ sarɩya a na dɩ ŋ kaŋ wɩkyogii koo dɩ ŋ bɩ kaŋ wɩkyogii.
7,"What is so special about you? What do you have that you were not given? And if it was given to you, how can you brag?",Kɩbee rɛ basɩ tɩya ma anɩɩ ma kyo kpɩya ma dɔŋtɩŋsɩ rɛ? Bekiŋ nɛ ma kana dɩ Wɩɩsɩ daa kpaa tɩya ma? Bee rɛ yaŋ tɩŋ ma kɩ daga ma tɩɩ abee kɩna hʋ ma aa kana anɩɩ Wɩɩsɩ daa kpaa ba tɩya ma?
8,Are you already satisfied? Are you now rich? Have you become kings while we are still nobodies? I wish you were kings. Then we could have a share in your kingdom.,"Ma kɛ lee, ma teŋ kaŋ ma kɩkyɛɛlɩya buloŋ nɛ? Ma teŋ bɩrɩmɩ kɩna tɩmma rɛ, a teŋ bɩrɩmɩ kuworo, ka á kɛ ha yaa nɩwaasɩma? Wɩtɩɩ, á fa kyo dɩ ma kɔnɩ dɩ koro rɛ, dɩ á beel-ma buloŋ fa yaa kuworo."
9,It seems to me that God has put us apostles in the worst possible place. We are like prisoners on their way to death. Angels and the people of this world just laugh at us.,"Ŋ kɛ lee, ʋ kɩɩ gɛɛ anɩɩ Wɩɩsɩ baa dɩ á nala hʋ aa yaa Krisita kpambɩsɩ yaa nɩfʋŋɩsɩya rɛ. Á kɩɩ gɛɛ rɛ anɩɩ á aa yaa wɩɩ kyogi, a maga dɩ ba kpʋ ma gyamaa tɩyaŋ dɩ dʋnɩya nala abee malɩkasɩ buloŋ na ma."
10,"Because of Christ we are thought of as fools, but Christ has made you wise. We are weak and hated, but you are powerful and respected.","Krisita wɩya, á yaa bambugo rɛ, ka ma kɛ baa ma kaŋ wɩgyʋŋ nɛ akuu ma bee Krisita a yaa kɩdɩgɩ wɩya. Á yaa nɩtaaga rɛ, aŋka ma kɛ yaa gaduwogo. Nala kɩ deŋ ma waasʋ, aŋ kɩ tɩya ma kɛ gyɩrɩma."
11,Even today we go hungry and thirsty and don't have anything to wear except rags. We are mistreated and don't have a place to live.,"A kaŋ kɩ ko gyɩnaŋ no sii bʋwaŋ, losi abee nɩɩnyʋwasɩ aa kaŋ ma rɛ, á kɩ laalɩ gakɔsʋŋsɩ, ba kɩ ŋmaa ma kɩŋkaŋ, á gɔllɩ baarɩ kɩ baŋ."
12,"We work hard with our own hands, and when people abuse us, we wish them well. When we suffer, we are patient.","Á aa tʋŋ nɛ abee sɩfɩyasɩ dɩ á pɛ á tɩɩ tɩyaŋ. Dɩ nala rɛ basɩ wɩbɔmɔ tɩya ma, á kɛ aa sʋla Wɩɩsɩ tɩya ba rɛ, dɩ ba aa rɛ aa dɔgɩsɩ ma mɛ, á aa kaŋ kenyiri rɛ."
13,"When someone curses us, we answer with kind words. Until now we are thought of as nothing more than the trash and garbage of this world.","Dɩ ba aa rɛ aa kyogi á feŋ mɛ, á kɛ aa kɩ basɩ wɩweliye rɛ ba lee. Abee gyɩnaŋ, ʋ kɩɩ gɛɛ anɩɩ ámaa rɛ yaa dʋnɩya no buloŋ nɩtɔɔnɩ."
14,"I am not writing to embarrass you. I want to help you, just as parents help their own dear children.","Ma yaa ŋ biikyooliye rɛ. Ɛɛwɩya, ŋ bɩ sabɩ wɩya no kɩ tɩya ma dɩ ŋ we ma hɩɩsɩ tɩyaŋ, amɛ ŋ aa kyɛ dɩ ŋ kyagɩlɩ ma rɛ."
15,"Ten thousand people may teach you about Christ, but I am your only father. You became my children when I told you about Christ Jesus,","Dɩ mamaa rɛ kaŋ sɩlaala tusi fi mɛ dɩ ba kɩ daga ma Krisita wɩya, amɛ kuwo dɩgɩ dʋŋ nɛ ma kana. Mɩyaŋ nɛ yaa ma kuwo Yesu Krisita tɩyaŋ, akuu ŋ aa basɩ Wɩɩsɩ wɩweliye hʋ tɩya ma wɩya."
16,and I want you to be like me.,"Ɛɛwɩya, ŋ aa sʋl ma rɛ gyaaŋgyaaŋ buloŋ dɩ ma kɩ kyesi ŋ wɩyaalɩya."
17,"This is why I sent Timothy to you. I love him like a son, and he is a faithful servant of the Lord. Timothy will tell you what I do to follow Christ and how it agrees with what I always teach about Christ in every church.","Ɛɛ wɩya rɛ tɩŋ, ŋ kɩ tɩŋ Timoti dɩ ʋ ko ma lee. Ʋ yaa ŋ biikyoolii rɛ, a kaŋ wɩtɩɩ mɛ á Tɩɩna Krisita ŋmanɩɩ tɩyaŋ. Ʋ sɩ kɩ liisi ma gɛɛ ŋ aa kɩya Yesu Krisita ŋmanɩɩ tɩŋɩɩ tɩyaŋ, abee gɛɛ ŋ aa kpaa wɩya no tɩɩ a kɩ daga Krisitabiisi lee kɛ buloŋ ŋ aa mʋwa tɩyaŋ."
18,"Some of you think I am not coming for a visit, and so you are bragging.","Ma badɔmɔŋ mɩɩgɩ kaŋ dagɩŋtɩɩ rɛ kɩŋkaŋ, aŋ yeŋŋi anɩɩ ŋ sɩ ko na ma."
19,"But if the Lord lets me come, I will soon be there. Then I will find out if the ones who are doing all this bragging really have any power.","Amɛ dɩ Wɩɩsɩ rɛ laa nyʋwa, ŋ bɩ sɩ pɩɩsɩ ka dɩ ŋ ko na ma. Dɩ mɩyaŋ nɛ ko ko, ŋ bee kyɛ dɩ ŋ nɩɩ dagɩŋtɩɩ tɩmma no wɩbasɩya dʋŋ, amɛ ŋ sɩ kɩ kyɛ dɩ ŋ gyɩŋ dee hʋ ba aa kana."
20,God's kingdom isn't just a lot of words. It is power.,"Wɩɩsɩ koro hʋ bɩ sɩŋ nihuwobiŋ wɩbasɩya tɩyaŋ, Wɩɩsɩ dee tɩyaŋ nɛ ʋ sɩŋ."
21,What do you want me to do when I arrive? Do you want me to be hard on you or to be kind and gentle?,"Ŋ aa kpaa kyapɩya ko vɩɩrɩ ma abee ŋ aa kaŋ kyori abee sɩfɩyala ko ma lee, ba tɩyaŋ kɩbee rɛ ma kɩ kyɛ?"
1,"I have heard terrible things about some of you. In fact, you are behaving worse than Gentiles. A man is even sleeping with his own stepmother.","Ba basɩ tɩya ŋ nɛ anɩɩ nala we ma tɩyaŋ a kɩ yaa sɔŋsɔŋ wɩya. Wɩɩ hʋ lɔrɔ rɛ kɩŋkaŋ, beewɩya nala hʋ aa bee kyʋwalɩ Wɩɩsɩ mɛ gba paalɩ bɩ sɩ laa nyʋwa yaa gɛɛ. Ba baa dɩ nal kɩdɩgɩ we ma tɩyaŋ a kaŋ ʋ kuwo haaŋ kɩ pɩŋ."
2,"You are proud, when you ought to feel bad enough to chase away anyone who acts like this.","Ka ma ha kɩ daga ma tɩɩ! Ʋ fa maga ma leŋ ma tɩsɩ kyogi rɛ, ka dɩ ma lɩɩ nal hʋ aa yaa gɛɛ a ta ma tɩyaŋ."
4,"I am with you only in my thoughts. But in the name of our Lord Jesus I have already judged this man, as though I were with you in person. So when you meet together and the power of the Lord Jesus is with you, I will be there too.","Dɩ mamaa rɛ ko laŋŋɩ á Tɩɩna Yesu feŋ tɩyaŋ, ŋ hakɩla tɩyaŋ, ŋ mɛ aa we ma tɩyaŋ nɛ, á Tɩɩna Yesu Krisita dee mɛ we ma tɩyaŋ. Ɛɛ wɩya"
5,"You must then hand that man over to Satan. His body will be destroyed, but his spirit will be saved when the Lord Jesus returns.","ma kpa baal no we Sɩtaanɩ nosi tɩyaŋ, dɩ ʋ dɔgɩsɩ ʋ teŋbii, ka dɩ Wɩɩsɩ laa ʋ dʋma kɛ ta kyɛɛ hʋ á Tɩɩna Krisita aa sɩ mɩɩgɩ ko."
6,Stop being proud! Don't you know how a little yeast can spread through the whole batch of dough?,"Ɛɛ hʋ ma aa daga ma tɩɩ hʋ bɩ weliye. Ma bɩ gyɩma anɩɩ sɩbʋl mʋhʋ rɛ ba aa kpa we paanʋʋ muŋ tɩyaŋ, ka ʋ sii pʋwarɩ a yʋga gɛɛ?"
7,"Get rid of the old yeast! Then you will be like fresh bread made without yeast, and this is what you are. Our Passover lamb is Christ, who has already been sacrificed.","Ma lɩɩ sɩbʋlbɩnɩɩ hʋ aa yaa wɩbɔŋ a ta ma tɩyaŋ. Ɛɛ rɛ sɩ leŋ dɩ ma yaa tɩpʋlʋŋ tɩmma, a kɩɩ gɛɛ anɩɩ paanʋʋ muŋfalɩɩ ba aa bɩ wee sɩbʋl. Nyɛ rɛ ma maga dɩ ma kɩɩ, beewɩya, Krisita, á Dɩɩsɩ-parɩ-banɩɩ Kyɛbal Pebiye hʋ rɛ ba kaŋ kpʋ a sʋla Wɩɩsɩ á wɩya."
8,"So don't celebrate the festival by being evil and sinful, which is like serving bread made with yeast. Be pure and truthful and celebrate by using bread made without yeast.","Ɛɛwɩya, ma ta leŋ dɩ á di á Dɩɩsɩ-parɩ-banɩɩ Kyɛbal hʋ abee paanʋʋ hʋ aa kaŋ sɩbʋlbɩnɩɩ. Sɩbʋlbɩnɩɩ no rɛ yaa wɩbɔmɔ abee tahaa. Amɛ ma leŋ dɩ á gbɩyalɩ abee paanʋʋ hʋ aa bɩ kaŋ sɩbʋl. Paanʋʋ no rɛ yaa wɩtɩɩ abee tɩpʋlʋŋ."
9,In my other letter I told you not to have anything to do with immoral people.,"Teŋ hʋ ŋ gyɩ aa saba tɩya ma tɩyaŋ, ŋ gyɩ basɩ tɩya ma a baa dɩ ma lɩɩ ma tɩɩ nala hʋ aa yaa sɔŋsɔŋ wɩya tɩyaŋ nɛ."
10,But I wasn't talking about the people of this world. You would have to leave this world to get away from everyone who is immoral or greedy or who cheats or worships idols.,"Ŋ bɩ baa ma ta kɩ laŋŋɩ dʋnɩya nala aa yaa bisiŋ wɩya tɩyaŋ, koo nala hʋ aa kaŋ tɩbal, koo gaala, koo vʋgɩmarɩla tɩyaŋ. Dɩ mɩyaŋ nɛ baa ma ta kɩ laŋŋɩ nala no tɩyaŋ, ɛɛ kɛ ma bɩ sɩ we dʋnɩya no tɩyaŋ."
13,"God judges everyone else. The Scriptures say, “Chase away any of your own people who are evil.”","Beewɩya, Wɩɩsɩ teŋ tɩyaŋ ba baa, “Ma lɩɩ nɩbɔŋ buloŋ ta ma tɩyaŋ.”"
1,"When one of you has a complaint against another, do you take your complaint to a court of sinners? Or do you take it to God's people?","Dɩ ma kɩdɩgɩ rɛ kaŋ wɩɩ abee ʋ dɔŋtɩɩna Krisitabiye, ʋ paalɩ bɩ maga dɩ ʋ tɩɩna kaŋ wɩɩ hʋ mʋ nala hʋ aa bee kyʋwalɩ Wɩɩsɩ lee dɩ ba basɩ. Amɛ ʋ maga dɩ ʋ tɩɩna kaŋ wɩɩ hʋ mʋ Krisitabiisi lee rɛ dɩ ba basɩ marɩ ba dɔmɔŋ."
2,"Don't you know that God's people will judge the world? And if you are going to judge the world, can't you settle small problems?","Ma bɩ gyɩma anɩɩ Wɩɩsɩ nala rɛ sɩ di dʋnɩya nala buloŋ sarɩya? Dɩ mamaa rɛ yaŋ sɩ di dʋnɩya nala sarɩya, bee rɛ sɩ tɩŋ dɩ ma bɩ wuwo basɩ wɩbiibiisi no kɩ marɩ dɔmɔŋ?"
3,"Don't you know we will judge angels? And if this is so, we can surely judge everyday matters.","Ma bɩ gyɩma anɩɩ ámaa Wɩɩsɩ nala rɛ sɩ di malɩkasɩ mɛ sarɩya, aŋ yaŋ ko kɩ deŋ dʋnɩya wɩbiibiisi no nyɛ?"
5,I say this to your shame. Aren't any of you wise enough to act as a judge between one follower and another?,"Ma wɩɩ no yaa hɩɩsɩ rɛ. Ɛɛ kɛ nɩdɩgɩ mɛ tuwo ma tɩyaŋ a kaŋ wɩgyʋŋ, dɩ wɩɩ rɛ ko we Krisitabiisi balɩya paga tɩyaŋ, dɩ ʋ wuwo basɩ a marɩ ba dɔmɔŋ koo?"
9,Don't you know that evil people won't have a share in the blessings of God's kingdom? Don't fool yourselves! No one who is immoral or worships idols or is unfaithful in marriage or is a pervert or behaves like a homosexual,"Wɩtɩɩ rɛ ŋ basɩ kɩ tɩya ma. Ma ta kɩ mʋrɩ ma tɩɩ. Beewɩya, ma bɩ gyɩma anɩɩ nɩbɔŋ buloŋ bɩ sɩ wuwo gyʋʋ Wɩɩsɩ koro hʋ? Nala hʋ aa yaa sɔŋsɔŋ wɩya, koo nala hʋ aa marɩ vʋga, koo nala hʋ aa gɔllɩ kɩ kyɛ nala haana, koo baala koo haana balɩya aa gʋl kɩ kyɛ dɔmɔŋ,"
10,will share in God's kingdom. Neither will any thief or greedy person or drunkard or anyone who curses and cheats others.,"abee gaala abee tɩbal tɩmma, abee sɩnyʋwala, abee nala hʋ aa kyogi nala fene, abee nala hʋ aa firimi kɩ laa nala kɩna, nala no kɩdɩgɩ buloŋ bɩ sɩ wuwo gyʋʋ Wɩɩsɩ koro hʋ tɩyaŋ."
11,Some of you used to be like that. But now the name of our Lord Jesus Christ and the power of God's Spirit have washed you and made you holy and acceptable to God. Honor God with Your Body,"Ma badɔmɔŋ fa aa yaa wɩya no rɛ. Amɛ Wɩɩsɩ sasɩ ma wɩbɔmɔ ta rɛ. Wɩɩsɩ rɛ tɩŋ ma. Á Tɩɩna Yesu Krisita nyubaanɩŋ, abee á Tɩɩna Wɩɩsɩ Wiyesi Welii hʋ dee tɩyaŋ, ma bɩrɩmɩ tɩpʋlʋŋ tɩmma rɛ, a bɩ kaŋ wɩkyogii buloŋ Wɩɩsɩ sɩya tɩyaŋ. Ʋ bɩ maga dɩ á kɩ sɔnnɩ"
12,"Some of you say, “We can do anything we want to.” But I tell you not everything is good for us. So I refuse to let anything have power over me.","Ŋ kaŋ ŋmanɩɩ rɛ ŋ aa sɩ wuwo yaa wɩɩ kɛ buloŋ ŋ aa kyɛ. Amɛ ŋ wɩyaalɩya buloŋ daa rɛ aa kaŋ tɔnɔ tɩya ŋ. Ŋ kaŋ ŋmanɩɩ rɛ ŋ aa sɩ wuwo yaa wɩɩ buloŋ ŋ aa kyɛ, amɛ ŋ bɩ sɩ leŋ dɩ wɩɩ buloŋ kana ŋ bɩrɩmɩ ʋ yoŋ."
13,"You also say, “Food is meant for our bodies, and our bodies are meant for food.” But I tell you that God will destroy them both. We are not supposed to do indecent things with our bodies. We are to use them for the Lord who is in charge of our bodies.","Kɩdiiliye wɩya rɛ tɩŋ luwol we doŋ, luwol wɩya mɛ rɛ tɩŋ kɩdiiliye we doŋ. Wɩtɩɩ rɛ, amɛ ba buloŋ kaŋ kyɛɛ rɛ Wɩɩsɩ aa sɩ leŋ ba yaa waasʋ. Wɩɩsɩ bɩ kpaa teŋ tɩya nihuwobiŋ dɩ ʋ kaŋ kɩ sɔnnɩ, amɛ ʋ baa dɩ ʋ kaŋ ʋ teŋ a tʋma kɩ tɩya ʋ rɛ. Beewɩya Wɩɩsɩ rɛ tɩŋ ʋ teŋ hʋ mɛ."
14,God will raise us from death by the same power he used when he raised our Lord to life.,Wɩɩsɩ dee tɩyaŋ nɛ ʋ kyisi á Tɩɩna Krisita sʋʋ tɩyaŋ. Ʋ sɩ kyisi ma mɛ sʋʋ tɩyaŋ.
15,"Don't you know that your bodies are part of the body of Christ? Is it right for me to join part of the body of Christ to a prostitute? No, it isn't!",Ma bɩ gyɩma anɩɩ ma tenni yaa Krisita teŋ logiŋ kɩdɩgɩ rɛ? Ma bɩɩna anɩɩ ma yaŋ sɩ wuwo kpa Krisita teŋ logiŋ kɩdɩgɩ a mʋ mal gyaŋtɩra teŋ tɩyaŋ koo? Ba mʋra rɛ!
16,"Don't you know that a man who does that becomes part of her body? The Scriptures say, “The two of them will be like one person.”","Koo ma bɩ gyɩma anɩɩ dɩ baal lɛ kaŋ gyaŋtɩra pɩŋ, ba buloŋ bɩrɩmɩ nɩdɩgɩ rɛ? Beewɩya Wɩɩsɩ teŋ tɩyaŋ ba basɩ polli rɛ a baa, “Baal bee ʋ haaŋ sɩ yaa kɩdɩgɩ.”"
17,But anyone who is joined to the Lord is one in spirit with him.,"Ɛɛ tɩɩ rɛ nal hʋ aa kaŋ ʋ tɩɩ mʋ mal á Tɩɩna Krisita tɩyaŋ, ʋ bee Krisita yaa kɩdɩgɩ rɛ ʋ hakɩla tɩyaŋ."
18,Don't be immoral in matters of sex. That is a sin against your own body in a way no other sin is.,"Ma lɩɩ ma tɩɩ sɔŋsɔŋ tɩyaŋ. Wɩbɔŋ kɛ buloŋ nihuwobiŋ aa yaa, ʋ bee kyogi ʋ teŋ, amɛ nal hʋ buloŋ aa sɔnnɩ, ʋ tɩɩna yaa wɩbɔŋ kɩ kyogi ʋ tɩɩ teŋbii rɛ."
19,You surely know that your body is a temple where the Holy Spirit lives. The Spirit is in you and is a gift from God. You are no longer your own.,Ma bɩ gyɩma anɩɩ ma tenni yaa Wɩɩsɩ Wiyesi Welii hʋ ʋ aa kpaa we ma tɩyaŋ dɩya rɛ? Ma bɩ tɩŋ ma tɩɩ. Wɩɩsɩ rɛ tɩŋ ma.
20,God paid a great price for you. So use your body to honor God.,"Wɩɩsɩ kpaa ʋ kyal lɛ a yɔbɔ ma. Ɛɛwɩya, ma kaŋ ma teŋbiye kɩ yaa wɩya hʋ aa fɩyɛlɩ Wɩɩsɩ teŋ."
1,"Now I will answer the questions you asked in your letter. You asked, “Is it best for people not to marry?”","Wɩya hʋ ma aa saba a pɩyɛsɩ hʋ, nyɛ kɛ, ŋ aa kyɛ dɩ ŋ gyʋʋ ba tɩyaŋ nɛ a kyɛ ba sii. Ʋ yaa wɩwelii rɛ dɩ baal buloŋ fa ta kpaa haaŋ."
2,"Well, having your own husband or wife should keep you from doing something immoral.","Amɛ akuu sɔŋsɔŋ aa yʋga wɩya, ʋ maga dɩ baal buloŋ kpa haaŋ nɛ, dɩ haaŋ buloŋ mɛ yal bala."
3,Husbands and wives should be fair with each other about having sex.,"Ʋ maga dɩ baal bee ʋ haaŋ kpa ba tɩɩ kɩ tɩya dɔmɔŋ nɛ, a kɩ yaa dɔmɔŋ teŋfɩyɛl wɩya."
4,"A wife belongs to her husband instead of to herself, and a husband belongs to his wife instead of to himself.","Haaŋ bɩ tɩŋa ʋ tɩɩ, ʋ bala hal tɩyaŋ, baal mɛ bɩ tɩŋa ʋ tɩɩ, ʋ haaŋ hal tɩyaŋ."
6,"In my opinion that is what should be done, though I don't know of anything the Lord said about this matter.","Wɩya no ŋ aa basɩ kɩ tɩya ma, ʋ bɩ kɩɩ nɩɩ mɩra rɛ ŋ biŋ kɩ tɩya ma. Ŋ ta kɩ kyagɩlɩ ma rɛ."
8,"My advice for the unmarried and for widows is that it is acceptable for them to remain single, just as I am.","Ŋ yaŋ aa kyɛ dɩ ŋ basɩ tɩya ma boŋgyomo abee haboŋgyomo abee ma lohaana rɛ anɩɩ dɩ mamaa rɛ fa kɩɩ ŋ, a ta paa haana koo a yal balama, ʋ fa sɩ weliye."
10,"I instruct married couples to stay together, and this is exactly what the Lord himself taught. A wife who leaves her husband","Ma nala hʋ aa kaŋ haana abee balama, wɩɩ no ŋ aa kyɛ dɩ ŋ basɩ nyɛ, ŋ tɩɩ daa rɛ aa basɩ. Ʋ lɩɩ á Tɩɩna Wɩɩsɩ lee rɛ: Haaŋ bɩ maga dɩ ʋ vɩya ʋ bala,"
12,"I don't know of anything else the Lord said about marriage. All I can do is to give you my own advice. If your wife isn't a follower of the Lord, but is willing to stay with you, don't divorce her.","Ma nɩkaalɩya hʋ mɛ, mɩyaŋ Pɔɔl tɩɩ mɛ aa kaŋ wɩɩ dɩ ŋ basɩ tɩya ma rɛ nyɛ. Á Tɩɩna Wɩɩsɩ lee daa ʋ lɩɩ. Dɩ Krisitabiye rɛ kaŋ haaŋ aa bɩ laa Yesu wɩya di, ka dɩ haaŋ hʋ laa nyʋwa anɩɩ ʋ bee ʋ bala hʋ hɔŋ, baal hʋ bɩ maga dɩ ʋ vɩya ʋ."
15,"If your husband or wife isn't a follower of the Lord and decides to divorce you, then you should agree to it. You are no longer bound to that person. After all, God chose you and wants you to live at peace.","Amɛ dɩ baal koo haaŋ aa bɩ yaa Krisitabiye rɛ aa kyɛ dɩ ʋ vɩya ʋ haaŋ koo ʋ bala aa yaa Krisitabiye, ŋmanɩɩ we doŋ. Wɩya no iriŋ tɩyaŋ, wɩɩ buloŋ bɩ tɔɔ Krisitabiye hʋ ŋmanɩɩ. Beewɩya Wɩɩsɩ aa kyɛ dɩ á hɔŋ abee laaŋfɩya rɛ."
17,In every church I tell the people to stay as they were when the Lord Jesus chose them and God called them to be his own. Now I say the same thing to you.,"Wɩɩ no tɩyaŋ, lee hʋ ɩ fa aa sɩna ka Wɩɩsɩ leŋ ɩ ko laa Yesu wɩya di, abee wɩɩ hʋ buloŋ Wɩɩsɩ aa kpaa tɩya ɩ, ʋ maga dɩ ɩ ha sɩŋ ba tɩyaŋ nɛ. Wɩya no tɩɩ rɛ ŋ aa kpa kɩ daga Krisitabiisi aa we lee kɛ buloŋ ŋ aa mʋwa tɩyaŋ."
20,So don't try to change what you were when God chose you.,"Lee hʋ nal buloŋ fa aa sɩna aŋ na ko laa Yesu wɩya di, ʋ tɩɩna ha sɩŋ doŋ."
22,"When the Lord chooses slaves, they become his free people. And when he chooses free people, they become slaves of Christ.","Yoŋ hʋ buloŋ aa laa á Tɩɩna Krisita wɩya di, ʋ tɩɩna tɩŋa ʋ tɩɩ rɛ Krisita lee. Ɛɛ tɩɩ rɛ nal hʋ fa aa tɩŋa ʋ tɩɩ aŋ na ko laa Krisita wɩya di, ʋ bɩrɩmɩ Krisita yoŋ nɛ."
23,God paid a great price for you. So don't become slaves of anyone else.,"Wɩɩsɩ leŋ Krisita kpaa ʋ kyal lɛ a yɔbɔ ma. Ɛɛwɩya, ma ta yaa nihuwobisi yosi."
26,"We are now going through hard times, and I think it is best for you to stay as you are.","Akuu lagɩlagɩ no taŋha hʋ aa deye wɩya, dɩ baal lɛ bɩ kpa haaŋ, ʋ rɛ kpɩya."
27,"If you are married, stay married. If you are not married, don't try to get married.","Dɩ ɩ rɛ ko kaŋ haaŋ, ta ko kɩ vɩya ʋ. Dɩ ɩ rɛ ko bɩ kaŋ haaŋ mɛ, ta bɩl ko kɩ kpa haaŋ."
28,"It isn't wrong to marry, even if you have never been married before. But those who marry will have a lot of trouble, and I want to protect you from this.","Amɛ dɩ ɩ rɛ kpaa haaŋ, ɩ bɩ yaa wɩbɔŋ. Dɩ hatoluu mɛ ha aa bɩ yala bala rɛ yal bala, ʋ bɩ yaa wɩbɔŋ. Amɛ baala hʋ aa paa haana abee haana hʋ aa yala balama, ba sɩ na tʋwara dʋnɩya no tɩyaŋ. Ŋ bee kyɛ dɩ ma gyʋʋ tʋwara no tɩyaŋ."
29,"My friends, what I mean is that the Lord will soon come, and it won't matter if you are married or not.","Ŋ naabalɩya, wɩɩ hʋ ŋ aa basɩ rɛ nyɛ: Á bɩl bɩ sɩ pɩɩsɩ dʋnɩya no tɩyaŋ. Ɛɛwɩya, nala hʋ aa kaŋ haana, ʋ maga dɩ ba kɩɩ gɛɛ anɩɩ ba bɩ kaŋ haana."
31,It won't make any difference how much good you are getting from this world or how much you like it. This world as we know it is now passing away.,"Nala hʋ aa we dʋnɩya wɩkanɩya tɩyaŋ a kɩ yaa, ʋ maga dɩ ba kɩɩ gɛɛ rɛ anɩɩ ba tuwo ba tɩyaŋ. Dʋnɩya no aa kɩɩ nyɛ gyɩnaŋ, ʋ aa mʋ tenii rɛ."
32,I want all of you to be free from worry. An unmarried man worries about how to please the Lord.,"Ŋ bee kyɛ dɩ wɩya kɩ dɔŋ ma. Baal hʋ aa bɩ kaŋ haaŋ, ʋ aa kpa ʋ nyuu buloŋ we á Tɩɩna tʋma tɩyaŋ nɛ, a kɩ yaa gɛɛ buloŋ ʋ aa wuwo, dɩ á Tɩɩna Yesu teŋ fɩyɛlɩ."
33,"But a married man has more worries. He must worry about the things of this world, because he wants to please his wife.","Amɛ baal hʋ aa kaŋ haaŋ, ʋ aa kpa ʋ nyuu buloŋ we dʋnɩya wɩkanɩya tɩyaŋ nɛ, beewɩya ɛɛ hʋ ʋ aa sɩ yaa dɩ haaŋ hʋ teŋ fɩyɛlɩ wɩya dʋŋ nɛ aa kyɩla ʋ."
34,"So he is pulled in two directions. Unmarried women and women who have never been married worry only about pleasing the Lord, and they keep their bodies and minds pure. But a married woman worries about the things of this world, because she wants to please her husband.","Ka ʋ hakɩla mɛ aa bɩ sɩŋ wɩdɩgɩ tɩyaŋ. Haaŋ hʋ ha aa bɩ yal bala, koo hatoluu hʋ ha aa bɩ gyɩŋ baal, ʋ aa kpa ʋ teŋbii bee ʋ hakɩla buloŋ nɛ a we á Tɩɩna Krisita tʋma tɩyaŋ, a kɩ lʋga dɩ ʋ yaa tɩpʋlʋŋ tɩɩna Wɩɩsɩ sɩya tɩyaŋ. Amɛ haaŋ hʋ aa kaŋ bala, dʋnɩya no wɩkanɩya rɛ aa we ʋ hakɩla tɩyaŋ, beewɩya ɛɛ hʋ ʋ aa sɩ yaa dɩ ʋ bala teŋ fɩyɛlɩ dʋŋ wɩya rɛ aa kyɩla ʋ."
35,What I am saying is for your own good—it isn't to limit your freedom. I want to help you to live right and to love the Lord above all else.,"Ma tɩɩ pɛyi wɩya rɛ tɩŋ ŋ kɩ basɩ wɩya no buloŋ. Ʋ bɩ kɩɩ nɩɩ ŋ aa fɩl ma rɛ dɩ ma ta kɩ yaa ma wɩkyɛɛlɩya. Amɛ ŋ aa kyɛ dɩ ma kɩ yaa wɩya hʋ aa kpaa ŋmanɩɩ rɛ, a kpa ma tɩɩ abee ma wɩɩ buloŋ a tɩya á Tɩɩna Yesu Krisita."
36,"But suppose you are engaged to someone old enough to be married, and you want her so much that all you can think about is getting married. Then go ahead and marry. There is nothing wrong with that.","Dɩ baal bee haaŋ nɛ wee nyʋwa anɩɩ ba sɩ yala dɔmɔŋ, aŋ ha ta kpa biŋ maakyiye, ka dɩ baal hʋ na anɩɩ ʋ bɩ wuwo kɩ kaŋ ʋ tɩɩ haana lugo tɩyaŋ, koo ʋ na anɩɩ dɩ haaŋ hʋ aa hɩyasɩ, dɩ ʋ rɛ aa kyɛ, ʋ aa wuwo ʋ kpa ʋ rɛ. Ʋ gɛɛ bɩ yaa wɩbɔŋ."
38,"It is perfectly all right to marry, but it is better not to get married at all.","Ɛɛwɩya, dɩ baal lɛ kpaa haaŋ, ʋ yaa weliŋ nɛ, amɛ baal hʋ aa bɩ kpa haaŋ, ʋ rɛ yaŋ marɩ yaa weliŋ."
39,"A wife should stay married to her husband until he dies. Then she is free to marry again, but only to a man who is a follower of the Lord.","Haaŋ aa kaŋ bala bɩ tɩŋa ʋ tɩɩ, dɩ ʋ bala rɛ ha we ʋ mɩɩbol tɩyaŋ. Amɛ dɩ ʋ bala hʋ rɛ ko sʋba, ʋ kaŋ ŋmanɩɩ rɛ dɩ ʋ bɩl yala baal hʋ buloŋ ʋ aa kyɛ. Amɛ ʋ maga dɩ ʋ yala nal hʋ aa yaa Krisitabiye rɛ."
40,"However, I think I am obeying God's Spirit when I say she would be happier to stay single.","Dɩ ŋ kɛ dʋŋ nɛ, ʋ fa ta bɩl yal bala. Ɛɛ rɛ ʋ sɩ hɔŋ abee teŋfɩyɛlʋʋ. Ŋ gyɩma anɩɩ Wɩɩsɩ Wiyesi Welii hʋ we ŋ mɛ tɩyaŋ nɛ."
1,"In your letter you asked me about food offered to idols. All of us know something about this subject. But knowledge makes us proud of ourselves, while love makes us helpful to others.","Ma pɩyɛsɩ ŋ vʋga kɩdiiliye mɛ wɩya rɛ. Lagɩlagɩ no, ŋ aa kyɛ dɩ ŋ basɩ ba mɛ wɩya rɛ. Ʋ yaa wɩtɩɩ rɛ anɩɩ á buloŋ kaŋ wɩgyʋŋ nɛ. Wɩgyʋŋ no iriŋ aa leŋ nihuwobiŋ ŋmaa ʋ bembii a kɩ daga ʋ tɩɩ rɛ, amɛ kyori dʋŋ nɛ aa wuwo leŋ Krisitabiisi kyiyeli dɔmɔŋ a sɩŋ weliŋ Wɩɩsɩ ŋmanɩɩ tɩŋɩɩ tɩyaŋ."
2,"In fact, people who think they know so much don't know anything at all.","Nal hʋ aa bɩɩna anɩɩ ʋ kaŋ wɩgyʋŋ nɛ, ʋ tɩɩna bɩ gyɩŋ wɩɩ buloŋ, beewɩya, wɩgyʋŋ hʋ fa aa maga dɩ ʋ kana daa ʋ kana gɛɛ."
3,But God has no doubts about who loves him.,"Amɛ nal hʋ aa kyo Wɩɩsɩ, Wɩɩsɩ gyɩŋ ʋ tɩɩna rɛ."
4,"Even though food is offered to idols, we know that none of the idols in this world are alive. After all, there is only one God.","Ɛɛwɩya, ma leŋ dɩ á na dɩ ʋ maga dɩ á kɩ di vʋga kɩdiiliye rɛ koo ʋ bɩ maga. Á tɩɩ gyɩma rɛ weliŋ anɩɩ vʋga bɩ kaŋ tɔnɔ buloŋ dʋnɩya no tɩyaŋ. Á gyɩma mɛ rɛ anɩɩ wɩɩsɩ buloŋ bɩl tuwo a lɩɩ Naabidiye Wɩɩsɩ hal."
5,"Many things in heaven and on earth are called gods and lords, but none of them really are gods or lords.","Nala badɔmɔŋ baa dɩ vʋga we taŋha nyuu tɩyaŋ daha rɛ, wɩɩsɩnɩ mɛ we wɩɩsɩnyuu tɩyaŋ. Ba kɛ laa di rɛ anɩɩ wɩɩgyamaa abee tɩɩŋgyamaa rɛ we doŋ."
6,"We have only one God, and he is the Father. He created everything, and we live for him. Jesus Christ is our only Lord. Everything was made by him, and by him life was given to us.","Amɛ ámaa Krisitabiisi kɛ lee, Wɩɩdɩgɩ dʋŋ nɛ we doŋ. Ʋ rɛ yaa á kuwo Wɩɩsɩ hʋ aa ta kɩŋ buloŋ aa we doŋ. Ʋ rɛ tɩŋ ma. Tɩɩna buloŋ mɛ tuwo dɩ á Tɩɩna Yesu Krisita dʋŋ daa. Ʋ tɩyaŋ nɛ Wɩɩsɩ tɩŋa a taa kɩŋ buloŋ. Ʋ tɩyaŋ nɛ á tɩŋa a kaŋ mɩɩbol mɛ."
7,"Not everyone knows these things. In fact, many people have grown up with the belief that idols have life in them. So when they eat meat offered to idols, they are bothered by a weak conscience.","Amɛ nala buloŋ daa gyɩŋ wɩtɩɩ no. Nala badɔmɔŋ ha kpaa ba nyuni buloŋ we vʋga tɩyaŋ nɛ kɩŋkaŋ. Ɛɛ rɛ tɩŋ abee gyɩnaŋ buloŋ, dɩ ba aa rɛ ko di haŋ kɩdiiliye hʋ iriŋ, ba ha aa kɩ bɩɩnɩ anɩɩ vʋga kɩdiiliye rɛ. Ba hakɩllɩ ha bɩ deye Wɩɩsɩ ŋmanɩɩ tɩyaŋ. Ɛɛwɩya, dɩ ba aa rɛ ko di vʋga kɩna, ba aa kɩ bɩɩnɩ anɩɩ ba dii bisiŋ kɩna rɛ."
8,"But food doesn't bring us any closer to God. We are no worse off if we don't eat, and we are no better off if we do.","Kɩdiiliye bɩ sɩ wuwo leŋ dɩ Wɩɩsɩ bee nihuwobisi paga wɩya marɩ weliye. Dɩ ámaa rɛ aa di kɩdiilii ka buloŋ koo dɩ ámaa rɛ aa sɩŋ badɔmɔŋ aŋ kɩ di badɔmɔŋ, ɛɛ tuwo wɩɩ buloŋ Wɩɩsɩ lee."
10,"You know all this, and so it doesn't bother you to eat in the temple of an idol. But suppose a person with a weak conscience sees you and decides to eat food that has been offered to idols.","Dɩ Krisitabiisi hʋ aa bɩ waa Wɩɩsɩ wɩya tɩyaŋ kɩdɩgɩ rɛ naa ma nala hʋ aa waa Wɩɩsɩ wɩya tɩyaŋ kɩdɩgɩ dɩ ʋ hɔŋ vʋga lɩmarɩɩ, a kɩ di vʋga kɩdiiliye hʋ, ma bɩ gyɩma anɩɩ ʋ mɛ sɩ kyesi a kɩ di kɩna no koo?"
13,"So if I hurt one of the Lord's followers by what I eat, I will never eat meat as long as I live.","Ɛɛwɩya, dɩ kɩdiiliye hʋ ŋ aa sɩ di rɛ sɩ leŋ dɩ ŋ naabiye yaa wɩbɔŋ, ɛɛ kɛ ŋ bɩ sɩ maakyiye di haŋ kɩdiiliye hʋ, beewɩya ŋ bee kyɛ dɩ ŋ naabiye yaa wɩbɔŋ."
1,I am free. I am an apostle. I have seen the Lord Jesus and have led you to have faith in him.,"Ma aa naa ŋ nyɛ, ŋ bɩ tɩŋa ŋ tɩɩ? Ŋ bɩ yaa Yesu Krisita kpambɩya? Ŋ ha bɩ naa á Tɩɩna Yesu? Ma daa yaa tɔnɔ hʋ aa lɩɩ ŋ Wɩɩsɩ tʋma tʋmɩɩ tɩyaŋ?"
4,that Barnabas and I have the right to our food and drink.,"Ŋ aa gɔllɩ basɩ Wɩɩsɩ wɩya kɩ tɩya nala nyɛ, ɛɛ kɛ ʋ bɩ maga dɩ ba kɩ tɩya ŋ nyʋwa kɩdiiliye koo?"
5,"We each have the right to marry one of the Lord's followers and to take her along with us, just as the other apostles and the Lord's brothers and Peter do.","Ɛɛ kɛ, ŋ aa gɔllɩ kɩ basɩ Wɩɩsɩ wɩya nyɛ, ŋ kɛ bɩ kaŋ ŋmanɩɩ dɩ ŋ kpa haaŋ aa yaa Krisitabiye dɩ ʋ kɩ tɩŋ ŋ hal anɩɩ ŋ dɔŋtɩŋsɩ Yesu Krisita kpambɩsɩ hʋ badɔmɔŋ abee Yesu nɩmmabalɩya abee Piita aa yaa gɛɛ koo?"
6,Are we the only ones who have to support ourselves by working at another job?,"Koo ŋ bee Banabaasɩ dʋŋ nɛ maga dɩ á kɩ basɩ Wɩɩsɩ wɩya, aŋ ha tʋma kɩ kyɛ á nyʋwa kɩdiiliye?"
7,Do soldiers pay their own salaries? Don't people who raise grapes eat some of what they grow? Don't shepherds get milk from their own goats?,Laalyuwol bee rɛ we doŋ a tʋŋ kɩ tuŋ ʋ tɩɩ? Pɩparɩ bee rɛ bee di ʋ tɩɩ panyʋwa kɩna? Nɔdaal bee rɛ bɩ faa ʋ tɩɩ nʋsɩ ɩl kɩ nyʋwa?
9,I am not saying this on my own authority. The Law of Moses tells us not to muzzle an ox when it is grinding grain. But was God concerned only about an ox?,"Mɩrɩsɩ hʋ Moosi aa saba biŋ tɩyaŋ, ba basa a baa “Ba bee vʋwa nɔpalɩɩ hʋ aa ŋmaa mɩya nyʋwa.” Nɔpalɩɩ hʋ wɩya daa kyɩla Wɩɩsɩ."
10,"No, he wasn't! He was talking about us. This was written in the Scriptures so that all who plow and all who grind the grain will look forward to sharing in the harvest.","Wɩɩsɩ aa basɩ wɩɩ no, ámaa rɛ ʋ kɩ daga gɛɛ. Wɩtɩɩ rɛ ámaa rɛ ʋ kɩ daga. Pɩpara abee kʋkʋnna buloŋ kaŋ bayɩyɛla rɛ anɩɩ ba kaŋ ba tol lɛ kɩkʋmɩya hʋ tɩyaŋ."
11,"When we told the message to you, it was like planting spiritual seed. So we have the right to accept material things as our harvest from you.","Ɛɛ tɩɩ rɛ, Wɩɩsɩ wɩweliye hʋ á aa basa tɩya ma, ba kɩɩ gɛɛ anɩɩ kɩdoho rɛ á kpa doho ma tɩyaŋ gɛɛ. Ɛɛwɩya, dɩ mamaa rɛ aa kyiyeli ma abee dʋnɩya kɩna, ma ta bɩɩna anɩɩ mɛ yaa kɩ parɩ rɛ."
12,"If others have the right to do this, we have an even greater right. But we haven't used this right of ours. We are willing to put up with anything to keep from causing trouble for the message about Christ.","Dɩ mamaa rɛ aa kɩ kyiyeli nala badɔmɔŋ, á kɛ gba paalɩ maga dɩ ma kɩ kyiyeli ma a baŋ ba rɛ. Amɛ á kɛ bɩ kpaa ʋ anɩɩ ʋ yaa kparaama rɛ dɩ ma kyiyeli ma. Á kaŋ kenyiri hʋ aa maga rɛ á wɩɩ buloŋ tɩyaŋ, dɩ gɛɛ wuwo suri ŋmanɩɩ dɩ Krisita wɩweliye pele lee hʋ buloŋ aa maga lagɩ."
13,Don't you know that people who work in the temple make their living from what is brought to the temple? Don't you know that a person who serves at the altar is given part of what is offered?,"Nal buloŋ aa di ʋ tʋma lee rɛ. Ma gyɩma anɩɩ nal hʋ aa tʋŋ tʋma Wɩɩkyʋwaldɩɩbal hʋ tɩyaŋ, doŋ nɛ ʋ kɩ di, ka nala hʋ mɛ aa kpʋʋ pʋsɩ kɩ tɩya Wɩɩsɩ kogu hʋ nyuu tɩyaŋ, ba mɛ kaŋ tol lɛ pʋsɩ hʋ tɩyaŋ."
14,"In the same way, the Lord wants everyone who preaches the good news to make a living from preaching this message.","Ɛɛ tɩɩ rɛ á Tɩɩna Krisita mɛ baa dɩ nala hʋ aa basɩ Wɩɩsɩ wɩya, dɩ ba mɛ tɩŋ doŋ a kɩ na ba kɩdiiliye."
15,"But I have never used these privileges of mine, and I am not writing this because I want to start now. I would rather die than have someone rob me of the right to take pride in this.","Amɛ ŋ ha bɩ tɩŋ ŋmanɩɩ no a kɩ kyɛ ŋ kɩkyɛɛlɩya. Ŋ aa sabɩ teŋ no kɩ tɩya ma nyɛ, ʋ bɩ kɩɩ nɩɩ ŋ aa yɩyɛlɩ nɩɩ ma yaa wɩya no tɩya ŋ nɛ. Ŋ aa sʋba rɛ kpɩya nal kɩdɩgɩ buloŋ aa kpaa kɩŋ tɩya ŋ, dɩ gɛɛ leŋ dɩ ŋ bɩ sɩ wuwo daga ŋ tɩɩ ŋmanɩɩ no ŋ aa tɩŋ tɩyaŋ."
16,"I don't have any reason to brag about preaching the good news. Preaching is something God told me to do, and if I don't do it, I am doomed.","Amɛ ŋ bɩ kaŋ ŋmanɩɩ dɩ ŋ kɩ daga ŋ tɩɩ akuu ŋ aa basɩ Wɩɩsɩ wɩweliye hʋ wɩya. Beewɩya, ʋ yaa fɩlɩɩ rɛ dɩ ŋ kɩ basɩ Wɩɩsɩ wɩya. Ba sɩ lɔrɩ ŋ tɩyaŋ dɩ mɩyaŋ nɛ vɩya Wɩɩsɩ wɩweliye hʋ basɩɩ."
17,"If I preach because I want to, I will be paid. But even if I don't want to, it is still something God has sent me to do.","Dɩ ʋ fa kɩɩ nɩɩ ŋ tɩɩ kyɛrɩ tɩyaŋ nɛ ŋ kɩ basɩ Wɩɩsɩ wɩya, ɛɛ rɛ ŋ fa sɩ kɩ kyɛ dɩ ŋ laa tuno. Amɛ ŋ tɩɩ kyɛrɩ tɩyaŋ daa, Wɩɩsɩ rɛ lɩɩ ŋ a kpa tʋma no we ŋ nosi tɩyaŋ ŋ kɩ tʋma."
18,What pay am I given? It is the chance to preach the good news free of charge and not to use the privileges that are mine because I am a preacher.,Ŋ tuno rɛ yaŋ yaa bee? Ŋ tuno rɛ yaa dɩ ŋ basɩ Wɩɩsɩ wɩweliye hʋ a tɩya ma aŋ ta laa kɩŋ buloŋ. Nyɛ daga anɩɩ ŋ bee laa tuno hʋ aa maga dɩ ŋ laa akuu ŋ aa basɩ Wɩɩsɩ wɩweliye hʋ wɩya.
19,"I am not anyone's slave. But I have become a slave to everyone, so I can win as many people as possible.",Ŋ tɩŋa ŋ tɩɩ rɛ. Ŋ bɩ yaa nal buloŋ yoŋ. Amɛ ŋ kaŋ ŋ tɩɩ bɩrɩmɩ nal buloŋ yoŋ nɛ dɩ ŋ wuwo na nala yʋga dɩ ba ko tɩŋ Yesu Krisita.
21,"And when I am with people who are not ruled by the Law, I forget about the Law to win them. Of course, I never really forget about the law of God. In fact, I am ruled by the law of Christ.","Ɛɛ tɩɩ rɛ, dɩ mɩyaŋ nɛ ko mʋ nala hʋ aa bɩ yaa Gyuuma lee, ŋ aa kaŋ ŋ tɩɩ bɩrɩmɩ ba kɩdɩgɩ rɛ, aŋ ta bee tɩŋ Gyuuma mɩrɩsɩ hʋ dɩ ŋ wuwo leŋ dɩ ba badɔmɔŋ ko tɩŋ Yesu Krisita. Wɩɩ no bɩ kɩɩ nɩɩ ŋ bee tɩŋ Wɩɩsɩ mɩrɩsɩ hʋ. Amɛ ŋ kɔnɩ aa tɩŋ wɩya hʋ Krisita aa basa rɛ."
26,I don't run without a goal. And I don't box by beating my fists in the air.,"Ɛɛ rɛ tɩŋ ŋ fá kɩ mʋ sɩdeŋ, a kɩ deŋ lɩmʋtenii hʋ. Ɛɛ rɛ tɩŋ ŋ kɩɩ gɛɛ anɩɩ nal aa ŋmaa kyɔrɩya, ŋ bɩ viri ŋ noŋ kɩ ta waasʋ waasʋ."
27,"I keep my body under control and make it my slave, so I won't lose out after telling the good news to others.","Ŋ fɩla ŋ tɩɩ rɛ, a kana ŋ teŋbii bɩrɩmɩ ŋ yoŋ. Ŋ yaa gɛɛ rɛ dɩ ŋ ta ko basɩ Wɩɩsɩ wɩweliye hʋ tɩya nala teŋ, ka dɩ ŋ tɩɩ bɩ kaŋ tol Wɩɩsɩ koro hʋ tɩyaŋ."
3,All of them also ate the same spiritual food,Ba buloŋ nɛ gyɩ dii kɩdiiliye hʋ Wɩɩsɩ gyɩ aa tɩya ba.
4,"and drank the same spiritual drink, which flowed from the spiritual rock that followed them. That rock was Christ.","Ba buloŋ mɛ rɛ gyɩ nyʋwa nɩɩ hʋ Wɩɩsɩ gyɩ aa leŋ ʋ lɩɩ bʋyɩ hʋ tɩyaŋ. Krisita tɩɩ rɛ yaa bʋyɩ no, a gyɩ kɩ tɩŋ ba tɩyaŋ."
5,"But most of them did not please God. So they died, and their bodies were scattered all over the desert.","Abee gɛɛ buloŋ, ka Wɩɩsɩ teŋ gyɩ bɩ fɩyɛla ba gyeniŋ buloŋ nyuu tɩyaŋ, ɛɛ rɛ tɩŋ ba gyɩ sʋba sʋba gyaasɩ pogo hʋ tɩyaŋ buloŋ."
6,What happened to them is a warning to keep us from wanting to do the same evil things.,"Wɩya no buloŋ yaa wɩyaabiniye rɛ, dɩ ba kʋrɩsɩ á dɩgɩna dɩ á ta kpaa á hakɩllɩ we wɩbɔmɔ yayɩ tɩyaŋ anɩɩ nala no fa aa yaa gɛɛ."
7,"They worshiped idols, just as the Scriptures say, “The people sat down to eat and drink. Then they got up to dance around.” So don't worship idols.","Ma ta kɩ marɩ vʋga anɩɩ á naabaala hʋ badɔmɔŋ gyɩ aa yaa gɛɛ. Wɩɩsɩ teŋ tɩyaŋ ba baa, “Nala hʋ gyɩ hɔŋ di kɩdiiliye rɛ, a nyʋwa sɩŋ, aŋ sii gʋwa, a yaa wɩlaama.”"
23,"Some of you say, “We can do whatever we want to!” But I tell you not everything may be good or helpful.","Á kaŋ ŋmanɩɩ rɛ á aa sɩ wuwo yaa wɩɩ buloŋ, amɛ wɩɩ buloŋ daa kaŋ tɔnɔ tɩya ma. Wɩɩ buloŋ mɛ daa kaŋ kyiyelii tɩya ma, á Wɩɩsɩ ŋmanɩɩ tɩŋɩɩ tɩyaŋ."
9,"And don't try to test Christ, as some of them did and were later bitten by poisonous snakes.",Ʋ bɩ maga dɩ á kɩ magɩsɩ á Tɩɩna Wɩɩsɩ anɩɩ ba badɔmɔŋ gyɩ aa magɩsɩ Wɩɩsɩ gɛɛ. Ɛɛ rɛ tɩŋ Wɩɩsɩ gyɩ leŋ dʋma dʋŋ ba kpʋ.
10,"Don't even grumble, as some of them did and were killed by the destroying angel.",Ʋ bɩ maga dɩ á kɩ gʋrɩmɩ wɩya anɩɩ ba badɔmɔŋ gyɩ aa yaa gɛɛ. Ɛɛ rɛ tɩŋ Wɩɩsɩ gyɩ leŋ ʋ malɩka hʋ aa kpʋ nala ko kpʋ ba.
11,These things happened to them as a warning to us. All this was written in the Scriptures to teach us who live in these last days.,"Wɩɩsɩ gyɩ yaa ba wɩya no rɛ, ʋ yaa kyagɩlɩ a tɩya nal buloŋ. Amɛ ba sabɩ wɩya no biŋ dɩ ba kʋrɩsɩ á Krisitabiisi dɩgɩna rɛ. Beewɩya, á we saŋa hʋ tɩyaŋ dʋnɩya hʋ aa kpaga tenii rɛ."
12,"Even if you think you can stand up to temptation, be careful not to fall.","Ɛɛwɩya, nal buloŋ aa bɩɩna anɩɩ ʋ kɛ sɩŋ weliŋ nɛ Wɩɩsɩ ŋmanɩɩ tɩyaŋ, ʋ tɩɩna fɩyɛlɩ ʋ sɩya weliŋ, dɩ ʋ ta ko tele."
14,"My friends, you must keep away from idols.","Ɛɛwɩya, ŋ kyaŋweliye, ma lɩɩ ma tɩɩ vʋga marɩɩ tɩyaŋ."
15,I am speaking to you as people who have enough sense to know what I am talking about.,"Ŋ gyɩma anɩɩ ma kaŋ wɩgyʋŋ nɛ, ɛɛ rɛ tɩŋ ŋ basɩ wɩɩ no kɩ tɩya ma. Ma tɩɩ bɩɩnɩ wɩɩ no na weliŋ."
17,"By sharing in the same loaf of bread, we become one body, even though there are many of us.","Á yʋga rɛ, amɛ akuu á buloŋ aa kpa paanʋʋ dɩgɩ a kpaa dɔmɔŋ wɩya, á buloŋ yaa kɩdɩgɩ rɛ."
18,Aren't the people of Israel sharing in the worship when they gather around the altar and eat the sacrifices offered there?,"Ma liisi Iziral tɩmma nala hʋ gyɩ aa kpʋ pʋsɩ a fisi kɩ tɩya Wɩɩsɩ wɩya. Dɩ ba aa rɛ gyɩ ko kpʋ pʋna buloŋ, ba mɛ aa kyaŋ ba tol lɛ. Ɛɛ daga anɩɩ ba bee Wɩɩsɩ buloŋ yaa kɩdɩgɩ rɛ."
19,Am I saying that either the idols or the food sacrificed to them is anything at all?,"Wɩɩ no ŋ aa basa, ʋ memii rɛ yaa bee? Ma bɩɩna ŋ baa dɩ vʋga abee vʋga kɩdiiliye yaa kɩna rɛ koo?"
20,"No, I am not! This food is really sacrificed to demons and not to God. I don't want you to have anything to do with demons.","Aayɩ, wɩɩ hʋ ŋ aa basɩ rɛ nyɛ: Dɩ vʋgɩmarɩla rɛ marɩ ba vʋga, kɩŋ kɛ buloŋ ba aa kpʋwa, ba aa kpʋ tɩya gyɩŋbɔmɔ rɛ. Wɩɩsɩ daa ba aa kpʋ tɩya. Ŋ yaŋ bee kyɛ dɩ ma bee gyɩŋbɔmɔ pɛ wɩɩ buloŋ."
21,You cannot drink from the cup of demons and still drink from the Lord's cup. You cannot eat at the table of demons and still eat at the Lord's table.,"Ma bee Wɩɩsɩ bɩ sɩ wuwo pɛ nɩɩnyʋwagbaŋbiye, aŋka dɩ ma bee gyɩŋbɔmɔ mɛ bɩl pɛ nɩɩnyʋwagbaŋbiye. Ma bee Wɩɩsɩ bɩ sɩ wuwo pɛ kɩdigbaha, ka dɩ ma bee gyɩŋbɔmɔ mɛ bɩl kɩdigbaha."
22,We would make the Lord jealous if we did this. And we are not stronger than the Lord. Always Honor God,Koo á aa kyɛ dɩ á yaa dɩ Wɩɩsɩ baaŋ sii rɛ? Koo á bɩɩna anɩɩ ámaa rɛ kaŋ dee te Wɩɩsɩ?
25,"However, when you buy meat in the market, go ahead and eat it. Keep your conscience clear by not asking where the meat came from.",Ma sɩ wuwo kyaŋ namɩya kɛ buloŋ ba aa yallɩ yɔbɔ tɩyaŋ. Ma ta leŋ dɩ ʋ kyaŋɩɩ wɩya kɩ dɔŋ ma hakɩllɩ nɩɩ vʋgɩmarɩ namɩya rɛ koo vʋgɩmarɩ namɩya daa.
26,"The Scriptures say, “The earth and everything in it belong to the Lord.”","Wɩɩsɩ teŋ tɩyaŋ ba basa rɛ a baa, “Dʋnɩya abee kɩna hʋ buloŋ aa we ʋ tɩyaŋ, á Tɩɩna Wɩɩsɩ rɛ tɩŋ ba.”"
27,"If an unbeliever invites you to dinner, and you want to go, then go. Eat whatever you are served. Don't cause a problem for someone's conscience by asking where the food came from.","Dɩ nal hʋ aa bee kyʋwalɩ Wɩɩsɩ rɛ yɩrɩ ɩ dɩ ɩ ko di kɩna, dɩ ɩ rɛ ko kɩ kyɛ, mʋ di. Ta leŋ dɩ ɩ hakɩla kɩ dɔmɔ ɩ kɩdiiliye hʋ wɩya, anɩɩ ʋ maga dɩ ɩ di koo ʋ bɩ maga dɩ ɩ di."
29,"But if you are told it has been sacrificed to idols, don't cause a problem by eating it. I don't mean a problem for yourself, but for the one who told you. Why should my freedom be limited by someone else's conscience?","Ta tɩŋa ɩ hakɩla tɩyaŋ a di, tɩŋ nal hʋ aa basɩ tɩya ɩ hakɩla tɩyaŋ, a ta diye. Dɩ mɩyaŋ nɛ gyɩma anɩɩ ŋ kaŋ ŋmanɩɩ rɛ dɩ ŋ yaa wɩɩ hʋ ŋ aa kyɛ, bee rɛ yaŋ tɩŋ nal kɩdɩgɩ hakɩla sɩ wuwo tɔ ŋ ŋmanɩɩ dɩ ŋ ta yaa haŋ wɩɩ hʋ?"
30,"If I give thanks for what I eat, why should anyone accuse me of doing wrong?","Dɩ mɩyaŋ nɛ kyʋwalɩ Wɩɩsɩ aŋgyʋwasʋ aŋ na di kɩdiilii, ɛɛ rɛ nal kɩdɩgɩ sɩ yaa basɩ tɩya ŋ anɩɩ ŋ kyogo rɛ ŋ aa dii kɩdiilii hʋ wɩya?"
33,"I always try to please others instead of myself, in the hope that many of them will be saved.","Ma kɩ kyesi ŋ wɩyaalɩya. Wɩɩ kɛ buloŋ ŋ aa yaa, ŋ aa bee kyɩla ŋ tɩɩ wɩya. Amɛ ŋ aa kɩ kyɛ dɩ ŋ pɛ nɩgyamaa tɩyaŋ nɛ, dɩ Wɩɩsɩ laa ba ta."
1,"You must follow my example, as I follow the example of Christ. Rules for Worship",Ma kɩ kyesi ŋ wɩyaalɩya anɩɩ ŋ mɛ aa kyesi Krisita gɛɛ.
2,"I am proud of you, because you always remember me and obey the teachings I gave you.","Ma aa yaa kuwokeri rɛ, abee ma aa kɩ liisi ŋ wɩya saŋa buloŋ, a kɩ tɩŋ wɩya hʋ mɛ ŋ aa kpaa daga ma."
3,"Now I want you to know that Christ is the head of all men, and a man is the head of a woman. But God is the head of Christ.",Amɛ ŋ aa kyɛ dɩ ma gyɩma rɛ anɩɩ Krisita rɛ aa deŋ baal buloŋ nyuu. Haaŋ bala mɛ rɛ aa deŋ ʋ haaŋ nyuu. Amɛ Wɩɩsɩ mɛ rɛ aa deŋ Krisita nyuu.
4,This means that any man who prays or prophesies with something on his head brings shame to his head.,"Ɛɛwɩya, dɩ baal lɛ kpaa kɩŋ tɔ ʋ nyuu aŋ kɩ kyʋwalɩ Wɩɩsɩ, koo a kɩ basɩ Wɩɩsɩ wɩya gyamaa tɩyaŋ, ʋ aa we nal hʋ aa deŋ ʋ nyuu hɩɩsɩ tɩyaŋ nɛ gɛɛ."
5,"But any woman who prays or prophesies without something on her head brings shame to her head. In fact, she may as well shave her head.","Dɩ haaŋ mɛ buloŋ nɛ bɩ kpaa kɩŋ vʋwa tɔ ʋ nyuu, aŋ kɩ kyʋwalɩ Wɩɩsɩ, koo a kɩ basɩ Wɩɩsɩ wɩya gyamaa tɩyaŋ, ʋ bala rɛ ʋ kɩ we hɩɩsɩ tɩyaŋ gɛɛ. Ʋ kɩɩ gɛɛ anɩɩ ʋ aa fʋma ʋ nyuu."
6,"A woman should wear something on her head. It is a disgrace for a woman to shave her head or cut her hair. But if she refuses to wear something on her head, let her cut off her hair.","Dɩ haaŋ nɛ ko bee kyɛ dɩ ʋ kpa kɩŋ vʋwa tɔ ʋ nyuu, ɛɛ kɛ ma leŋ dɩ ʋ fʋma ʋ nyuu ta. Ʋ aa yaa hɩɩsɩ wɩɩ abee haaŋ aa sɩ ko ʋ nyuu, koo a fʋma ʋ nyuu wɩya, ʋ maga dɩ haaŋ buloŋ kpa kɩŋ vʋwa tɔ ʋ nyuu rɛ."
7,Men were created to be like God and to bring honor to God. This means a man should not wear anything on his head. Women were created to bring honor to men.,"Baal kɛ bɩ maga dɩ ʋ kpa kɩŋ tɔ ʋ nyuu, beewɩya Wɩɩsɩ marɩ baal ʋ kɩɩ ʋ Wɩɩsɩ tɩɩ rɛ. Ʋ mɛ rɛ aa daga Wɩɩsɩ gaŋdarɩ. Amɛ haaŋ mɛ rɛ aa daga baal gaŋdarɩ,"
8,"It was the woman who was made from a man, and not the man who was made from a woman.","beewɩya haaŋ tɩyaŋ daa Wɩɩsɩ tɩŋa a marɩ baal, amɛ baal tɩyaŋ nɛ ʋ tɩŋa a marɩ haaŋ."
9,He wasn't created for her. She was created for him.,"Ɛɛ hal tɩyaŋ mɛ bɩla, haaŋ wɩya daa tɩŋ Wɩɩsɩ marɩ baal, amɛ baal wɩya rɛ tɩŋ ʋ marɩ haaŋ."
10,"And so, because of this, and also because of the angels, a woman ought to wear something on her head, as a sign of her authority.","Wɩɩ no wɩya, abee malɩkasɩ wɩya, haaŋ maga dɩ ʋ kpa kɩŋ vʋwa tɔ ʋ nyuu rɛ a daga anɩɩ ʋ bala rɛ aa deŋ ʋ nyuu."
11,"As far as the Lord is concerned, men and women need each other.","Amɛ Krisita sɩya tɩyaŋ, baal bɩ tɩŋa ʋ tɩɩ a lɩɩ ʋ haaŋ hal, haaŋ mɛ bɩ tɩŋa ʋ tɩɩ a lɩɩ ʋ bala hal."
12,"It is true that the first woman came from a man, but all other men have been given birth by women. Yet God is the one who created everything.","Wɩɩsɩ aa yaŋ tɩŋ baal tɩyaŋ a marɩ haaŋ gɛɛ, ɛɛ tɩɩ rɛ haaŋ mɛ kɩ lʋl baal. Amɛ kɩŋ buloŋ lɩɩ Wɩɩsɩ lee rɛ."
13,Ask yourselves if it is proper for a woman to pray without something on her head.,"Ma pɩyɛsɩ ma tɩɩ wɩɩ no na weliŋ, dɩ haaŋ nɛ aa kyʋwalɩ Wɩɩsɩ gyamaa tɩyaŋ, aŋ bɩ kpaa kɩŋ vʋwa tɔ ʋ nyuu, ʋ yaa ŋmanɩɩ rɛ?"
15,But long hair is a beautiful way for a woman to cover her head.,Amɛ nyupʋŋdoliye yaa weliŋ kɩna rɛ haaŋ kɛ lee. Wɩɩsɩ kpaa nyupʋŋdoliye tɩya haaŋ dɩ ʋ kaŋ kɩ tɔ ʋ nyuu rɛ.
18,"I am told you can't get along with each other when you worship, and I am sure that some of what I have heard is true.","Wɩɩ hʋ aa we doŋ nɛ nyɛ, ba basɩ tɩya ŋ anɩɩ dɩ mamaa rɛ ko laŋŋɩ dɩ ma kyʋwalɩ Wɩɩsɩ, nyʋʋdɩgɩ aa tuwo ma tɩyaŋ. Ŋ laa di anɩɩ wɩtɩɩ mʋhʋ we wɩɩ no tɩyaŋ nɛ."
19,"You are bound to argue with each other, but it is easy to see which of you have God's approval.","Sige tuwo, ʋ paalɩ maga dɩ ma porigi dɔmɔŋ nɛ, dɩ ba gyɩŋ nala hʋ kɔnɩ aa sɩŋ wɩtɩɩ ŋmanɩɩ hʋ tɩyaŋ."
21,"You even start eating before everyone gets to the meeting, and some of you go hungry, while others get drunk.","Beewɩya, ma aa ko ko, ma aa bɩ gyegili dɔmɔŋ aŋ kɩ di ma kɩdiiliye. Badɔmɔŋ aa di vɔgɔ rɛ, a nyʋwa sɩŋ bugo, ka badɔmɔŋ mɛ kaŋ losi."
26,"The Lord meant that when you eat this bread and drink from this cup, you tell about his death until he comes.","A lɩɩ nyɛ kaŋ kɩ mʋ saŋa hʋ á Tɩɩna aa sɩ mɩɩgɩ ko, dɩ mamaa rɛ ko laŋŋɩ saŋa kɛ buloŋ a kyaŋ paanʋʋ no, aŋ nyʋwa nɩɩnyʋwagbaŋbiye no tɩya kɩna, á Tɩɩna Krisita sʋʋ daŋsɩya rɛ ma kɩ di gɛɛ."
29,"If you fail to understand that you are the body of the Lord, you will condemn yourselves by the way you eat and drink.","Dɩ nal lɛ bɩ sʋnnɩ ʋ tɩɩ na weliŋ a gyɩma anɩɩ paanʋʋ hʋ ʋ aa kyaŋ yaa Krisita teŋbii rɛ, sɩŋ hʋ mɛ yaa ʋ kyal, ka dɩ ʋ na di aŋ nyʋwa, ʋ kaŋ ʋ tɩɩ bagɩna we ŋmaŋ tɩyaŋ nɛ gɛɛ."
25,"After the meal, Jesus took a cup of wine in his hands and said, “This is my blood, and with it God makes his new agreement with you. Drink this and remember me.”","Ɛɛ tɩɩ rɛ, ba aa dii kɩdiiliye hʋ teŋ, ʋ bɩl kpa nɩɩnyʋwagbaŋbiye abee sɩŋ mɛ aŋ baa, “Nɩɩnyʋwagbaŋbiye no tɩya kɩna rɛ yaa ŋ kyal Wɩɩsɩ aa kpaa we nyʋʋfalɩɩ hʋ tɩya ma. Saŋa kɛ buloŋ dɩ mamaa rɛ ko kɩ nyʋwa ʋ tɩya kɩna, ma nyʋwa a kɩ liisi ŋ wɩya.”"
23,I have already told you what the Lord Jesus did on the night he was betrayed. And it came from the Lord himself. He took some bread in his hands.,"Wɩya hʋ á Tɩɩna Krisita tɩɩ aa daga ŋ, ba aa rɛ ŋ mɛ kpa kɩ daga ma nyɛ. Haŋ tebine hʋ, ka dɩ ba na kpa á Tɩɩna Yesu yallɩ, ʋ gyɩ kpaa paanʋʋgaŋ nɛ,"
24,"Then after he had given thanks, he broke it and said, “This is my body, which is given for you. Eat this and remember me.”","a kyʋwalɩ Wɩɩsɩ aŋgyʋwasʋ, aŋ kaŋ lɔgɔ aŋ basɩ tɩya ʋ hatɩnna hʋ a baa, “Ŋ teŋbii rɛ nyɛ ŋ kpa kɩ tɩya ma. Ma yaa nyɛ a kɩ liisi ŋ wɩya.”"
27,"But if you eat the bread and drink the wine in a way that isn't worthy of the Lord, you sin against his body and blood.","Ɛɛwɩya, dɩ nal buloŋ nɛ ko kyaŋ á Tɩɩna paanʋʋ no koo a nyʋwa ʋ nɩɩnyʋwagbaŋbiye no tɩya kɩna ɛɛ aa bɩ maga, ʋ tɩɩna yaa wɩbɔŋ nɛ, beewɩya ʋ kaŋ á Tɩɩna teŋbii abee ʋ kyal hʋ kʋwasɩ rɛ gɛɛ."
30,This is why many of you are sick and weak and why a lot of others have died.,"Ma badɔmɔŋ we doŋ aa bɩ sʋnnɩ ba tɩɩ na weliŋ, aŋ kɩ di kɩdiiliye hʋ. Ɛɛ rɛ tɩŋ ma gyeniŋ buloŋ wɩɩlɩ pʋgɩmɩ pʋgɩmɩ, ka ma badɔmɔŋ mɛ sʋba gɛɛ."
32,"But when the Lord judges and punishes us, he does it to keep us from being condemned with the rest of the world.","Amɛ Wɩɩsɩ naa dɩ á kyogo rɛ, ɛɛ rɛ tɩŋ ʋ laa sɩya dɔgɩsɩ ma. Beewɩya, ʋ bee kyɛ dɩ ʋ ko kpa ma pɛ dʋnɩya nala hʋ aa bɩ laa Yesu wɩya di tɩyaŋ a di á sarɩya, a kpa kyogisi tɩya ma."
33,"My dear friends, you should wait until everyone gets there before you start eating.","Ɛɛwɩya, ŋ naabalɩya, dɩ mamaa rɛ ko laŋŋɩ dɩ ma di kɩdiiliye hʋ á Tɩɩna aa baa dɩ á di a kɩ liisi ʋ wɩya, ma gyegili dɔmɔŋ."
34,"If you really are hungry, you can eat at home. Then you won't condemn yourselves when you meet together. After I arrive, I will instruct you about the other matters.","Dɩ losi rɛ kaŋ ma kɩdɩgɩ buloŋ, ʋ di kɩna ʋ dɩya tɩyaŋ, aŋ na ko laŋŋɩɩ hʋ. Ɛɛ rɛ sɩ leŋ dɩ ma ta yaa wɩɩ kyogi ma laŋŋɩɩ tɩyaŋ, dɩ Wɩɩsɩ ko kpa kyogisi tɩya ma. Wɩkaalɩya hʋ kɛ buloŋ, dɩ mɩyaŋ nɛ ko ko, ŋ sɩ daga ma ba ŋmaŋsɩ."
2,"I want you to remember that before you became followers of the Lord, you were led in all the wrong ways by idols that cannot even talk.","Ma tɩɩ gyɩma anɩɩ saŋa hʋ tɩyaŋ ma fa aa bɩ yaa Krisitabiisi, ma fa nyʋgɩsa rɛ, a fa kɩ marɩ vʋga aa bɩ kaŋ mɩɩbol."
3,"Now I want you to know that if you are led by God's Spirit, you will say that Jesus is Lord, and you will never curse Jesus.","Ŋ aa kyɛ dɩ ma gyɩma anɩɩ dɩ Wɩɩsɩ Wiyesi Welii hʋ rɛ we nal tɩyaŋ, ʋ tɩɩna bɩ sɩ wuwo basɩ wɩbɔŋ a tɩya Yesu. Nal buloŋ mɛ bɩ sɩ wuwo baa dɩ Yesu rɛ yaa á Tɩɩna, see dɩ Wɩɩsɩ Wiyesi Welii hʋ we ʋ tɩɩna tɩyaŋ."
4,"There are different kinds of spiritual gifts, but they all come from the same Spirit.",Wiyesi Welii hʋ aa kpa bɔnyɛ kɩna iriŋ iriŋ nɛ a tɩya ma amɛ ba buloŋ aa lɩɩ haŋ Wiyesi Welidɩgɩ hʋ dʋŋ lee rɛ.
6,and we can each do different things. Yet the same God works in all of us and helps us in everything we do.,"Nal buloŋ kaŋ ʋ tʋma rɛ ʋ aa sɩ wuwo tʋma a tɩya Wɩɩsɩ, amɛ Wɩɩsɩ rɛ aa tɩya nal buloŋ dee ʋ kaŋ kɩ tʋŋ tʋma hʋ."
7,The Spirit has given each of us a special way of serving others.,"Nal buloŋ kaŋ ʋ wɩɩ rɛ Wɩɩsɩ Wiyesi Welii hʋ aa kpaa tɩya ʋ, dɩ ʋ kaŋ kɩ pɛ ʋ dɔŋtɩŋsɩ Krisitabiisi tɩyaŋ."
8,"Some of us can speak with wisdom, while others can speak with knowledge, but these gifts come from the same Spirit.",Wɩɩsɩ Wiyesi Welii hʋ aa wuwo leŋ nal kɩdɩgɩ kɩ basɩ wɩya bee wɩgyʋŋ nɛ ka kɩdɩgɩ mɛ kɩ basɩ bee gyɩmaa.
9,To others the Spirit has given great faith or the power to heal the sick,"Wɩɩsɩ Wiyesi Welii no tɩɩ rɛ aa wuwo leŋ nal kɩdɩgɩ laa Wɩɩsɩ di weliŋ, a leŋ nal kɩdɩgɩ mɛ kaŋ dee a kɩ tɩɩbɩ wɩɩla tɩmma,"
11,But it is the Spirit who does all this and decides which gifts to give to each of us. One Body with Many Parts,Tʋŋ iriŋ iriŋ noma buloŋ lɩɩ Wiyesi Welidɩgɩ hʋ dʋŋ lee rɛ. Ʋ tɩɩ kyɛrɩ tɩyaŋ nɛ ʋ tɩŋa a kpa wɩ-iriŋ iriŋ no ma a tɩya nal buloŋ.
13,"Some of us are Jews, and others are Gentiles. Some of us are slaves, and others are free. But God's Spirit baptized each of us and made us part of the body of Christ. Now we each drink from that same Spirit.","Nyɛ tɩɩ rɛ á Krisitabiisi mɛ kɩɩ. Á yaa nɩgyamaa rɛ, amɛ á yaa kɩdɩgɩ rɛ. Wiyesi Welidɩgɩ hʋ dee tɩyaŋ nɛ ba fo á buloŋ wɩɩkyʋwalnɩɩ, á nala hʋ aa yaa Gyuuma abee nala hʋ aa bɩ yaa Gyuuma, nala hʋ aa yaa yosi abee nala hʋ aa tɩŋ ba tɩɩ buloŋ. Wɩɩsɩ kpaa ʋ Wiyesi Welidɩgɩ hʋ a we á buloŋ tɩyaŋ nɛ."
14,Our bodies don't have just one part. They have many parts.,Nihuwobiŋ teŋbii buloŋ bɩ yaa logiŋdɩgɩ dʋŋ. Ʋ kaŋ logiŋgyamaa rɛ.
15,"Suppose a foot says, “I'm not a hand, and so I'm not part of the body.” Wouldn't the foot still belong to the body?","Dɩ nihuwobiŋ naaŋ nɛ sii baa, “Ŋ bɩ yaa noŋ, ɛɛ wɩya ŋ bɩ pɛɛ nihuwobiŋ teŋ tɩyaŋ”, nyɛ basɩɩ sɩ wuwo leŋ dɩ ʋ bɩ yaa nihuwobiŋ teŋ logiŋ kɩdɩgɩ?"
16,"Or suppose an ear says, “I'm not an eye, and so I'm not part of the body.” Wouldn't the ear still belong to the body?","Dɩ dɩgɩŋ nɛ sii baa “Ŋ bɩ yaa sii, ɛɛ wɩya ŋ bɩ pɛɛ nihuwobiŋ teŋ tɩyaŋ, ʋ nyɛ basɩɩ sɩ wuwo leŋ dɩ ʋ bɩ yaa nihuwobiŋ logiŋ kɩdɩgɩ?"
17,"If our bodies were only an eye, we couldn't hear a thing. And if they were only an ear, we couldn't smell a thing.","Dɩ nihuwobiŋ teŋbii buloŋ fa yaa sii dʋŋ, ɛɛ rɛ nihuwobiŋ fa sɩ yaa a kɩ nɩɩ wɩya? Dɩ nihuwobiŋ teŋbii buloŋ mɛ rɛ fa yaa dɩgɩŋ, ɛɛ rɛ ʋ fa sɩ yaa a kɩ nɩɩ sʋwala?"
18,But God has put all parts of our body together in the way that he decided is best.,"Amɛ wɩɩ hʋ aa we doŋ nɛ nyɛ, Wɩɩsɩ marɩ nihuwobiŋ logimo buloŋ nɛ a leŋ ba kɩdɩgɩ buloŋ we lee hʋ ʋ aa kyɛ gɛɛ."
19,"A body isn't really a body, unless there is more than one part.","Dɩ nihuwobiŋ teŋbii buloŋ fa yaa logiŋdɩgɩ dʋŋ, ʋ fa sɩ kpere?"
20,It takes many parts to make a single body.,Amɛ wɩɩ hʋ aa we doŋ nɛ nyɛ: nihuwobiŋ teŋbii yaa kɩdɩgɩ dʋŋ nɛ aŋ kaŋ logiŋgyamaa.
21,That's why the eyes cannot say they don't need the hands. That's also why the head cannot say it doesn't need the feet.,"Ɛɛwɩya, sɩɩ bɩ sɩ wuwo basɩ tɩya noŋ anɩɩ noŋ bɩ kaŋ tɔnɔ tɩya ʋ. Ɛɛ tɩɩ rɛ nyuu mɛ bɩ sɩ wuwo basɩ tɩya naasɩ anɩɩ naasɩ bɩ kaŋ tɔnɔ tɩya ʋ."
22,"In fact, we cannot get along without the parts of the body that seem to be the weakest.","Nihuwobiŋ teŋ leye badɔmɔŋ kɩɩ gɛɛ rɛ anɩɩ ba bɩ yaa sɩfɩyaŋ kɩna, amɛ dɩ ba aa rɛ tuwo ʋ teŋ tɩyaŋ, ʋ bɩ sɩ wuwo yaa wɩɩ buloŋ."
24,but we don't have to be modest about other parts. God put our bodies together in such a way that even the parts that seem the least important are valuable.,"Wɩɩsɩ tɩɩ rɛ kpaa nihuwobiŋ teŋbii leye buloŋ pɛ dɔmɔŋ, a kpa yohuŋ tɩya leye hʋ á aa bɩɩnɩ ba bɩ yaa sɩfɩyaŋ leye."
25,"He did this to make all parts of the body work together smoothly, with each part caring about the others.","Wɩɩsɩ yaa gɛɛ rɛ dɩ nihuwobiŋ teŋ lɩgyamaa hʋ buloŋ ta gʋl kɩ kaa dɔmɔŋ, ka dɩ ba kyɩl dɔmɔŋ wɩya a maga dɔmɔŋ."
26,"If one part of our body hurts, we hurt all over. If one part of our body is honored, the whole body will be happy.","Dɩ nihuwobiŋ logiŋdɩgɩ rɛ ko kɩ na tʋwara, ʋ teŋ lɩkaalɩya hʋ buloŋ mɛ aa we haŋ tʋwara hʋ tɩyaŋ nɛ, dɩ ba aa rɛ bɩl bigisi nihuwobiŋ teŋ logiŋdɩgɩ, ʋ teŋ leye buloŋ tenni mɛ aa fɩyɛlɩ rɛ."
27,Together you are the body of Christ. Each one of you is part of his body.,Ma buloŋ pɛɛ dɔmɔŋ a yaa Yesu teŋbii rɛ. Ma kɩdɩgɩ buloŋ yaa ʋ teŋbii logiŋ kɩdɩgɩ rɛ.
29,Not everyone is an apostle. Not everyone is a prophet. Not everyone is a teacher. Not everyone can work miracles.,"Ɛɛ kɛ, Krisitabiisi buloŋ nɛ yaŋ yaa Yesu kpambɩsɩ? Koo ba buloŋ nɛ yaa Wɩɩsɩ tɩŋdaala, koo nala hʋ aa daga nala Wɩɩsɩ wɩya. Ba buloŋ nɛ kaŋ dee a kɩ yaa wɩmagɩla?"
30,Not everyone can heal the sick. Not everyone can speak different kinds of languages. Not everyone can tell what these languages mean.,Koo ba buloŋ nɛ kaŋ dee a kɩ tɩɩbɩ wɩɩla tɩmma. Ba buloŋ nɛ wuwo kɩ basɩ wɩya taakperiye tɩyaŋ? Koo ba buloŋ nɛ wuwo kɩ gyɩŋ taakperiye hʋ memii?
31,I want you to desire the best gifts. So I will show you a much better way.,"Ɛɛwɩya, ma yaa sɩfɩyaŋ kɩ kyɛ bɔnyɛ kɩna hʋ Wɩɩsɩ Wiyesi Welii hʋ aa kpaa kɩ tɩya nala. Amɛ ŋ yaŋ sɩ daga ma ŋmanɩɩ hʋ aa baŋ ŋmaŋsɩ buloŋ dɩ ma kɩ tɩŋa."
1,"What if I could speak all languages of humans and even of angels? If I did not love others, I would be nothing more than a noisy gong or a clanging cymbal.","Dɩ mɩyaŋ nɛ wuwo kɩ basɩ dʋnɩya no taanɩ buloŋ, abee malɩkasɩ taanɩ buloŋ mɛ, aŋka dɩ ŋ bɩ kyo nala, ŋ wɩbasɩɩ hʋ buloŋ kɩɩ gɛɛ rɛ anɩɩ tahaŋkpaa rɛ ŋ ŋmaa kɩ yaa kyagɩŋsɩ waasʋ."
2,"What if I could prophesy and understand all mysteries and all knowledge? And what if I had faith that moved mountains? I would be nothing, unless I loved others.","Dɩ mɩyaŋ nɛ wuwo kɩ basɩ wɩduwoni Wiyesi Welii hʋ dee tɩyaŋ, a wuwo gyɩŋ wɩfaŋɩɩ buloŋ memii, a kaŋ wɩɩ buloŋ gyɩmaa, a kaŋ laadii ŋ aa sɩ wuwo leŋ dɩ dogiŋsi kyuri, aŋka dɩ ŋ bɩ kaŋ kyori abee nala, ŋ bɩ dɔbɔ wɩɩ buloŋ tɩyaŋ."
3,"What if I gave away all that I owned and let myself be burned alive? I would gain nothing, unless I loved others.","Dɩ mɩyaŋ nɛ kpaa ŋ kɩna buloŋ tɩya nyaaba, aŋ ha kpa ŋ tɩɩ mɛ tɩya dɩ ba kpa ŋ nyɔgɔ, aŋka dɩ ŋ bɩ kyo nala, ʋ bɩ sɩ kaŋ tɔnɔ buloŋ tɩya ŋ."
8,"Love never fails! Everyone who prophesies will stop, and unknown languages will no longer be spoken. All that we know will be forgotten.","Wɩɩsɩ wɩya hʋ Wiyesi Welii hʋ aa leŋ á wuwo kɩ basɩ, abee taakperiye hʋ ʋ aa leŋ á wuwo kɩ basɩ, abee gyɩmaa hʋ buloŋ á aa kana, ba buloŋ sɩ maakyiye teŋ. Amɛ kyori kɛ bɩ sɩ maakyiye teŋ."
10,"But what is perfect will someday appear, and what isn't perfect will then disappear.","Amɛ dɩ wɩpiliŋ hʋ rɛ ko ko, wɩboriye hʋ buloŋ sɩ nyʋgɩsɩ."
11,"When we were children, we thought and reasoned as children do. But when we grew up, we quit our childish ways.","Saŋa hʋ ŋ fa aa yaa haŋbiye, ŋ fa aa kɩ basɩ haŋbiiwɩya rɛ, a kaŋ haŋbii-hakɩla, a fa kɩ yaa wɩya abee haŋbiri. Amɛ ŋ aa ko waa teŋ, ŋ kpaa haŋbiiwɩya no buloŋ ta rɛ."
12,"Now all we can see of God is like a cloudy picture in a mirror. Later we will see him face to face. We don't know everything, but then we will, just as God completely understands us.","Wɩɩsɩ wɩya hʋ á aa na lagɩlagɩ no, ba kɩɩ gɛɛ rɛ anɩɩ kɩŋ á aa na liine liine nyagɩsa tɩyaŋ. Amɛ á beel-ʋ sɩya sɩ maakyiye pɔ dɔmɔŋ dɩ á na ʋ weliŋ. Wɩya hʋ ŋ aa gyɩma lagɩlagɩ no, ba ha yaa wɩboriye rɛ, amɛ ŋ sɩ maakyiye gyɩŋ ba teŋ, anɩɩ Wɩɩsɩ aa gyɩma ŋ teŋ gɛɛ."
13,"For now there are faith, hope, and love. But of these three, the greatest is love.","Amɛ wɩtɩɩ kɛ, wɩya boto rɛ we doŋ a bɩ sɩ maakyiye teŋ. Ba aa rɛ nyɛ: Laadii, Bayɩyɛla abee Kyori. Amɛ ba buloŋ tɩyaŋ sɩfɩyaŋ wɩɩ rɛ yaa KYORI."
1,"Love should be your guide. Be eager to have the gifts that come from the Holy Spirit, especially the gift of prophecy.","Ma kaŋ kyori bee dɔmɔŋ, aŋ yaa sɩfɩyaŋ kɩ kyɛ Wiyesi Welii bɔnyɛ kɩna hʋ, amarɩkpatɩya kyɔgɩta hʋ aa leŋ ma wuwo kɩ basɩ Wɩɩsɩ wɩya Wiyesi Welii hʋ dee tɩyaŋ."
2,"If you speak languages that others don't know, God will understand what you are saying, though no one else will know what you mean. You will be talking about mysteries that only the Spirit understands.","Dɩ nal lɛ aa basɩ taakperiye, Wɩɩsɩ rɛ ʋ tɩɩna basɩ kɩ tɩya, nihuwobisi daa, beewɩya nal buloŋ bee nɩɩ wɩya hʋ ʋ aa basɩ memii. Wɩɩsɩ Wiyesi Welii hʋ aa we ʋ tɩyaŋ nɛ aa leŋ ʋ wuwo kɩ basɩ wɩkperiye no."
4,"By speaking languages that others don't know, you help only yourself. But by prophesying you help everyone in the church.","Nal hʋ aa basɩ taakperiye, ʋ dʋŋ nɛ ba kaŋ tɔnɔ tɩya. Amɛ nal hʋ aa basɩ Wɩɩsɩ wɩya Wiyesi Welii hʋ dee tɩyaŋ, ʋ wɩbasɩya aa kaŋ tɔnɔ tɩya Krisitabiisi buloŋ hʋ aa laŋŋa doŋ."
6,"My friends, what good would it do, if I came and spoke unknown languages to you and didn't explain what I meant? How would I help you, unless I told you what God had shown me or gave you some knowledge or prophecy or teaching?","Ŋ naabalɩya, dɩ mɩyaŋ nɛ ko ma lee a kɩ basɩ taakperiye, bekiŋ tɔnɔ ʋ rɛ sɩ kana tɩya ma? Ʋ bɩ sɩ kaŋ tɔnɔ buloŋ tɩya ma. Amɛ dɩ mɩyaŋ nɛ basɩ wɩɩ hʋ Wɩɩsɩ aa kpaa daga ŋ dɩ ŋ basɩ tɩya ma, dɩ ŋ kpa gyɩmaa kɩdɩgɩ daga ma, koo dɩ ŋ basɩ wɩɩ kɩdɩgɩ tɩya ma Wiyesi Welii hʋ dee tɩyaŋ, koo dɩ ŋ daga ma dagɩɩ kɩdɩgɩ buloŋ, ŋ liise ʋ rɛ sɩ kaŋ tɔnɔ tɩya ma."
7,"If all musical instruments sounded alike, how would you know the difference between a flute and a harp?","Ɛɛ tɩɩ rɛ, Dɩ ba aa rɛ bɩ mʋʋ loŋbiye koo a ŋmaa tampannɩ weliŋ, ba aa bee gyʋʋ dɩgɩŋ."
9,"This is how it is when you speak unknown languages. If no one can understand what you are talking about, you will only be talking to the wind.","Ɛɛ tɩɩ ʋ kɩɩ ma mɛ lee. Dɩ mamaa rɛ aa basɩ taal hʋ nala aa bee nɩɩ, ɛɛ rɛ ba sɩ yaa a gyɩŋ wɩya hʋ ma aa basɩ memii? Ma ta kɩ yaa kyagɩŋsɩ waasʋ rɛ."
11,"But if I don't understand the language that someone is using, we will be like foreigners to each other.","Dɩ nal lɛ aa basɩ wɩya taal hʋ ŋ aa bee nɩɩ tɩyaŋ, ŋ sɩ kɩɩ gɛɛ anɩɩ nɩhʋwal tɩɩna lee, ka dɩ tɩɩna mɛ kɩɩ gɛɛ anɩɩ nɩhʋwal ŋ lee."
13,"When we speak languages that others don't know, we should pray for the power to explain what we mean.","Ɛɛwɩya, nal hʋ aa wuwo kɩ basɩ taakperiye Wiyesi Welii hʋ dee tɩyaŋ, ʋ tɩɩna maga dɩ ʋ sʋla Wɩɩsɩ rɛ dɩ ʋ leŋ ʋ wuwo kɩ daga wɩya hʋ ʋ aa basɩ memii."
14,"For example, if I use an unknown language in my prayers, my spirit prays but my mind is useless.","Dɩ mɩyaŋ nɛ aa kyʋwalɩ Wɩɩsɩ abee taakperiye ŋ aa bee nɩɩ, ŋ dʋma rɛ aa kyʋwalɩ, amɛ ŋ hakɩla kɛ tuwo doŋ."
15,"Then what should I do? There are times when I should pray with my spirit, and times when I should pray with my mind. Sometimes I should sing with my spirit, and at other times I should sing with my mind.","Ɛɛ rɛ ŋ yaŋ sɩ yaa? Ŋ sɩ kyʋwalɩ Wɩɩsɩ abee ŋ dʋma, a bɩl kyʋwalɩ ʋ abee ŋ hakɩla mɛ. Ŋ sɩ yɩɩ yɩɩla abee ŋ dʋma, a bɩl yɩɩ yɩɩla abee ŋ hakɩla mɛ."
16,"Suppose some strangers are in your worship service, when you are praising God with your spirit. If they don't understand you, how will they know to say, “Amen”?","Dɩ mamaa rɛ laŋŋa, dɩ nal kɩdɩgɩ kaŋ taakperii a kɩ dannɩ Wɩɩsɩ, nɩwaasɩma hʋ aa hɔŋ dɩya hʋ tɩyaŋ a bɩ gyɩŋ wɩɩ hʋ ʋ aa basɩ memii, dɩ ʋ rɛ kyʋwalɩ teŋ, ɛɛ rɛ ba sɩ yaa baa ‘Amɩ’?"
17,"You may be worshiping God in a wonderful way, but no one else will be helped.","Wɩtɩɩ rɛ, nal sɩ wuwo kaŋ taakperii a dannɩ Wɩɩsɩ weliŋ, amɛ dɩ ʋ rɛ yaa gɛɛ, ʋ bɩ kaŋ tɔnɔ buloŋ tɩya nala hʋ aa laŋŋa doŋ."
18,I thank God that I speak unknown languages more than any of you.,"Ŋ aa kyʋwalɩ Wɩɩsɩ aŋgyʋwasʋ rɛ abee ŋ aa wuwo kɩ basɩ taakperiye a baŋ ma kɩdɩgɩ buloŋ,"
19,But words that make sense can help the church. This is why in church I would rather speak five words that make sense than to speak,"amɛ dɩ ámaa rɛ aa ko laŋŋɩ dɩ á kyʋwalɩ Wɩɩsɩ, ŋ aa kaŋ ŋ hakɩla basɩ wɩya baŋmana a daga nala, ka ba gyɩŋ ba memii, ʋ rɛ kpɩya ŋ aa sɩ basɩ wɩgyamaa abee taakperiye."
20,"My friends, stop thinking like children. Think like mature people and be as innocent as tiny babies.","Ŋ naabalɩya, ma ta kaŋ haŋbii-hakɩllɩ. Amɛ ma wɩyaalɩya tɩyaŋ kɛ, ma kɩɩ gɛɛ anɩɩ biifɩllɩ aa bɩ gyɩŋ wɩbɔmɔ, ka dɩ ma kɩ bɩɩnɩ wɩya anɩɩ nala aa gyige Wɩɩsɩ ŋmanɩɩ tɩyaŋ."
21,"In the Scriptures the Lord says, “I will use strangers who speak unknown languages to talk to my people. They will speak to them in foreign languages, but still my people won't listen to me.”","Ba sabɩ Wɩɩsɩ teŋ tɩyaŋ nɛ anɩɩ Wɩɩsɩ baa, “Ŋ sɩ tɩŋ nala aa basɩ taakperiye tɩyaŋ, a basɩ wɩya tɩya ŋ nala, ŋ sɩ tɩŋ nɩhʋwala tɩyaŋ, a basɩ wɩya tɩya ŋ nala, ka abee gɛɛ buloŋ mɛ, ba bɩ sɩ gyegile nɩɩ ŋ nyʋwa.”"
23,"Suppose everyone in your worship service started speaking unknown languages, and some outsiders or some unbelievers come in. Won't they think you are crazy?","Ɛɛwɩya, dɩ Krisitabiisi rɛ ko laŋŋɩ, dɩ ba kɩdɩgɩ buloŋ kɩ basɩ wɩya abee taakperiye, dɩ nɩwaasɩma koo nala aa bɩ laa Krisita wɩya di rɛ ko na ba, ba bɩ sɩ baa dɩ ba nyuni tuwo?"
24,"But suppose all of you are prophesying when those unbelievers and outsiders come in. They will realize that they are sinners, and they will want to change their ways because of what you are saying.","Amɛ dɩ ba kɩdɩgɩ buloŋ nɛ aa basɩ Wɩɩsɩ wɩya Wiyesi Welii hʋ dee tɩyaŋ, dɩ nal hʋ aa bɩ laa Wɩɩsɩ wɩya di, koo dɩ nɩwaasɩ ko na ba, ʋ kɔnɩ sɩ gyɩma anɩɩ ʋ yaa wɩbɔŋyaal lɛ. Beewɩya wɩya hʋ ba aa basɩ sɩ gyʋʋ ʋ hakɩla tɩyaŋ dɩ ʋ na anɩɩ ʋ kyogo rɛ."
25,"They will tell what is hidden in their hearts. Then they will kneel down and say to God, “We are certain that you are with these people.” Worship Must Be Orderly","Tɩɩna tɩbɩɩna buloŋ sɩ ko lɩɩ pʋlʋŋ Wɩɩsɩ sɩya tɩyaŋ, dɩ ʋ tuu gbinni Wɩɩsɩ sɩya, a kyʋwalɩ ʋ, a basɩ anɩɩ wɩtɩɩ, Wɩɩsɩ we ma tɩyaŋ nɛ. Ŋmanɩɩ hʋ aa maga dɩ Yesu hatɩnna tɩŋa a kɩ kyʋwalɩ Wɩɩsɩ"
27,"No more than two or three of you should speak unknown languages during the meeting. You must take turns, and someone should always be there to explain what you mean.","Dɩ nala we ma tɩyaŋ a kɩ kyɛ dɩ ba basɩ wɩya abee taakperiye, ʋ maga dɩ ba yaa balɩya koo boto dʋŋ nɛ, a basɩ aŋ kɩ tɩya dɔmɔŋ, ka dɩ nal mɛ we doŋ ʋ aa sɩ wuwo daga wɩya hʋ ba aa basa memii a tɩya ma."
32,A prophet should be willing to stop and let someone else speak.,"Nal hʋ aa basɩ Wɩɩsɩ wɩya Wiyesi Welii hʋ dee tɩyaŋ, ʋ maga dɩ ʋ gyɩŋ ʋ nyʋwa kanɩɩ rɛ ʋ wɩbasɩɩ tɩyaŋ."
33,"God wants everything to be done peacefully and in order. When God's people meet in church,","Beewɩya, Wɩɩsɩ bee kyɛ dɩ ma wɩya vʋgɩmɩ, amɛ ʋ aa kyɛ dɩ ma wɩkanɩya buloŋ kɩ vala weliŋ nɛ."
35,"If there is something they want to know, they can ask their husbands when they get home. It is disgraceful for women to speak in church.","Dɩ ba aa rɛ kaŋ wɩpɩyɛsɩɩ mɛ, ʋ maga dɩ ba mʋ dɩya rɛ a pɩyɛsɩ ba balama. Ʋ yaa hɩɩsɩ wɩɩ rɛ abee haaŋ aa sɩ laa wɩya kɩ basɩ Krisitabiisi laŋŋɩɩ tɩyaŋ."
36,"God's message did not start with you people, and you are not the only ones it has reached.",Ma lee rɛ Wɩɩsɩ wɩweliye hʋ lɩɩ? Koo ma dʋŋ nɛ yaa nala hʋ ba aa basɩ Wɩɩsɩ wɩya hʋ tɩya?
37,"If you think of yourself as a prophet or a spiritual person, you will know I am writing only what the Lord has commanded.","Dɩ nal buloŋ nɛ bɩɩna anɩɩ ʋ yaa Wɩɩsɩ tɩŋdaal lɛ koo dɩ ʋ kaŋ Wiyesi Welii hʋ bɔnyɛ kɩŋ nɛ, ʋ tɩɩna maga dɩ ʋ gyɩma anɩɩ wɩɩ no ŋ aa saba lɩɩ Wɩɩsɩ lee rɛ."
38,So don't pay attention to anyone who ignores what I am writing.,"Amɛ dɩ nal buloŋ nɛ bee kyɛ dɩ ʋ gyegili nɩɩ wɩɩ no ŋ aa saba tɩya ma, ma mɛ ta tɔgɩmɩ ʋ."
39,"My friends, be eager to prophesy and don't stop anyone from speaking languages that others don't know.","Ɛɛ wɩya ŋ naabalɩya, ma yaa sɩfɩyaŋ kɩ kyɛ dɩ ma kɩ basɩ wɩya Wɩɩsɩ Wiyesi Welii hʋ dee tɩyaŋ, a ta leŋ dɩ taakperiye basɩɩ yaa sɩna ma tɩyaŋ."
40,But do everything properly and in order.,Amɛ ʋ maga dɩ ma yaa wɩɩ buloŋ ʋ bʋwaŋ nɛ.
1,"My friends, I want you to remember the message I preached and that you believed and trusted.","Ŋ naabalɩya, ŋ aa kyɛ dɩ ŋ liisi ma Wɩɩsɩ wɩweliye hʋ ŋ aa basa tɩya ma rɛ. Ma laa ba di rɛ, ba kaŋ ma Wɩɩsɩ laadii sɩgɩ weliŋ."
2,"You will be saved by this message, if you hold firmly to it. But if you don't, your faith was all for nothing.","Dɩ mamaa rɛ kaŋ wɩya no weliŋ, Wɩɩsɩ sɩ laa ma ta. Amɛ dɩ mamaa rɛ ko bɩ kaŋ ba weliŋ, ɛɛ kɛ, ma Wɩɩsɩ laadii hʋ yaa waasʋ rɛ."
3,"I told you the most important part of the message exactly as it was told to me. This part is: Christ died for our sins, as the Scriptures say.","Wɩya hʋ á Tɩɩna Yesu aa kpaa daga ŋ, ba tɩɩ rɛ ŋ mɛ kpa kɩ daga ma, beewɩya ba aa rɛ yaa wɩya no buloŋ sɩfɩyaŋ wɩya: Ba aa rɛ nyɛ, dɩ á wɩbɔmɔ wɩya rɛ Krisita sʋba, anɩɩ ba aa saba gɛɛ Wɩɩsɩ teŋ tɩyaŋ."
4,"He was buried, and three days later he was raised to life, as the Scriptures say.","Ɛɛ rɛ ba kpa ʋ hogo, ka ʋ sii sʋʋ tɩyaŋ ʋ kyɛtoo kyɛɛ, anɩɩ ba aa saba gɛɛ Wɩɩsɩ teŋ tɩyaŋ."
6,"After this, he appeared to more than five hundred other followers. Most of them are still alive, but some have died.","Ʋ gɛɛ hal tɩyaŋ, saŋa kɩdɩgɩ ʋ kaŋ ʋ tɩɩ ko daga ʋ hatɩnna kɔɔsɩbɔnɔŋ abee dɔbɔ rɛ. Nala no gyeniŋ buloŋ ha we ba mɩɩbol tɩyaŋ gyɩnaŋ, ka badɔmɔŋ mɛ sʋba."
7,"He also appeared to James, then to all of the apostles.","Ɛɛ hal tɩyaŋ ʋ kaŋ ʋ tɩɩ ko daga Gyemsi, a kaŋ ʋ tɩɩ ko daga ʋ kpambɩsɩ hʋ buloŋ mɛ."
8,"Finally, he appeared to me, even though I am like someone who was born at the wrong time.","Ba buloŋ hal tɩyaŋ nɛ, ʋ kaŋ ʋ tɩɩ ko daga ŋ mɛ, nal hʋ nal buloŋ aa bɩ liise anɩɩ ŋ sɩ maakyiye ko laa Yesu wɩya di."
9,"I am the least important of all the apostles. In fact, I caused so much trouble for God's church that I don't even deserve to be called an apostle.","Yesu kpambɩsɩ buloŋ tɩyaŋ, mɩyaŋ nɛ paalɩ yaa ba tɩyaŋ nɩbiye. Ŋ gba paalɩ bɩ maga dɩ ba kana ŋ kɩ yɩrɩ Yesu kpambɩya, beewɩya ŋ gyɩ aa dɔgɩsɩ Wɩɩsɩ nala rɛ kɩŋkaŋ."
10,"But God treated me with undeserved grace! He made me what I am, and his grace wasn't wasted. I worked much harder than any of the other apostles, although it was really God's grace at work and not me.","Amɛ Wɩɩsɩ fáá ŋ sikii rɛ kɩŋkaŋ. Ʋ lahɔrʋmɔ tɩyaŋ nɛ ŋ yaa nal hʋ ŋ aa yaa gyɩnaŋ. Bɔnyɛ hʋ mɛ ʋ aa kpaa daga ŋ bɩ yaa waasʋ. Beewɩya mɩyaŋ nɛ tʋŋ tʋma yʋga a baŋ Yesu kpambɩsɩ hʋ kɩdɩgɩ buloŋ. Amɛ ŋ tɩɩ dee tɩyaŋ daa ŋ wuwo kɩ tʋŋ tʋma no, Wɩɩsɩ lahɔrʋmɔ tɩyaŋ nɛ."
11,But it doesn't matter if I preached or if they preached. All of you believed the message just the same. God's People Will Be Raised to Life,"Ka ba buloŋ tɩyaŋ, wɩɩ hʋ aa yaa wɩɩ rɛ nyɛ: Wɩɩsɩ wɩweliye hʋ rɛ á buloŋ kɩ basɩ. Wɩya hʋ ba aa basɩ, ba aa rɛ ŋ mɛ kɩ basɩ. Wɩya no tɩɩ rɛ ma mɛ laa di gɛɛ. Sʋʋnɩ mɩɩgɩ sii"
12,"If we preach that Christ was raised from death, how can some of you say the dead will not be raised to life?","Dɩ ámaa rɛ baa Wɩɩsɩ kyisi Krisita sii sʋʋ tɩyaŋ nɛ, bee rɛ tɩŋ ma badɔmɔŋ baa dɩ sʋʋnɩ mɩɩgɩ sii tuwo?"
13,"If they won't be raised to life, Christ himself wasn't raised to life.","Dɩ sʋʋnɩ mɩɩgɩ sii rɛ ko tuwo, ɛɛ kɛ Wɩɩsɩ bɩ kyisi Krisita mɛ sʋʋ tɩyaŋ."
14,"And if Christ wasn't raised to life, our message is worthless, and so is your faith.","Dɩ Wɩɩsɩ rɛ bɩ kyisi Krisita sʋʋ tɩyaŋ, ɛɛ kɛ Wɩɩsɩ wɩweliye hʋ á aa basɩ abee wɩya hʋ ma aa laa di hʋ buloŋ yaa waasʋ rɛ."
15,"If the dead won't be raised to life, we have told lies about God by saying he raised Christ to life, when he really did not.","Ɛɛ mɛ yaŋ daga anɩɩ á gba nyɩya wɩya kɩ tɩya Wɩɩsɩ rɛ, beewɩya á baa ʋ kyisi Krisita sʋʋ tɩyaŋ nɛ. Dɩ sʋʋnɩ mɩɩgɩ sii kɔnɩ ko tuwo, ɛɛ kɛ Wɩɩsɩ bɩ kyisi Krisita mɛ sʋʋ tɩyaŋ."
16,"So if the dead won't be raised to life, Christ wasn't raised to life.","Dɩ Wɩɩsɩ ko bɩ sɩ kyisi sʋʋnɩ, ɛɛ kɛ ʋ bɩ kyisi Krisita mɛ sʋʋ tɩyaŋ."
17,"Unless Christ was raised to life, your faith is useless, and you are still living in your sins.","Dɩ Wɩɩsɩ yaŋ bɩ kyisi Krisita sʋʋ tɩyaŋ, ɛɛ kɛ wɩɩ hʋ ma aa laa di mɛ yaa waasʋ rɛ, ka ma ha we ma wɩbɔmɔ tɩyaŋ."
18,And those people who died after putting their faith in him are completely lost.,"Ɛɛ yaŋ daga anɩɩ nala hʋ aa laa Yesu wɩya di aŋ sʋba, ba sʋba ta rɛ."
19,"If our hope in Christ is good only for this life, we are worse off than anyone else.","Dɩ á mɩɩbol no tɩyaŋ dʋŋ nɛ á kaŋ bayɩyɛla Krisita tɩyaŋ, ɛɛ kɛ á wɩya rɛ maga dɩ ʋ kaŋ sikii a baŋ nal buloŋ."
20,But Christ has been raised to life! And he makes us certain that others will also be raised to life.,"Amɛ ʋ yaa wɩtɩɩ rɛ anɩɩ Wɩɩsɩ kɔnɩ kyisi Krisita sʋʋ tɩyaŋ nɛ. Ɛɛ rɛ yaŋ daga anɩɩ nala hʋ Wɩɩsɩ aa sɩ kyisi sʋʋ tɩyaŋ, Krisita rɛ yaa nal hʋ ʋ aa laa sɩya kyisi."
21,"Just as we will die because of Adam, we will be raised to life because of Christ.",Nɩdɩgɩ tɩyaŋ nɛ sʋʋ tɩŋa a gyʋʋ dʋnɩya. Ɛɛ tɩɩ rɛ nɩdɩgɩ tɩyaŋ mɛ rɛ nala buloŋ sɩ tɩŋa a sii sʋʋ tɩyaŋ.
22,"Adam brought death to all of us, and Christ will bring life to all of us.","Adama rɛ tɩŋ nala kɩ sʋba. Ɛɛ tɩɩ rɛ, Krisita mɛ rɛ sɩ tɩŋ dɩ Wɩɩsɩ kyisi nala sʋʋ tɩyaŋ, a leŋ dɩ ba kaŋ mɩɩbol."
23,"But we must each wait our turn. Christ was the first to be raised to life, and his people will be raised to life when he returns.","Amɛ nal buloŋ bee saŋa hʋ Wɩɩsɩ aa sɩ kyisi ʋ sʋʋ tɩyaŋ nɛ. Krisita rɛ laa sɩya sii, ka saŋa hʋ ʋ aa sɩ mɩɩgɩ ko dʋnɩya, dɩ nala hʋ aa yaa ʋ nala buloŋ mɛ yaŋ sii."
24,"Then after Christ has destroyed all powers and forces, the end will come, and he will give the kingdom to God the Father.","Ɛɛ hal tɩyaŋ, dʋnɩya tenii aa sɩ pele, haŋ saŋa hʋ rɛ Krisita sɩ yuwo di gyɩŋbɔmɔ abee kaŋtɔmɔ abee dʋnɩya kuworo hʋ buloŋ aa laa dʋnɩya no tɩŋa, ka dɩ ʋ yaŋ kpa dʋnɩya koro a we ʋ kuwo Wɩɩsɩ nosi tɩyaŋ."
26,and the last enemy he destroys will be death.,Sʋʋ rɛ yaa ʋ dɔmɔ tɩyaŋ kateŋsi ʋ aa sɩ kpʋ ta.
27,"When the Scriptures say he will put everything under his power, they don't include God. It was God who put everything under the power of Christ.","Wɩɩsɩ teŋ tɩyaŋ ba basa anɩɩ Wɩɩsɩ kpaa kɩna buloŋ we Krisita nosi tɩyaŋ nɛ. Amɛ ɛɛ bɩ daga anɩɩ á Kuwo Wɩɩsɩ mɛ we ʋ nosi tɩyaŋ nɛ, beewɩya ʋ kɛ rɛ kpaa kɩna hʋ buloŋ we Krisita nosi tɩyaŋ."
28,"After everything is under the power of God's Son, he will put himself under the power of God, who put everything under his Son's power. Then God will mean everything to everyone.","Amɛ dɩ Wɩɩsɩ rɛ ko kpa kɩŋ buloŋ we ʋ Biye hʋ nosi tɩyaŋ, gɛɛ hal tɩyaŋ, Biye hʋ tɩɩ mɛ sɩ kpa ʋ tɩɩ a we Wɩɩsɩ nosi tɩyaŋ, dɩ Wɩɩsɩ yaŋ kaŋ kɩŋ buloŋ dee, beewɩya ʋ rɛ yaa nal hʋ aa kpaa kɩŋ buloŋ we ʋ biye hʋ nosi tɩyaŋ."
31,and face death every day? The pride that I have in you because of Christ Jesus our Lord is what makes me say this.,"Ŋ naabalɩya, kyɛɛ buloŋ, ŋ bee sʋʋ kɛ aa kɩ lʋga rɛ. Akuu á bee Krisita aa yaa kɩdɩgɩ á mɩɩbol tɩyaŋ wɩya, ŋ wuwo basɩ wɩya kɩ genni rɛ ma wɩya. Ɛɛ rɛ tɩŋ ŋ wuwo basɩ wɩɩ no nyɛ."
34,Be sensible and stop sinning. You should be embarrassed that some people still don't know about God. What Our Bodies Will Be Like,"Ma leŋ wɩvɩyagyɩmɩya yayɩ, a leŋ wɩbɔmɔ ŋmaŋsɩ mɛ tɩŋɩɩ. Ʋ maga dɩ ma leŋ hɩɩsɩ kaŋ ma rɛ, beewɩya ma badɔmɔŋ bɩ gyɩŋ Wɩɩsɩ. Teŋbiye hʋ nala hʋ aa sɩ sii sʋʋ tɩyaŋ aa sɩ kana"
35,"Some of you have asked, “How will the dead be raised to life? What kind of bodies will they have?”","Nal kɩdɩgɩ sɩ pɩyɛsɩ anɩɩ ɛɛ rɛ nala hʋ aa sʋba sɩ wuwo yaa a sii sʋʋ tɩyaŋ? Dɩ dɩ ba aa rɛ siye, teŋbii gɛɛ ma iriŋ nɛ ba sɩ kana?"
36,Don't be foolish. A seed must die before it can sprout from the ground.,"Ɛɛ dɔŋ bambugi! Dɩ ɩ rɛ ko kpa kɩŋ doho, dɩ ʋ bɩ pʋw, kɩfalɩɩ bee lɩɩ."
38,This is because God gives everything the kind of body he wants it to have.,"Amɛ Wɩɩsɩ rɛ aa leŋ kɩdoho hʋ nyʋ, a kɩɩ gɛɛ ʋ aa kyɛ. Ʋ rɛ aa leŋ kɩdoho iriŋ kɛ buloŋ nyʋ, a waa kɩɩ ʋ kɩyɩ."
39,"People, animals, birds, and fish are each made of flesh, but none of them are alike.","Kɩna buloŋ aa we dʋnɩya no tɩyaŋ a kaŋ mɩɩbol, ba teŋ bɩ yaa kɩdɩgɩ. Nihuwobisi abee pʋsɩ abee digibiisi abee fuwonamɩɩsɩ teŋ bɩ yaa kɩdɩgɩ."
40,"Everything in the heavens has a body, and so does everything on earth. But each one is very different from all the others.","Wɩɩsɩnyuu kɩna we doŋ, taŋha nyuu kɩna mɛ we doŋ, ba weliŋ mɛ bɩ kɩɩ dɔmɔŋ."
41,"The sun isn't like the moon, the moon isn't like the stars, and each star is different.","Wɩɩpɔsɩɩ kaŋ ʋ pʋlʋŋ nɛ, pene mɛ kaŋ ʋ pʋlʋŋ, kyɩŋwʋlɩya mɛ kaŋ ba pʋlʋŋ. Kyɩŋwʋlɩya tɩyaŋ mɛ gba, badɔmɔŋ mɛ pʋrɩsa rɛ a baŋ badɔmɔŋ."
42,"That's how it will be when our bodies are raised to life. These bodies will die, but the bodies that are raised will live forever.","Dɩ nala rɛ ko sii sʋʋ tɩyaŋ, ɛɛ tɩɩ rɛ ʋ sɩ kɩɩ. Teŋ hʋ ba aa kpaa hogo sɩ pʋw, amɛ teŋ hʋ aa sɩ sii sʋʋ tɩyaŋ kɛ bɩ sɩ maakyiye sʋba."
45,"The first man was named Adam, and the Scriptures tell us that he was a living person. But Jesus, who may be called the last Adam, is a life-giving spirit.","Wɩɩsɩ teŋ tɩyaŋ ba saba rɛ a baa, “Nihuwobiŋ hʋ Wɩɩsɩ aa laa sɩya marɩ, ba kɩ yɩrɩ Adama, Wɩɩsɩ gyɩ wiyese we ʋ tɩyaŋ nɛ, ʋ kaŋ mɩɩbol.” Amɛ Adama hʋ aa tɩŋ hal ko kɛ, ʋ rɛ yaa wiyese hʋ aa tɩya nala mɩɩbol."
46,We see that the one with a spiritual body did not come first. He came after the one who had a physical body.,"Ʋ bɩ kɩɩ wɩɩsɩbee teŋbii hʋ rɛ á laa sɩya kana. Dʋnɩya no teŋbii hʋ rɛ á laa sɩya kana, aŋ na kaŋ wɩɩsɩbee teŋbii hʋ."
47,"The first man was made from the dust of the earth, but the second man came from heaven.","Adama hʋ aa laa sɩya ko dʋnɩya, taŋha rɛ Wɩɩsɩ kpa mɔ ʋ. Amɛ Adama hʋ aa tɩŋ hal ko kɛ, Wɩɩsɩbee rɛ ʋ lɩɩ ko."
48,Everyone on earth has a body like the body of the one who was made from the dust of the earth. And everyone in heaven has a body like the body of the one who came from heaven.,"Ɛɛ hʋ ba aa yaŋ kpa taŋha mɔ Adama ʋ kɩɩ, ɛɛ tɩɩ rɛ dʋnɩya no nala buloŋ mɛ kɩɩ. Nala hʋ aa yaa wɩɩsɩbee nala, ba mɛ kɩɩ gɛɛ rɛ anɩɩ nal hʋ aa lɩɩ wɩɩsɩbee ko."
49,"Just as we are like the one who was made out of earth, we will be like the one who came from heaven.","Á aa kɩɩ nal hʋ ba aa kpaa taŋha mɔ gɛɛ, ɛɛ tɩɩ rɛ á sɩ kɩɩ nal hʋ aa lɩɩ Wɩɩsɩbee mɛ."
50,"My friends, I want you to know that our bodies of flesh and blood will decay. This means they cannot share in God's kingdom, which lasts forever.","Ŋ naabalɩya, wɩɩ hʋ ŋ aa basɩ rɛ nyɛ: kyal bee naŋpʋŋ bɩ sɩ wuwo we Wɩɩsɩ koro hʋ tɩyaŋ, beewɩya kɩna hʋ aa pʋw bɩ sɩ wuwo we lee hʋ aa we doŋ deŋdeŋ kɩ mʋ tɩyaŋ."
52,"It will happen suddenly, quicker than the blink of an eye. At the sound of the last trumpet the dead will be raised. We will all be changed, so we will never die again.","Dɩ kabɩl no rɛ ko mʋʋ, sʋʋnɩ buloŋ sɩ sii sʋʋ tɩyaŋ, a bɩl bɩ sɩ maakyiye sʋba. Nala hʋ ha aa we ba mɩɩbol tɩyaŋ mɛ, ba teŋbiye sɩ bɩrɩmɩ yaa kɩna bɩl aa bɩ sɩ maakyiye pʋw."
54,"The bodies we now have are weak and can die. But they will be changed into bodies that are eternal. Then the Scriptures will come true, “Death has lost the battle!","Dɩ wɩya no buloŋ nɛ ko yaa, dɩ nihuwobisi kaŋ tenni hʋ bɩl aa bee sʋba koo a kɩ pʋw, ɛɛ daga anɩɩ wɩɩ hʋ ba aa basa Wɩɩsɩ teŋ tɩyaŋ ko yaa wɩtɩɩ rɛ gɛɛ, beewɩya ba saba a baa, “Á yuwo di rɛ. Sʋʋ bɩl bɩ kaŋ dee á nyuu tɩyaŋ."
56,"Sin is what gives death its sting, and the Law is the power behind sin.","Sʋʋ hʋwoŋ lɩɩ wɩbɔmɔ yayɩ tɩyaŋ nɛ, wɩbɔmɔ dee mɛ lɩɩ Wɩɩsɩ mɩrɩsɩ hʋ tɩyaŋ."
2,"That is, each Sunday each of you must put aside part of what you have earned. If you do this, you won't have to take up a collection when I come.","Alahadi kyɛɛ kɛ buloŋ, molbiye hʋ ma kɩdɩgɩ buloŋ aa tʋma a na yɔbɔ hʋ paga tɩyaŋ, nal buloŋ lɩɩ maga gɛɛ ɩ aa wuwo dɩ ba kpa kɩ biŋ. Dɩ mɩyaŋ nɛ ko ko, ma bɩl bɩ sɩ kɩ kɩyɛsɩ molbiye."
3,Choose some followers to take the money to Jerusalem. I will send them on with the money and with letters which show that you approve of them.,"Dɩ mɩyaŋ nɛ ko ko, ŋ sɩ sabɩ teŋ tɩya nala hʋ ma aa sɩ lɩɩ, a daga nala hʋ iriŋ ba aa yaa dɩ ba kaŋ molbiye hʋ ma aa kɩyɛsa a yaŋ bee teŋ hʋ a mʋ tɩya Krisitabiisi hʋ aa we Gyerusalɛm tɩyaŋ."
4,"If you think I should go along, they can go with me. Paul's Travel Plans","Dɩ ʋ rɛ ko maga dɩ ŋ tɩɩ mɛ mʋ, ŋ beel-ba buloŋ sɩ tɩŋ dɔmɔŋ mʋ. Wɩya Pɔɔl aa kyɛ dɩ ʋ yaa"
6,"and visit with you for a while. I may even stay all winter, so that you can help me on my way to wherever I will be going next.","Dɩ mɩyaŋ nɛ ko ko, ŋ sɩ we ma lee a pɩɩsɩ mʋhʋ, kapuwo ŋ sɩ we doŋ dɩ puwo saŋa hʋ mʋ teŋ. Ŋ sɩ we ma lee a mʋ pele saŋa hʋ ŋ bɩl aa sɩ kpa ŋmanɩɩ, dɩ ma kyiyeli ŋ, dɩ ŋ bɩl wuwo mʋ lee hʋ buloŋ ŋ aa sɩ mʋ."
7,"If the Lord lets me, I would rather come later for a longer visit than to stop off now for only a short visit.","Ŋ bee kyɛ dɩ ŋ ko na ma nɩma nɩma aŋ parɩ mʋ. Amɛ dɩ Wɩɩsɩ rɛ laa nyʋwa, ŋ fa kyo dɩ ŋ yaa kyɛɛ balɩya rɛ ma lee."
9,because there is a wonderful opportunity for me to do some work here. But there are also many people who are against me.,"Beewɩya, abee nala aa yʋga a kɩ tɔ ŋ ŋmanɩɩ buloŋ mɛ, ŋ naa dɩ Wɩɩsɩ suri ŋmanɩɩ tɩya ŋ nɛ dɩ ŋ tʋŋ tʋma aa sɩ kaŋ tɔnɔ yʋga daha."
10,"When Timothy arrives, give him a friendly welcome. He is doing the Lord's work, just as I am.","Dɩ Timoti rɛ ko ko ma lee, ma kana ʋ weliŋ, beewɩya, á beel-ʋ buloŋ nɛ aa tʋŋ Wɩɩsɩ tʋma hʋ."
11,"Don't let anyone mistreat him. I am looking for him to return to me together with the other followers. So when he leaves, send him off with your blessings.","Ma ta ko kɩ yaa ʋ sɩgyʋʋ-wɩya. Ma pɛ ʋ tɩyaŋ dɩ ʋ vala ŋmanɩɩ hʋ abee laaŋfɩya, aŋ mɩɩgɩ ko ŋ lee. Beewɩya, ŋ aa gyegili ʋ bee á nɩmmabalɩya hʋ badɔmɔŋ nɛ daha."
12,"I have tried hard to get our friend Apollos to visit you with the other followers. He doesn't want to come just now, but he will come when he can. Personal Concerns and Greetings","Ka á nɩɩnabiye Apolo mɛ, ŋ sʋla ʋ rɛ weliŋ dɩ ʋ bee á nɩmmabalɩya hʋ badɔmɔŋ ko na ma. Amɛ ʋ bɩ bɩɩna anɩɩ ʋ sɩ wuwo na ŋmanɩɩ ko lagɩlagɩ no. Ɛɛwɩya, dɩ ʋ rɛ ko na ŋmanɩɩ saŋa hʋ buloŋ, ʋ sɩ ko na ma. Wɩkateŋse"
15,"You know that Stephanas and his family were the first in Achaia to have faith in the Lord. They have done all they can for God's people. My friends, I ask you","Ŋ naabalɩya, ka ma gyɩma anɩɩ Sɩtɩfanasɩ bee ʋ dɩya nala rɛ laa sɩya laa Yesu Krisita wɩya di Akaaya paalʋʋ tɩyaŋ. Ba kpaa ba tɩɩ we Wɩɩsɩ tʋma tɩyaŋ nɛ, a kɩ kyiyeli Wɩɩsɩ nala mɛ weliŋ."
16,to obey leaders like them and to do the same for all others who work hard with you.,"Ŋ aa sʋla ma, ŋ naabalɩya, ma kɩ tɩŋ nitesi no abee ba tʋŋtʋnnɩ dɔŋtɩŋsɩ buloŋ nyʋwa."
17,I was glad to see Stephanas and Fortunatus and Achaicus. Having them here was like having you.,"Ŋ teŋ fɩyɛlɩ rɛ weliŋ abee Sɩtɩfanasɩ, Fɔɔtunaatusɩ abee Akayikusɩ aa ko ŋ lee. Ba aa rɛ laa ma nyuu daha."
18,"They made me feel much better, just as they made you feel better. You should appreciate people like them.",Ba leŋ ŋ teŋ polli rɛ anɩɩ ba aa leŋ ma tenni mɛ polli gɛɛ. Ʋ maga dɩ ma kɩ tɩya nala no iriŋ gyɩrɩma rɛ.
19,"Greetings from the churches in Asia. Aquila and Priscilla, together with the church that meets in their house, send greetings in the name of the Lord.","Krisitabiisi hʋ aa we Esɩya paalʋʋ tɩyaŋ aa kyʋwalɩ ma. Akula abee Pirisila, abee Krisitabiisi hʋ aa laŋŋɩ ba dɩya tɩyaŋ baa dɩ ŋ kyʋwalɩ ma weliŋ á Tɩɩna Yesu feŋ tɩyaŋ."
20,All the Lord's followers send their greetings. Give each other a warm greeting.,Á nɩmmabalɩya hʋ buloŋ aa we daha mɛ aa kyʋwalɩ ma. Ma kɩ kyʋwalɩ dɔmɔŋ abee teŋfɩyɛlʋʋ akuu ma aa yaa nɩmmabalɩya wɩya.
22,I pray that God will put a curse on everyone who doesn't love the Lord. And may the Lord come soon.,"Dɩ nal buloŋ nɛ bɩ kyo á Tɩɩna Krisita, Wɩɩsɩ sɩ dɔgɩsɩ tɩɩna. Maranaata!"
23,I pray the Lord Jesus will be kind to you.,Á Tɩɩna Yesu Krisita lahɔrʋmɔ tɩyaŋ ma hɔŋ abee laaŋfɩya.
24,I love everyone who belongs to Christ Jesus.,Ŋ kyo ma buloŋ nɛ á Tɩɩna Yesu Krisita feŋ tɩyaŋ. Amɩ.
1,"From Paul, chosen by God to be an apostle of Jesus Christ, and from Timothy, who is also a follower. To God's church in Corinth and to all of God's people in Achaia.","Mɩyaŋ Pɔɔl, abee á nɩɩnabiye Timoti rɛ sabɩ teŋ no a kɩ tɩya ma. Wɩɩsɩ kyɛrɩ tɩyaŋ nɛ ʋ lɩɩ ŋ, dɩ ŋ yaa Yesu Krisita kpambɩya. Á sabɩ teŋ no a kɩ tɩya ma Krisitabiisi hʋ aa we Koriŋti tɩyaŋ nɛ, abee Wɩɩsɩ nala hʋ buloŋ aa we Akaaya paalʋʋ tɩyaŋ."
2,I pray that God our Father and the Lord Jesus Christ will be kind to you and will bless you with peace! Paul Gives Thanks,"Á Kuwo Wɩɩsɩ abee á Tɩɩna Yesu Krisita lahɔrʋmɔ tɩyaŋ, ma hɔŋ bee laaŋfɩya. Pɔɔl Kyʋwalɩ Wɩɩsɩ aŋgyʋwasʋ"
3,"Praise God, the Father of our Lord Jesus Christ! The Father is a merciful God, who always gives us comfort.","Ma leŋ dɩ á kyʋwalɩ Wɩɩsɩ á Tɩɩna Yesu Krisita kuwo hʋ, aŋgyʋwasʋ. Ʋ rɛ yaa Wɩɩsɩ, a kɩ fá nala sikii, aŋ kɩ fɩyɛlɩ nala bembiye mɛ."
4,"He comforts us when we are in trouble, so that we can share this same comfort with others in trouble.",Ʋ rɛ yaa nal hʋ aa fɩyɛlɩ á bembiye á tʋwara nayɩ tɩyaŋ dɩ ɛɛ leŋ dɩ á mɛ wuwo fɩyɛlɩ nala hʋ buloŋ mɛ aa na tʋwara bembiye abee bembifɩyɛlɩ hʋ ʋ aa kpaa tɩya ma.
6,"We suffer in the hope that you will be comforted and saved. And because we are comforted, you will also be comforted, as you patiently endure suffering like ours.","Dɩ ámaa rɛ ko kɩ na tʋwara, ma kyiyelii abee ma laa tayi wɩya rɛ. Dɩ ámaa rɛ ko na kyiyelii buloŋ Wɩɩsɩ lee, haŋ kyiyelii hʋ tɩɩ rɛ ma mɛ aa na, dɩ ma wuwo kaŋ kenyiri abee mala, a na tʋwara hʋ iriŋ á mɛ aa naa."
7,"You never disappoint us. You suffered as much as we did, and we know that you will be comforted as we were.","Á laa ma di rɛ weliŋ. Á bee yaa ma sige. Á gyɩma anɩɩ tʋwara hʋ á aa naa, ʋ tɩɩ rɛ ma mɛ kɩ na. Kyiyelii hʋ buloŋ mɛ á aa sɩ na Wɩɩsɩ lee, ʋ tɩɩ rɛ ma mɛ sɩ na."
8,"My friends, I want you to know what a hard time we had in Asia. Our sufferings were so horrible and so unbearable that death seemed certain.","Ŋ naabalɩya, ŋ aa kyɛ dɩ ma gyɩŋ tʋwara mɔɔ gɛɛ á aa naa Esɩya paalʋʋ tɩyaŋ nɛ. Tʋwara hʋ iriŋ á gyɩ aa naa bɩ kyalla, haalɩ á gyɩ bɩl bɩ liise anɩɩ á sɩ kaŋ mɩɩbol."
9,"In fact, we felt sure we were going to die. But this made us stop trusting in ourselves and start trusting God, who raises the dead to life.","Wɩtɩɩ, á gyɩ bɩɩna anɩɩ á sʋba teŋ nɛ. Amɛ gɛɛ kyiyeli ma rɛ dɩ á ta kɩ deŋ á tɩɩ dee tɩyaŋ, amɛ dɩ á kpa á bayɩyɛla buloŋ we Wɩɩsɩ tɩyaŋ, ʋ rɛ aa kyisi nala sʋʋ tɩyaŋ."
10,"God saved us from the threat of death, and we are sure that he will do it again and again.","Wɩɩsɩ rɛ lɩɩ ma sʋʋ bʋwa no tɩyaŋ. Maakyiye dɩ wɩɩ rɛ bɩl ko gyʋʋ ma, ʋ sɩ bɩl lɩɩ ma ʋ tɩyaŋ. Ʋ tɩyaŋ nɛ á bayɩyɛla buloŋ we anɩɩ ʋ rɛ sɩ kɩ lɩɩ ma tʋwara buloŋ tɩyaŋ."
11,Please help us by praying for us. Then many people will give thanks for the blessings we receive in answer to all these prayers. Paul's Change of Plans,Beewɩya ma sʋl Wɩɩsɩ kɩ tɩya ma rɛ. Nyɛ rɛ yaŋ sɩ leŋ dɩ nɩgyamaa dannɩ Wɩɩsɩ akuu ɛɛ hʋ Wɩɩsɩ aa laa ba sʋlɩɩ a lɩɩ ma á tʋwara no nayɩ tɩyaŋ. Pɔɔl bɩrɩmɩ ʋ hakɩla wɩya hʋ ʋ aa kyɛ dɩ ʋ yaa tɩyaŋ
12,"We can be proud of our clear conscience. We have always lived honestly and sincerely, especially when we were with you. And we were guided by God's gift of undeserved grace instead of by the wisdom of this world.","Lagɩlagɩ no kɛ, á sɩ wuwo bigisi á tɩɩ rɛ, beewɩya á hakɩla daga anɩɩ á wɩyaalɩya buloŋ weliye rɛ nal buloŋ lee dʋnɩya no tɩyaŋ, amarɩkpatɩya wɩɩ buloŋ á aa yaa ma lee, á yaa wɩya hʋ aa kpaa ŋmanɩɩ Wɩɩsɩ sɩya tɩyaŋ nɛ, aŋ pɛ tɩŋ wɩtɩɩ hʋ Wɩɩsɩ aa kyɛ. Nihuwobiŋ wɩgyʋŋ tɩyaŋ daa á tɩŋa a kɩ yaa á wɩya, amɛ Wɩɩsɩ lahɔrʋmɔ tɩyaŋ nɛ á wuwo kɩ yaa ba."
14,"just as you already partly understand us. Then when our Lord Jesus returns, you can be as proud of us as we are of you.","ka maakyiye ma sɩ gyɩŋ ba memii mʋ teŋ. Ka kyɛɛ hʋ á Tɩɩna Yesu Krisita aa sɩ mɩɩgɩ ko, ɛɛ tɩyaŋ nɛ ma sɩ gyɩma anɩɩ ma aa wuwo ma kɩ genni á wɩya rɛ, dɩ á mɛ wuwo kɩ genni ma wɩya."
15,I was so sure of your pride in us that I had planned to visit you first of all. In this way you would have the blessing of two visits from me—,"Ŋ aa gyɩŋ nyɛ tɩyaŋ nɛ tɩŋ, ŋ fa kɩ kyɛ dɩ ŋ laa sɩya ko ma lee, dɩ ma nɩɩ sʋŋbʋlɩya."
17,Do you think I couldn't make up my mind about what to do? Or do I seem like someone who says “Yes” or “No” simply to please others?,"Ma bɩɩna anɩɩ wɩya no ŋ aa basɩ nyɛ daga anɩɩ ŋ bɩ sɩ wuwo sɩŋ wɩdɩgɩ naaŋ tɩyaŋ nɛ koo? Ma bɩl bɩɩna anɩɩ ŋ aa yaa ŋ wɩya anɩɩ dʋnɩya nala aa yaa gɛɛ rɛ, dɩ ŋ laa wɩɩ aŋ bɩl sɩŋ doŋ baa dɩ ŋ bɩ laa koo?"
18,"God can be trusted, and so can I, when I say our answer to you has always been “Yes” and never “No.”",Ma gyɩma anɩɩ Wɩɩsɩ kaŋ wɩtɩɩ rɛ. Ɛɛ tɩɩ rɛ wɩya hʋ buloŋ á aa basɩ tɩya ma mɛ yaa wɩtɩɩ. Á bee basɩ naŋdeliŋkpara.
19,"This is because Jesus Christ the Son of God is always “Yes” and never “No.” And he is the one Silas, Timothy, and I told you about.","Wɩɩsɩ Biye Yesu Krisita wɩya hʋ mɩyaŋ Pɔɔl abee Silaasi bee Timoti aa basɩ tɩya ma, wɩya hʋ bɩ daga anɩɩ Yesu yaa nal hʋ aa basɩ naŋdeliŋkpara rɛ. Ʋ rɛ aa daga anɩɩ Wɩɩsɩ bɩ kaŋ naŋdeliŋkpara."
20,Christ says “Yes” to all God's promises. This is why we have Christ to say “Amen” for us to the glory of God.,"Wɩya hʋ buloŋ Wɩɩsɩ aa wee nyʋwa baa ʋ sɩ yaa, Yesu tɩyaŋ nɛ ʋ tɩŋa a yaa ba. Ɛɛ rɛ tɩŋ, dɩ ámaa rɛ ko kyʋwalɩ Wɩɩsɩ teŋ buloŋ, á aa baa dɩ “Yesu Krisita feŋ tɩyaŋ, amɩ” dɩ Wɩɩsɩ feŋ na bigisii"
21,And so God makes it possible for you and us to stand firmly together with Christ. God is also the one who chose us,Wɩɩsɩ tɩɩ rɛ leŋ á beel-ma buloŋ sɩŋ weliŋ á Tɩɩna Yesu Krisita tɩyaŋ. Wɩɩsɩ tɩɩ rɛ lɩɩ ma á kɩ tʋŋ tʋma no.
23,"God is my witness that I stayed away from Corinth, just to keep from being hard on you.","Wɩɩsɩ tɩɩ rɛ yaa ŋ daŋsɩya, ʋ gyɩma ŋ hakɩla rɛ. Ŋ fa bee kyɛ dɩ ŋ ko dɔŋ ma, ɛɛ rɛ tɩŋ ŋ gyɩ bɩ ko ma lee Koriŋti tɩyaŋ."
24,"We are not bosses who tell you what to believe. We are working with you to make you glad, because your faith is strong.",Á bee kyɛ dɩ á fɩl ma dɩ ma laa wɩya hʋ á aa basɩ kɩ tɩya ma di. Á gyɩma rɛ anɩɩ ma sɩŋ ma laadii tɩyaŋ weliŋ nɛ. Amɛ á aa kyɛ dɩ á beel-ma buloŋ kɩ tʋma rɛ dɩ ma tenni fɩyɛlɩ.
1,I have decided not to make my next visit with you so painful.,"Ɛɛwɩya, ŋ yaa ŋ hakɩla rɛ anɩɩ ŋ bɩl bɩ sɩ ko ma lee, dɩ ŋ ko leŋ dɩ ma tɩsɩ kyogi."
2,"If I make you feel bad, who would be left to cheer me up, except the people I had made to feel bad?","Beewɩya, dɩ mɩyaŋ nɛ leŋ ma tɩsɩ kyogi, nal buloŋ bɩl tuwo ʋ aa sɩ leŋ dɩ ŋ teŋ fɩyɛlɩ dɩ ma nala hʋ tɩsɩ aa kyogo hʋ daa."
3,"The reason I want to be happy is to make you happy. I wrote as I did because I didn't want to visit you and be made to feel bad, when you should make me feel happy.","Dɩ mɩyaŋ nɛ fa ko ma lee, mamaa rɛ sɩ leŋ dɩ ŋ teŋ fɩyɛlɩ. Ɛɛwɩya, dɩ mɩyaŋ nɛ yaŋ leŋ ma tɩsɩ kyogi, ma bɩl bɩ sɩ wuwo leŋ dɩ ŋ teŋ fɩyɛlɩ. Ɛɛ rɛ tɩŋ ŋ gyɩ laa sɩya sabɩ teŋ tɩya ma. Ŋ laa ma buloŋ di rɛ. Ŋ gyɩma anɩɩ dɩ ŋ teŋ nɛ ko fɩyɛlɩ, ma buloŋ tenni mɛ aa fɩyɛlɩ rɛ."
4,"At the time I wrote, I was suffering terribly. My eyes were full of tears, and my heart was broken. But I didn't want to make you feel bad. I only wanted to let you know how much I cared for you. Forgiveness","Saŋa hʋ tɩyaŋ ŋ aa sabɩ teŋ hʋ kɩ tɩya ma, ŋ tɩya fa kyogo rɛ kɩŋkaŋ. Ŋ paalɩ wɩɩ rɛ ma wɩya. Ŋ bee sabɩ teŋ no dɩ ŋ leŋ dɩ ma tɩsɩ kyogi, amɛ ŋ aa kyɛ dɩ ma gyɩma anɩɩ ŋ kyo ma buloŋ nɛ kɩŋkaŋ. Dɩ nal lɛ yaa wɩɩ kyogi ɩ, kpa kyɛ ʋ"
5,"I don't want to be hard on you. But if one of you has made someone feel bad, I am not really the one who has been made to feel bad. Some of you are the ones.","Nal hʋ aa leŋ ma tɩsɩ kyogi, ŋ dʋŋ tɩyaŋ daa ʋ gyʋʋ, amɛ ma tɩyaŋ nɛ ʋ gba gyʋʋ te ŋ. Koo dɩ ʋ bɩ gyʋʋ ma buloŋ tɩyaŋ mɛ, amɛ ʋ gyʋʋ ma badɔmɔŋ tɩyaŋ kɛ rɛ. Ŋ bee kyɛ dɩ ŋ basɩ wɩɩ no bee beere."
6,"Most of you have already pointed out the wrong that person did, and this is punishment enough for what was done.","Nal hʋ aa yaa gɛɛ, ma gyeniŋ buloŋ aa dɔgɩsɩ ʋ maga gɛɛ, ʋ maga rɛ."
7,"When people sin, you should forgive and comfort them, so they won't give up in despair.","Amɛ lagɩlagɩ no kɛ ʋ maga dɩ ma kpa wɩɩ buloŋ kyɛ ʋ rɛ, aŋ fɩyɛlɩ ʋ bembii. Dɩ gɛɛ daa, ʋ tɩya sɩ marɩ kyogi mʋ gallɩ, dɩ ʋ yalmɩ."
9,I also wrote because I wanted to test you and find out if you would follow my instructions.,"Ŋ sabɩ haŋ teŋ hʋ tɩya ma, dɩ ŋ na dɩ ma yaa siri dɩ ma tɩŋ ŋ nyʋwa saŋa buloŋ koo ma bɩ yaa siri rɛ."
10,"I will forgive anyone you forgive. Yes, for your sake and with Christ as my witness, I have forgiven whatever needed to be forgiven.","Dɩ mamaa rɛ kpaa wɩɩ kyɛ nal, ŋ mɛ kpaa kyɛ ʋ rɛ. Dɩ mɩyaŋ nɛ fa maga dɩ ŋ kpa wɩɩ kyɛ tɩɩna, ŋ kpaa kyɛ ʋ tɩɩna rɛ, akuu ma wɩya. Krisita rɛ yaa ŋ daŋsɩya tɩɩna wɩɩ no tɩyaŋ."
11,I have done this to keep Satan from getting the better of us. We all know what goes on in his mind.,"Ŋ yaa gɛɛ rɛ dɩ Sɩtaanɩ ta wuwo ma, beewɩya, á gyɩŋ ʋ dawarɩ buloŋ nɛ. Pɔɔl mʋʋ Turowasɩ"
12,"When I went to Troas to preach the good news about Christ, I found that the Lord had already prepared the way.","Ŋ aa ko Turowasɩ dɩ ŋ basɩ Krisita wɩweliye hʋ a tɩya ba, ŋ naa anɩɩ á Tɩɩna suri ŋmanɩɩ tɩya ŋ nɛ,"
13,But I was worried when I didn't find my friend Titus there. So I left the other followers and went on to Macedonia.,"dɩ ŋ tʋŋ tʋma doŋ, amɛ ŋ hakɩla fa bɩ pɩŋ lɩdɩgɩ, beewɩya ŋ fa bɩ naa á nɩɩnabiye Titusi doŋ. Ɛɛ rɛ ŋ sii doŋ, a ta ba aŋ kpa mʋ Masidooniya paalʋʋ. Krisita dee tɩyaŋ á yuwo di Sɩtaanɩ rɛ"
14,"I am grateful that God always makes it possible for Christ to lead us to victory. God also helps us spread the knowledge about Christ everywhere, and this knowledge is like the smell of perfume.","Ma leŋ dɩ á dannɩ Wɩɩsɩ. Ʋ tɩya Krisita dee rɛ ʋ yuwo di Sɩtaanɩ, á bee Krisita aa yaa kɩdɩgɩ wɩya, á mɛ aa yuwo di Sɩtaanɩ rɛ saŋa buloŋ aŋ kɩ gyʋwɔsɩ anɩɩ bayuwolo aa yuwo di ba dɔmɔ. Wɩɩsɩ pɛɛ á tɩyaŋ nɛ á wuwo kɩ basɩ Krisita wɩya lee buloŋ tɩyaŋ. Krisita wɩweliye no laa lee buloŋ nɛ anɩɩ tʋranɩɩ aa kpaa sʋwala tɔ lee buloŋ."
16,"In fact, God thinks of us as a perfume that brings Christ to everyone. For people who are being saved, this perfume has a sweet smell and leads them to a better life. But for people who are lost, it has a bad smell and leads them to a horrible death. No one really has what it takes to do this work.","Nala hʋ aa nyʋgɩsa lee, tʋranɩɩ no sʋwala aa kɩ kpʋ ba rɛ. Amɛ nala hʋ Wɩɩsɩ aa laa kɩ ta kɛ lee, tʋranɩɩ no sʋwala aa tɩya ba mɩɩbol lɛ. Kɩbee rɛ yaŋ maga dɩ ʋ tʋŋ tʋma no?"
17,"A lot of people try to get rich from preaching God's message. But we are God's sincere messengers, and by the power of Christ we speak our message with God as our witness.",Nala gyeniŋ buloŋ kpaa Wɩɩsɩ wɩtɩɩ hʋ basɩɩ wɩya yaa molbi-kyɛ wɩɩ rɛ. Amɛ á kɛ aa basɩ Wɩɩsɩ wɩweliye hʋ rɛ abee wɩtɩɩ ʋ sɩya tɩyaŋ. Á yaa Wɩɩsɩ tʋŋtʋnnɩ tɩɩma rɛ. Ʋ rɛ tɩŋ ma á kɩ basɩ wɩweliye no Krisita dee tɩyaŋ.
2,"But you are our letter, and you are in our hearts for everyone to read and understand.","Ma tɩɩ bee ma nyuu rɛ yaa tenni hʋ aa daga gɛɛ á aa kɩya, á sabɩ we á tɩsɩ tɩyaŋ. Nal buloŋ aa karɩmɩ rɛ a gyɩŋ gɛɛ á aa kɩya."
3,You are like a letter written by Christ and delivered by us. But you are not written with pen and ink or on tablets made of stone. You are written in our hearts by the Spirit of the living God.,Ma kɩɩ gɛɛ rɛ anɩɩ teŋ Krisita aa saba a kpa tɩmma dɩ á kaŋ ko. Teŋ no wɩya bɩ kɩɩ nɩɩ wɩya nal kɩdɩgɩ aa kpaa kɩŋ a sabɩ mal bʋtala tɩyaŋ. Amɛ Krisita tɩɩ rɛ kpaa Wɩɩsɩ Wiyesi Welii hʋ a sabɩ teŋ no we nihuwobisi tɩsɩ tɩyaŋ.
4,We are sure about all this. Christ makes us sure in the very presence of God.,"Krisita lahɔrʋmɔ tɩyaŋ, á laa Wɩɩsɩ di rɛ, ɛɛ rɛ tɩŋ á wuwo kɩ basɩ wɩya no buloŋ gɛɛ."
5,We don't have the right to claim that we have done anything on our own. God gives us what it takes to do all we do.,"Ʋ gɛɛ bɩ kɩɩ nɩɩ tʋma hʋ á aa tʋŋ, dɩ á tɩɩ dee rɛ á kaŋ kɩ tʋma. Dee hʋ á aa kaŋ kɩ tʋŋ tʋma no lɩɩ Wɩɩsɩ lee rɛ."
6,"He makes us worthy to be the servants of his new agreement that comes from the Holy Spirit and not from a written Law. After all, the Law brings death, but the Spirit brings life.","Wɩɩsɩ tɩɩ rɛ tɩya ma ŋmanɩɩ abee dee dɩ á yaa nyʋʋfalɩɩ hʋ ʋ aa kpaa tɩya nihuwobisi tʋŋtʋnna. Nyʋwa no wɩya á aa basɩ bɩ yaa mɩra ba aa saba biŋ. Nyʋʋfalɩɩ no dee lɩɩ Wɩɩsɩ Wiyesi Welii hʋ tɩyaŋ nɛ. Mɩrɩsɩ hʋ Moosi aa saba biŋ dɩ nala kɩ tɩŋa litenii rɛ yaa sʋʋ, amɛ Wɩɩsɩ Wiyesi Welii hʋ kɛ aa tɩya mɩɩbol lɛ."
10,"In fact, the new agreement is so wonderful that the Law is no longer glorious at all.","Ɛɛ wɩya Wɩɩsɩ gaŋdarɩ hʋ aa we doŋ gyɩnaŋ aa yʋga kɩŋkaŋ wɩya, buŋbuŋ gaŋdarɩ hʋ kɛ bɩl tuwo."
11,"The Law was given with a glory that faded away. But the glory of the new agreement is much greater, because it will never fade away.","Dɩ Wɩɩsɩ rɛ daga ʋ gaŋdarɩ wɩya aa yaa wɩparɩbanɩya tɩyaŋ, ɛɛ kɛ Wɩɩsɩ sɩ marɩ daga ʋ gaŋdarɩ wɩya hʋ a we doŋ deŋdeŋ kɩ mʋ tɩyaŋ."
12,This wonderful hope makes us feel like speaking freely.,Á aa kaŋ bayɩyɛla no wɩya rɛ tɩŋ á kɩ basɩ Wɩɩsɩ wɩya abee nyuduwo.
16,with a covering that is removed only for those who turn to the Lord.,"Amɛ dɩ nal lɛ ko bɩrɩmɩ a kɩ tɩŋ á Tɩɩna Krisita, gal hʋ aa polli rɛ."
17,"The Lord and the Spirit are one and the same, and the Lord's Spirit sets us free.","Á Tɩɩna Krisita bee Wiyesi Welii hʋ yaa kɩdɩgɩ rɛ. Nal hʋ aa kaŋ Wɩɩsɩ Wiyesi Welii hʋ, ʋ tɩɩna laa ʋ tɩɩ rɛ Moosi mɩrɩsɩ hʋ tɩyaŋ."
1,God has been kind enough to trust us with this work. This is why we never give up.,"Wɩɩsɩ bɔnyɛ tɩyaŋ nɛ ʋ kpa tʋma no tɩya ma dɩ á kɩ tʋma, ɛɛ wɩya á tenni bee yʋwɔrɩ ba tʋmɩɩ."
2,"We don't do shameful things that must be kept secret. And we don't try to fool anyone or twist God's message around. God is our witness that we speak only the truth, so others will be sure we can be trusted.","Hɩɩsɩ wɩya abee wɩya hʋ nala aa lʋwɔlɩ kɩ yaa, á kɛ vɩya ba yayɩ rɛ. Á bɩ gɔllɩ kɩ mʋrɩ nala. Á bɩ kaŋ Wɩɩsɩ wɩya hʋ kɩ bɩrɩmɩ wɩnyɩyɛl. Á bɩ kaŋ wɩtɩɩ hʋ kɩ faŋa nal buloŋ. Lɩgyalɩɩ rɛ á aa sɩŋ a kɩ basɩ wɩya no buloŋ dɩ nal buloŋ gyɩma nɩɩ Wɩɩsɩ rɛ yaa á daŋsɩya tɩɩna anɩɩ wɩtɩɩ rɛ á kɩ basɩ."
3,"If there is anything hidden about our message, it is hidden only to someone who is lost.","Amɛ dɩ Wɩɩsɩ Wɩweliye hʋ á aa basɩ rɛ ko yaa wɩfaŋɩya, nala hʋ aa nyʋgɩsɩ lee rɛ ba yaa wɩfaŋɩya."
4,"The god who rules this world has blinded the minds of unbelievers. They cannot see the light, which is the good news about our glorious Christ, who shows what God is like.","Nala no bɩ laa Wɩɩsɩ Wɩweliye hʋ di beewɩya Sɩtaanɩ aa yaa dʋnɩya no kuwori leŋ ba hakɩllɩ we bilhuu tɩyaŋ nɛ, a pɔ dɩ ba ta naa pʋlʋŋ hʋ aa kyaana we ba tɩyaŋ. Pʋlʋŋ no rɛ yaa Wɩɩsɩ Wɩweliye hʋ aa daga á Tɩɩna Yesu Krisita gaŋdarɩ, nal hʋ aa kɩɩ Wɩɩsɩ tɩɩ."
6,"The Scriptures say, “God commanded light to shine in the dark.” Now God is shining in our hearts to let you know that his glory is seen in Jesus Christ.","Buŋbuŋ hʋ tɩyaŋ Wɩɩsɩ aa marɩ dʋnɩya, ʋ basɩ rɛ a baa, “Pʋlʋŋ kyaanɩ bilhuu tɩyaŋ.” Haŋ Wɩɩsɩ hʋ tɩɩ rɛ bɩl leŋ pʋlʋŋ ko gyʋʋ á tɩyaŋ. Pʋlʋŋ no rɛ leŋ á gyɩŋ Wɩɩsɩ gaŋdarɩ hʋ aa we Krisita tɩyaŋ."
7,We are like clay jars in which this treasure is stored. The real power comes from God and not from us.,"Amɛ á kɛ kɩɩ gɛɛ rɛ anɩɩ viini, Wɩɩsɩ kpa wɩweliye no a we á tɩyaŋ. Nyɛ yaŋ daga anɩɩ debal hʋ aa we á tɩyaŋ yaa Wɩɩsɩ kɩŋ nɛ; á tɩɩ dee daa."
8,"We often suffer, but we are never crushed. Even when we don't know what to do, we never give up.","Á aa na tʋwara rɛ weliŋ lee kɛ buloŋ tɩyaŋ, amɛ tʋwara hʋ bɩ wuwo ma. Saŋa kɩdɩgɩ á aa paalɩ bɩ gyɩŋ wɩɩ hʋ buloŋ tɩyaŋ á aa wee, amɛ á bee bɩla hal."
9,"In times of trouble, God is with us, and when we are knocked down, we get up again.","Ba aa kɩ dɔgɩsɩ ma rɛ, amɛ Wɩɩsɩ aa bɩ vɩya ma ta. Ba aa ŋmaa ma tɩya sʋʋ rɛ, amɛ á bee sʋba."
11,"We face death every day because of Jesus. Our bodies show what his death was like, so his life can also be seen in us.","Á aa we á mɩɩbol tɩyaŋ nyɛ, saŋa buloŋ á aa kpa á mɩɩbol yuwo daasɩɩga rɛ Yesu Krisita wɩya, dɩ ɛɛ leŋ nala na anɩɩ á teŋbiye no aa sɩ sʋba mɛ kaŋ mɩɩbol hʋ aa kana rɛ."
12,"This means that death is working in us, but life is working in you.","Ɛɛwɩya, á kɛ aa kpa á mɩɩbol yuwo daasɩɩga rɛ saŋa buloŋ, amɛ ɛɛ leŋ ma kɛ kaŋ mɩɩbol aa bɩ kaŋ tenni rɛ."
13,"In the Scriptures it says, “I spoke because I had faith.” We have this same kind of faith. So we speak","Ba saba Wɩɩsɩ teŋ tɩyaŋ nɛ a baa, “Ŋ laa Wɩɩsɩ di rɛ, ɛɛ rɛ tɩŋ ŋ basɩ ʋ wɩya.” Á mɛ laa Wɩɩsɩ di nyɛ tɩɩ rɛ, ɛɛ rɛ tɩŋ á mɛ kɩ basɩ ʋ wɩya."
14,"because we know that God raised the Lord Jesus to life. And just as God raised Jesus, he will also raise us to life. Then he will bring us into his presence together with you.","Á gyɩma anɩɩ Wɩɩsɩ aa yaŋ kyisi á Tɩɩna Yesu sʋʋ tɩyaŋ gɛɛ, ɛɛ tɩɩ rɛ ʋ sɩ kyisi ma mɛ sʋʋ tɩyaŋ, dɩ á bee Yesu buloŋ kaŋ mɩɩbol, ka dɩ ʋ kaŋ á beel-ma buloŋ mʋ Wɩɩsɩ sɩya."
15,"All of this has been done for you, so more and more people will know how kind God is and will praise and honor him. Faith in the Lord","Ma wɩya rɛ tɩŋ wɩya no buloŋ yaa, ka dɩ Wɩɩsɩ aa tɩŋ ʋ bɔnyɛ tɩyaŋ a laa nɩgyamaa gyamaa kɩ ta nyɛ, dɩ ɛɛ leŋ dɩ nɩgyamaa dannɩ Wɩɩsɩ weliŋ, a leŋ dɩ ʋ feŋ yɩrɩ."
16,"We never give up. Our bodies are gradually dying, but we ourselves are being made stronger each day.","Akuu wɩɩ no wɩya á tenni bee yʋwɔrɩ. Teŋbii hʋ á aa kana á mɩɩbol no tɩyaŋ, ʋ aa hɩyasɩ rɛ, amɛ á hakɩllɩ kɛ aa kɩ bɩrɩmɩ kɩfalɩya rɛ kyɛɛ bee ʋ nyʋwa buloŋ."
18,"Things that are seen don't last forever, but things that are not seen are eternal. This is why we keep our minds on the things that cannot be seen.","Ɛɛwɩya, á kɛ bɩ kpaa á hakɩllɩ we dʋnɩya no kɩna á aa naa tɩyaŋ, amɛ á kpaa á hakɩllɩ we wɩɩsɩbee kɩna á aa bee na tɩyaŋ nɛ, beewɩya kɩna hʋ á aa naa bɩ sɩ pɩɩsɩ aŋ nyʋgɩsɩ, amɛ kɩna hʋ á aa bee na kɛ sɩ we doŋ a kaŋ kɩ mʋ maakyiye buloŋ."
1,"Our bodies are like tents that we live in here on earth. But when these tents are destroyed, we know that God will give each of us a place to live. These homes will not be buildings someone has made, but they are in heaven and will last forever.","Á tɩɩ gyɩma nɩɩ teŋbiye no á aa kana dʋnɩya no tɩyaŋ bɩ sɩ piisi aŋ sʋba. Amɛ dɩ ba aa rɛ ko sʋba, Wɩɩsɩ sɩ tɩya ma teŋbifalɩya hʋ aa bɩ yaa dʋnɩya no kɩna. Wɩɩsɩ tɩɩ rɛ marɩ ba a leŋ ba yaa kɩna aa sɩ we doŋ kɩ mʋ deŋdeŋ."
2,"While we are here on earth, we sigh because we want to live in that heavenly home.","Á aa we á mɩɩbol no tɩyaŋ, á hiini kɩ kyɛ teŋbifalɩya hʋ Wɩɩsɩ aa sɩ kpa tɩya ma rɛ."
3,We want to put it on like clothes and not be naked.,"Dɩ Wɩɩsɩ ko kpa teŋbiye no tɩya ma, á bɩl bɩ sɩ kaŋ teŋbil."
4,"These tents we now live in are like a heavy burden, and we groan. But we don't do this just because we want to leave these bodies that will die. It is because we want to change them for bodies that will never die.","Teŋbiye hʋ á aa kana á mɩɩbol no tɩyaŋ, ba leŋ tʋwara gyʋʋ ma rɛ á kɩ hiini. Amɛ ʋ bɩ kɩɩ nɩɩ sʋʋ rɛ á sʋla kɩ kyɛ. Á aa kyɛ dɩ Wɩɩsɩ kaŋ á teŋbiye no bɩrɩmɩ rɛ, a kpa teŋbifalɩya hʋ aa sɩ we doŋ kaŋ kɩ mʋ maakyiye buloŋ a tɩya ma."
5,God is the one who makes all this possible. He has given us his Spirit to make us certain he will do it.,"Wɩɩsɩ tɩɩ rɛ marɩ ma wɩɩ no wɩya. Ɛɛ rɛ ʋ kpa ʋ Wiyesi Welii hʋ we á tɩyaŋ, dɩ gɛɛ leŋ dɩ á gyɩma anɩɩ maakyiye ʋ sɩ kpa kɩŋ hʋ aa sɩ tɩŋa mɛ a tɩya ma."
6,"So always be cheerful! As long as we are in these bodies, we are away from the Lord.","Ɛɛwɩya, saŋa kɛ buloŋ, á tenni aa polli rɛ. Beewɩya á gyɩma anɩɩ á ha aa kaŋ teŋbiye no á mɩɩbol tɩyaŋ nyɛ, á ha bɩ gyʋʋ á Tɩɩna Yesu sɔŋ."
8,"We should be cheerful, because we would rather leave these bodies and be at home with the Lord.","Wɩtɩɩ rɛ, á tenni paalɩ pollo rɛ, á kyo dɩ á fa lɩɩ dʋnɩya no tɩyaŋ a mʋ we á Tɩɩna Yesu lee."
9,"But whether we are at home with the Lord or away from him, we still try our best to please him.","Ɛɛwɩya, á wɩkyɛɛlɩɩ buloŋ nɛ yaa dɩ á kɩ tɩŋa ʋ kyɛrɩ lee kɛ buloŋ tɩyaŋ á aa wee. Dɩ ámaa rɛ we dʋnɩya no koo dɩ á lɩɩ ʋ tɩyaŋ mɛ,"
10,"After all, Christ will judge each of us for the good or the bad that we do while living in these bodies. Bringing People to God","beewɩya á buloŋ sɩ maakyiye mʋ sɩŋ Krisita sɩya tɩyaŋ, dɩ ʋ di ma sarɩya, aŋ tuŋ nal buloŋ wɩya hʋ ʋ aa yaa ʋ mɩɩbol tɩyaŋ tuno. Amɛ wɩbɔmɔ kaŋ ba tuno rɛ, wɩweliye mɛ kaŋ ba tuno. Krisita nyubaanɩŋ, á bee Wɩɩsɩ bɩrɩmɩ kyaŋsɩ rɛ"
11,"We know what it means to respect the Lord, and we encourage everyone to turn to him. God himself knows what we are like, and I hope you also know what kind of people we are.","Á yaa nala aa fá Wɩɩsɩ rɛ. Ɛɛ rɛ tɩŋ á kɩ lʋga dɩ á leŋ dɩ nala ko laa Krisita wɩya di. Wɩɩsɩ gyɩŋ gɛɛ á aa kɩya rɛ. Ŋ yaŋ liise anɩɩ ma hakɩllɩ tɩyaŋ, ma mɛ gyɩŋ gɛɛ á aa kɩya rɛ."
12,"We are not trying once more to brag about ourselves. But we want you to be proud of us, when you are with those who are not sincere and brag about what others think of them.","Ʋ bɩl bɩ kɩɩ nɩɩ á tɩɩ rɛ á kɩ kyɛ dɩ á daga ma lee. Amɛ á aa kyɛ dɩ ma kaŋ wɩɩ rɛ ma aa sɩ wuwo kpa kɩ genni á wɩya, dɩ gɛɛ leŋ dɩ ma wuwo na wɩɩ basɩ tɩya nala hʋ aa daga ba tɩɩ nala sii wɩnaalɩya wɩya, aŋ bee kyɩla gɛɛ ba hakɩllɩ aa kɩya Wɩɩsɩ sɩya tɩyaŋ."
13,"If we seem out of our minds, it is between God and us. But if we are in our right minds, it is for your good.","Wɩya no á aa basɩ nyɛ, ma kɛ sɩ bɩɩnɩ anɩɩ á nyuni tuwo. Dɩ á nyuni rɛ ko tuwo, Wɩɩsɩ wɩya rɛ tɩŋ. Amɛ dɩ á nyuni ko kɩ tʋma, ma wɩya rɛ tɩŋ."
14,"We are ruled by Christ's love for us. We are certain that if one person died for everyone else, then all of us have died.","Wɩɩ buloŋ á aa yaa, Krisita aa kyo ma rɛ tɩŋ á kɩ yaa, beewɩya á gyɩma rɛ weliŋ anɩɩ ʋ rɛ laa nal buloŋ nyuu a sʋba. Ɛɛ mɛ daga anɩɩ nal buloŋ mɛ sʋba rɛ gɛɛ."
15,"And Christ did die for all of us. He died so we would no longer live for ourselves, but for the one who died and was raised to life for us.","Nal nal buloŋ wɩya rɛ tɩŋ Krisita sʋba, ɛɛwɩya nala hʋ buloŋ aa we ba mɩɩbol tɩyaŋ maga dɩ ba kɩ tɩŋ ʋ kyɛrɩ rɛ, aŋ ta bɩl kɩ tɩŋ ba tɩɩ kyɛrɩ. Beewɩya, ba wɩya rɛ Krisita kuu sʋba, aŋka Wɩɩsɩ bɩl kyisi ʋ sʋʋ tɩyaŋ."
17,"Anyone who belongs to Christ is a new person. The past is forgotten, and everything is new.","Ɛɛwɩya, dɩ nal buloŋ nɛ ko laa Krisita wɩya di, ʋ tɩɩna bɩrɩmɩ nɩfalɩɩ rɛ. Wɩbɩnɩya hʋ buloŋ ʋ fa aa yaa tene rɛ, ka wɩfalɩya piili ʋ mɩɩbol tɩyaŋ."
18,"God has done it all! He sent Christ to make peace between himself and us, and he has given us the work of making peace between himself and others.","Wɩɩsɩ rɛ yaa wɩya no buloŋ tɩya ma. Wɩɩsɩ tɩŋ Krisita tɩyaŋ nɛ a leŋ ʋ bee nihuwobisi mɩɩgɩ sʋma. Lagɩlagɩ no, ʋ tɩya ma tʋma rɛ dɩ á mʋ basɩ tɩya nala dɩ ba ko, dɩ ba bee Wɩɩsɩ mɩɩgɩ marɩ dɔmɔŋ."
19,"What we mean is that God was in Christ, offering peace and forgiveness to the people of this world. And he has given us the work of sharing his message about peace.","Wɩɩ hʋ ŋ aa basɩ rɛ nyɛ; Wɩɩsɩ tɩŋ Krisita tɩyaŋ nɛ a leŋ ʋ bee dʋnɩya nala buloŋ mɩɩgɩ sʋma, aŋ kpa ba wɩbɔmɔ buloŋ kyɛ ba. Wɩɩsɩ kpaa ʋ wɩweliye hʋ tɩya ámaa ʋ tʋŋtʋnna rɛ dɩ á basɩ tɩya nala anɩɩ ʋ aa kyɛ dɩ ʋ bee dʋnɩya nala mɩɩgɩ sʋma rɛ nyɛ kɛ."
20,"We were sent to speak for Christ, and God is begging you to listen to our message. We speak for Christ and sincerely ask you to make peace with God.","Ɛɛwɩya, Krisita naasɩ rɛ á laa sɩŋ a basɩ wɩya no kɩ tɩya nala. Wɩɩsɩ tɩŋ á tɩyaŋ nɛ a kɩ sʋla ma dɩ ma ko ʋ lee. Krisita nyubaanɩŋ, á aa sʋla ma dɩ ma leŋ dɩ ma bee Wɩɩsɩ marɩ dɔmɔŋ."
21,"Christ never sinned! But God treated him as a sinner, so Christ could make us acceptable to God.","Krisita gyɩ bɩ kaŋ wɩbɔŋ buloŋ, amɛ á wɩya rɛ tɩŋ Wɩɩsɩ leŋ ʋ sʋba anɩɩ wɩbɔŋyaal. Wɩɩsɩ yaa gɛɛ rɛ dɩ á wuwo tɩŋ Krisita tɩyaŋ a kaŋ tɩpʋlʋŋ ʋ sɩya tɩyaŋ."
1,"We work together with God, and we beg you to make good use of God's gift of undeserved grace.","Tʋma no á aa tʋŋ, á bee Wɩɩsɩ buloŋ nɛ aa tʋŋ. Ɛɛwɩya, á aa sʋla ma gyaaŋgyaaŋ, dɩ ma ta leŋ dɩ Wɩɩsɩ bɔnyɛ hʋ ʋ aa kana beel-ma ko yaa waasʋ."
2,"In the Scriptures God says, “When the time came, I listened to you, and when you needed help, I came to save you.” That time has come. This is the day for you to be saved.","Beewɩya Wɩɩsɩ basɩ wɩɩ no ʋ teŋ tɩyaŋ nɛ, a baa, “Saŋa hʋ aa maga dɩ ŋ daga ŋ bɔnyɛ ma lee, ŋ fáá ma wulo rɛ. Kyɛɛ hʋ aa maga dɩ ŋ laa ma ta, ŋ kyiyeli ma rɛ.” Ma gyegili nɩɩ daha, saŋa hʋ Wɩɩsɩ aa sɩ kyiyeli ma rɛ nyɛ, gyɩnaŋ nɛ yaa kyɛɛ hʋ Wɩɩsɩ aa sɩ laa ma ta. Tʋwara hʋ Pɔɔl aa naa"
3,"We don't want anyone to find fault with our work, and so we try hard not to cause problems.","Á bee kyɛ dɩ nal buloŋ ko kyogi á feŋ á tʋma no lugo tɩyaŋ. Ɛɛwɩya, á aa lʋgɩ rɛ dɩ á ta ko kpa kɩŋ buloŋ gara nal buloŋ ŋmanɩɩ."
4,"But in everything and in every way we show we truly are God's servants. We have always been patient, though we have had a lot of trouble, suffering, and hard times.","Ɛɛwɩya, á wɩkanɩɩ buloŋ tɩyaŋ, á aa daga anɩɩ á kɔnɩ yaa Wɩɩsɩ tʋŋtʋnna rɛ. Beewɩya, á paalɩ na tʋwara rɛ, a na sikii, wɩgyʋʋlɩya yʋga mɛ gyʋʋ ma, amɛ ba buloŋ tɩyaŋ mɛ, á wuwo kaŋ kenyiri rɛ abee mala."
5,"We have been beaten, put in jail, and hurt in riots. We have worked hard and have gone without sleep or food.","Ba ŋmaa ma rɛ, a kaŋ ma tɔ dɩyaŋ, nala gol ŋmaa ma, ka bee hʋ buloŋ laa taawɛɛ. Á tʋŋ tʋma te á faŋŋa rɛ, a bara doo, a pɩŋ losi."
6,"But we have kept ourselves pure and have been understanding, patient, and kind. The Holy Spirit has been with us, and our love has been real.","Á daga anɩɩ á yaa Wɩɩsɩ tʋŋtʋnna rɛ a bɩ kaŋ wɩkyogii buloŋ. Á gyɩŋ Wɩɩsɩ wɩbii hʋ rɛ, a kaŋ kenyiri, a kaŋ bɔnyɛ. Wɩɩsɩ Wiyesi Welii hʋ we á tɩyaŋ nɛ, á kyo nala abee á wɩtɩɩ buloŋ."
7,"We have spoken the truth, and God's power has worked in us. In all our struggles we have said and done only what is right.","Wɩtɩɩ dʋŋ nɛ á kɩ basɩ, Wɩɩsɩ dee mɛ we á tɩyaŋ. Á tɩpʋlʋŋ kɩɩ gɛɛ anɩɩ bakɩna á kaŋ kɩ pɔ á tɩɩ."
8,"Whether we were honored or dishonored or praised or cursed, we always told the truth about ourselves. But some people said we did not.","Nala badɔmɔŋ aa tɩya ma gyɩrɩma rɛ, ka badɔmɔŋ mɛ kɩ we ma hɩɩsɩ tɩyaŋ. Á hal nala badɔmɔŋ aa bigisi ma rɛ, ka badɔmɔŋ mɛ kɩ tʋʋsɩ ma. Ba kpaa ma anɩɩ á yaa wɩnyɩyɛla rɛ, amɛ wɩtɩɩ rɛ á kɩ basɩ."
9,"We are unknown to others, but well known to you. We seem to be dying, and yet we are still alive. We have been punished, but never killed,","Ba kpaa ma anɩɩ á bɩ yaa nala, amɛ lee kɩdɩgɩ buloŋ tuwo dɩ ba bɩ gyɩŋ ma. Tʋwara hʋ á aa naa, ʋ fa maga á sʋba rɛ, amɛ á ha we doŋ. Ba aa ŋmaa tɩya sʋʋ rɛ, ka á bee sʋba."
10,"and we are always happy, even in times of suffering. Although we are poor, we have made many people rich. And though we own nothing, everything is ours.","Á tɩsɩ aa kyogi rɛ, aŋka á kɩ gyʋwɔsɩ saŋa buloŋ. Á yaa nyaaba rɛ, amɛ á aa pɛ nala tɩyaŋ nɛ ba yaa dʋwana Wɩɩsɩ wɩweliye tɩyaŋ. Á bɩ kaŋ kɩŋ buloŋ, amɛ ámaa rɛ kɔnɩ tɩŋ kɩŋ buloŋ Krisita tɩyaŋ."
11,"Friends in Corinth, we are telling the truth when we say there is room in our hearts for you.",Abaa! Koriŋti tɩmma! Á basɩ wɩtɩɩ hʋ buloŋ polli tɩya ma rɛ. Á bɩ kpaa á wɩɩ kɩdɩgɩ buloŋ faŋ ma.
12,"We are not holding back on our love for you, but you are holding back on your love for us.","Á kɛ kpaa á tɩsɩ buloŋ tɩya ma rɛ abee kyori, amɛ ma kɛ kaŋ ma tɩsɩ faŋ ma rɛ."
13,I speak to you as I would speak to my own children. Please make room in your hearts for us. The Temple of the Living God,"Lagɩlagɩ no, ŋ basɩ wɩya kɩ tɩya ma rɛ anɩɩ ŋ balɩya. Ma ta kpaa wɩɩ buloŋ faŋ ma. Ɛɛ hʋ á aa kɩya beel-ma, ma mɛ kɩɩ gɛɛ beel-ma. Ma ta leŋ dɩ ma bee nala hʋ aa bɩ laa Yesu wɩya di kɩ pɛ wɩya"
14,Stay away from people who are not followers of the Lord! Can someone who is good get along with someone who is evil? Are light and darkness the same?,Ma ta leŋ dɩ ma bee nala hʋ aa bɩ laa Yesu wɩya di kɩ mal dɔmɔŋ. Tɩpʋlʋŋ tɩɩna bee nɩbɔŋ bɩ sɩ wuwo kɩ mal dɔmɔŋ. Pʋlʋŋ bee bilhuu mɛ bɩ sɩ wuwo laŋŋɩ lɩdɩgɩ.
15,Is Christ a friend of Satan? Can people who follow the Lord have anything in common with those who don't?,Krisita bee Sɩtaanɩ bɩ sɩ wuwo yaa nyʋʋdɩgɩ. Ɛɛ tɩɩ rɛ nal hʋ mɛ aa laa Yesu wɩya di abee nal hʋ aa bɩ laa ʋ wɩya di bɩ sɩ wuwo pɛ wɩɩ buloŋ.
16,"Do idols belong in the temple of God? We are the temple of the living God, as God himself says, “I will live with these people and walk among them. I will be their God, and they will be my people.”","Wɩɩsɩ dɩya bee vʋga bɩ sɩ wuwo pɛ wɩɩ buloŋ tɩyaŋ, beewɩya, ámaa rɛ yaa Wɩɩweyi hʋ dɩya. Wɩɩsɩ tɩɩ basɩ ʋ teŋ tɩyaŋ nɛ a baa, “Ŋ sɩ we ŋ nala lee a kɩ gyʋʋ ba lee. Mɩyaŋ nɛ sɩ yaa ba Wɩɩsɩ, dɩ ba mɛ yaa ŋ nala."
18,"and be your Father. You will be my sons and my daughters, as surely as I am God, the All-Powerful.”","Ŋ sɩ yaa ma Kuwo dɩ ma mɛ yaa ŋ balɩya. Á Tɩɩna Wɩɩsɩ, dee buloŋ tɩɩna rɛ basɩ nyɛ.”"
1,"My friends, God has made us these promises. So we should stay away from everything that keeps our bodies and spirits from being clean. We should honor God and try to be completely like him. The Church Makes Paul Happy","Ŋ naabiikpɩyanama, Wɩɩsɩ foŋ aa baa dɩ ʋ sɩ yaa wɩya no buloŋ tɩya ma nyɛ, ma leŋ dɩ á lɩɩ á tɩɩ bisiŋ wɩya hʋ aa sɩ kyogi á teŋbiye abee á dʋŋsɩ buloŋ tɩyaŋ. Ma leŋ dɩ á kɩ fá Wɩɩsɩ, aŋ leŋ dɩ á wɩkanɩɩ buloŋ tʋʋlɩ ʋ sɩya tɩyaŋ. Pɔɔl teŋ fɩyɛla"
2,Make a place for us in your hearts! We haven't mistreated or hurt anyone. We haven't cheated anyone.,"Ma suri ma tɩsɩ tɩya ma. Á bɩ yaa wɩɩ kyogi nal kɩdɩgɩ buloŋ, á bɩ kyogi nal kɩdɩgɩ buloŋ nyuu mɛ, á bɩl bɩ firimi nal kɩdɩgɩ buloŋ mɛ."
3,"I am not saying this to be hard on you. But, as I have said before, you will always be in our thoughts, whether we live or die.","Ŋ aa basɩ wɩya no, ʋ bɩ kɩɩ nɩɩ ŋ aa kyɛ dɩ ŋ kpa kyogisi tɩya ma rɛ, beewɩya ŋ laa sɩya basɩ tɩya ma rɛ anɩɩ á kyo ma rɛ kɩŋkaŋ. Ɛɛwɩya, dɩ mɩɩbol lɛ, á buloŋ nɛ sɩ kana ʋ, dɩ sʋʋ mɛ rɛ, á buloŋ nɛ sɩ sʋba."
4,"I trust you completely. I am always proud of you, and I am greatly encouraged. In all my trouble I am still very happy.","Ŋ laa ma di rɛ weliŋ, ŋ bee yaa ma sige. Ŋ wuwo kɩ genni ma wɩya rɛ. Abee tʋwara no á aa naa buloŋ, ka ma wɩya, ŋ teŋ bee yʋwɔrɩ. Ŋ teŋ paalɩ fɩyɛlɩ rɛ a mʋ gallɩ."
5,"After we came to Macedonia, we didn't have any chance to rest. We were faced with all kinds of problems. We were troubled by enemies and troubled by fears.","Haalɩ, á aa ko Masidooniya paalʋʋ mɛ, ka á ha bɩ naa wiyese. Wɩya gyɩ gyʋʋ ma rɛ weliŋ. Nala gyɩ kpaa kaasɩ gyɩŋ ma rɛ, á hakɩllɩ buloŋ gyɩ gyarɩ."
8,"I don't feel bad anymore, even though my letter hurt your feelings. I did feel bad at first, but I don't now. I know that the letter hurt you for a while.","Dɩ haŋ teŋ hʋ ŋ aa saba tɩya ma leŋ ma tɩsɩ kyogi mɛ, amɛ ŋ bɩ yaa hara ŋ aa sabɩ teŋ hʋ. Ŋ na anɩɩ teŋ hʋ kɔnɩ gyɩ leŋ ma tɩsɩ kyogi rɛ, ɛɛ gyɩ leŋ ŋ tɩya mɛ kyogi, amɛ ŋ gyɩma anɩɩ ma tɩsɩ bɩ sɩ kyogi kɩ mʋ deŋdeŋ."
9,"Now I am happy, but not because I hurt your feelings. It is because God used your hurt feelings to make you turn back to him, and none of you were harmed by us.","Ba nyɛ tɩyaŋ, ŋ teŋ fɩyɛla rɛ ŋ aa sabɩ teŋ hʋ. Ʋ bɩ kɩɩ nɩɩ ŋ aa leŋ ma tɩsɩ kyogi wɩya rɛ tɩŋ ŋ teŋ fɩyɛlɩ, amɛ tɩkyogi hʋ aa leŋ ma bɩrɩmɩ lɩɩ ma wɩbɔmɔ tɩyaŋ, a kɩ tɩŋ Wɩɩsɩ rɛ tɩŋ. Ʋ yaa Wɩɩsɩ kyɛrɩ rɛ dɩ ma tɩsɩ kyogi, ɛɛ wɩya ŋ gyɩma anɩɩ á bɩ yaa ma wɩbɔŋ buloŋ."
10,"When God makes you feel sorry enough to turn to him and be saved, you don't have anything to feel bad about. But when this world makes you feel sorry, it can cause your death.","Dɩ Wɩɩsɩ rɛ leŋ nal tɩya kyogi akuu ʋ tɩɩna wɩbɔmɔ wɩya, tɩɩna aa kpa ʋ wɩbɔmɔ hʋ ta rɛ, ka Wɩɩsɩ laa ʋ ta. Nal buloŋ bɩ sɩ yaa hara wɩɩ no wɩya. Amɛ dɩ nihuwobisi wɩkanɩya dʋŋ nɛ leŋ nal tɩya kyogi, tɩkyogi no iriŋ aa wuwo kpʋ tɩɩna rɛ."
12,"When I wrote you, it wasn't to accuse the one who was wrong or to take up for the one who was hurt. I wrote, so God would show you how much you do care for us.","Ɛɛwɩya, ŋ aa sabɩ teŋ hʋ, ʋ bɩ kɩɩ nɩɩ nal hʋ aa yaa wɩɩ kyogi, koo nal hʋ ba aa yaa wɩɩ hʋ kyogi wɩya rɛ kyɩla ŋ. Amɛ ŋ aa kyɛ dɩ Wɩɩsɩ leŋ ma gyɩŋ ɛɛ hʋ ma aa kyɩla á wɩya rɛ."
13,"And we were greatly encouraged. Although we were encouraged, we felt even better when we saw how happy Titus was, because you had shown he had nothing to worry about.","Wɩya no buloŋ leŋ á hakɩllɩ pɩŋ lɩdɩgɩ rɛ. Titusi aa ko ma lee, ma buloŋ leŋ ʋ teŋ fɩyɛlɩ rɛ kɩŋkaŋ, ʋ hakɩla mɛ pɩŋ lɩdɩgɩ. Nyɛ paalɩ leŋ á tenni marɩ fɩyɛlɩ rɛ kɩŋkaŋ."
14,"We had told him how much we thought of you, and you did not disappoint us. Just as we have always told you the truth, so everything we told him about you has also proved to be true.","Ŋ bigisi ma tɩya ʋ rɛ, ma mɛ bɩ leŋ hɩɩsɩ di ŋ. Anɩɩ wɩya hʋ buloŋ á aa basɩ tɩya ma aa yaa wɩtɩɩ gɛɛ, ɛɛ tɩɩ rɛ bigisii hʋ á aa bigisi ma tɩya Titusi mɛ ko yaa wɩtɩɩ."
16,It makes me really glad to know I can depend on you.,Ʋ yaa ŋ teŋfɩyɛlʋʋ rɛ abee ŋ aa sɩ wuwo yelli ma wɩɩ buloŋ tɩyaŋ.
1,"My friends, we want you to know that the churches in Macedonia have shown others God's gift of undeserved grace.","Á nɩmmabalɩya, á aa kyɛ dɩ ma gyɩma bɔnyɛ wɩɩ hʋ Wɩɩsɩ aa yaa tɩya Krisitabiisi hʋ aa we Masidooniya paalʋʋ tɩyaŋ nɛ."
4,They even asked and begged us to let them have the joy of giving their money for God's people.,Ba ha sʋl ma rɛ weliŋ dɩ á leŋ dɩ ba mɛ wuwo kpa kɩna kɩ kyiyeli ba dɔŋtɩŋsɩ Krisitabiisi hʋ aa we Gyudɩya paalʋʋ tɩyaŋ.
5,"And they did more than we had hoped. They gave themselves first to the Lord and then to us, just as God wanted them to do.","Á fa bɩ yɩyɛla anɩɩ ba sɩ wuwo tɩya ma kɩna maga gɛɛ. Amɛ ba laa sɩya kpa ba tɩɩ tɩya á Tɩɩna Yesu Krisita rɛ, ka Wɩɩsɩ kyɛrɩ tɩyaŋ mɛ, ba kpaa ba tɩɩ tɩya ma mɛ rɛ."
6,"Titus was the one who got you started doing this good thing, so we begged him to help you finish what you had begun.","Titusi rɛ yaa nal hʋ aa leŋ ma piili kɩna no kɩyɛsɩɩ. Ɛɛ wɩya á sʋla ʋ rɛ, dɩ ʋ kyiyeli ma dɩ ma wuwo tʋŋ tʋŋweliye hʋ mʋ teŋ."
7,"You do everything better than anyone else. You have stronger faith. You speak better and know more. You are eager to give, and you love us better. Now you must give more generously than anyone else.","Ma wɩɩ buloŋ tɩyaŋ ma aa yaa kuwokeri rɛ weliŋ, ma laa Wɩɩsɩ di rɛ weliŋ, ma gyɩŋ Wɩɩsɩ wɩbii hʋ basɩɩ rɛ weliŋ, ma kaŋ wɩgyʋŋ nɛ weliŋ, aŋ kaŋ sɩfɩyaŋ mɛ weliŋ ma wɩɩ buloŋ tɩyaŋ. Ma kyo ma rɛ kɩŋkaŋ. Ɛɛ hʋ ma aa yaa kuwokeri wɩya no buloŋ tɩyaŋ ma kaŋ gɛɛ tɩɩ ma wɩɩsʋllɩ kɩna no kɩyɛsɩɩ ma tɩyaŋ."
11,"I think you should finish what you started. If you give according to what you have, you will prove you are as eager to give as you were to think about giving.","Wɩɩ hʋ ma aa piile, ʋ maga dɩ ma kaŋ mʋ teŋ nɛ. Ɛɛ hʋ ma tenni aa pollo wɩɩ hʋ piilii tɩyaŋ gɛɛ, ma leŋ dɩ ma tenni polli gɛɛ tɩɩ dɩ ma kaŋ mʋ teŋ. Ma tɩya maga gɛɛ hʋ ma faŋŋa aa maga."
12,It doesn't matter how much you have. What matters is how much you are willing to give from what you have.,Kɩna hʋ ɩ aa kana daa yaa sɩfɩyaŋ wɩɩ. Wɩɩ hʋ aa yaa sɩfɩyaŋ wɩɩ rɛ yaa ɛɛ hʋ ɩ aa yaa siri dɩ ɩ tɩya abee ɩ tɩya buloŋ a lɩɩ kɩna hʋ ɩ aa kana tɩyaŋ.
14,"for you to share with them when you have so much, and they have so little. Later, when they have more than enough, and you are in need, they can share with you. Then everyone will have a fair share,","Ŋ aa basɩ nyɛ, ʋ bɩ kɩɩ nɩɩ nala badɔmɔŋ kyʋgɩsɩ rɛ ŋ baa dɩ ma laa kyʋŋ, ka ba kɛ we wiyese tɩyaŋ. Amɛ gyɩnaŋ, ma kana rɛ ka ba kɛ bɩ kana. Ɛɛwɩya, ʋ weliŋ nɛ yaa dɩ ma kyiyeli ba. Dɩ ba mɛ ko maakyiye kana, ka dɩ ma mɛ bɩ kana, ba mɛ sɩ kyiyeli ma. Dɩ nyɛ rɛ ko yaa, ma buloŋ kaŋ maga dɔmɔŋ nɛ."
16,I am grateful that God made Titus care as much about you as we do.,Wɩɩsɩ kaŋ aŋgyʋwasʋ rɛ kɩŋkaŋ abee ʋ aa leŋ Titusi kyɩl ma wɩya weliŋ anɩɩ ŋ mɛ aa kyɩl ma wɩya gɛɛ.
17,"When we begged Titus to visit you, he said he would. He wanted to because he cared so much for you.","Beewɩya, ʋ bɩ kɩɩ nɩɩ á aa sʋla ʋ dɩ ʋ ko laa kɩna ma lee dʋŋ wɩya rɛ tɩŋ ʋ ko ko. Amɛ ʋ tɩɩ sii mɛ fa fɩyɛsa rɛ ʋ paalɩ kyo dɩ ʋ ko ma lee."
18,With Titus we are also sending one of the Lord's followers who is well known in every church for spreading the good news.,"Ʋ bee á nɩɩnabiye kɩdɩgɩ rɛ aa ko. Krisitabiisi hʋ buloŋ aa bigisi ʋ rɛ, akuu ʋ aa basɩ Wɩɩsɩ wɩweliye hʋ wɩya."
20,We don't want anyone to find fault with the way we handle your generous gift.,"Ɛɛwɩya, á aa kyɛ dɩ á gyɩŋ kaŋ bɔnyɛ kɩna no weliŋ nɛ, dɩ nal buloŋ ta ko kyogi á feŋ ba kpaayɩ tɩyaŋ."
22,"We are also sending someone else with Titus and the other follower. We approve of this man. In fact, he has already shown us many times that he wants to help. And now he wants to help even more than ever, because he trusts you so much.","Á nɩɩnabiye kɩdɩgɩ mɛ rɛ á leŋ ʋ tɩŋ ba hal kɩ ko. Ʋ daga ŋmaŋgyamaa tɩyaŋ anɩɩ ʋ kaŋ sɩfɩyaŋ nɛ. Ʋ marɩ yaa sɩfɩyaŋ nɛ dɩ ʋ kyiyeli ma, akuu ʋ aa laa ma di wɩya."
23,"Titus is my partner, who works with me to serve you. The other two followers are sent by the churches, and they bring honor to Christ.","Titusi kɛ yaa ŋ tʋŋtʋnnɩ-dɔŋ nɛ, á buloŋ tʋma kɩ tɩya ma. Amɛ ʋ bee á nɩmmabalɩya hʋ kɛ aa ko, ba aa rɛ yaa nala hʋ aa laa Krisitabiisi buloŋ nyuu sɩŋ tʋma no tɩyaŋ. Ba leŋ nala kɩ kpa Krisita yohuŋ nɛ."
1,I don't need to write you about the money you plan to give for God's people.,Ʋ bɩ yaa kparaama dɩ ŋ bɩl sabɩ teŋ kɩ tɩya ma kɩyɛsʋʋ hʋ á aa laa dɩ á kyiyeli Krisitabiisi hʋ aa we Gyudɩya paalʋʋ tɩyaŋ wɩya.
3,"This is why I am sending Titus and the two others to you. I want you to be ready, just as I promised. This will prove we were not wrong to brag about you.","Lagɩlagɩ no, ŋ aa tɩŋ á nɩmmabalɩya no rɛ dɩ ba ko ma lee, dɩ bigisii hʋ ŋ aa bigisi ma wɩɩ no tɩyaŋ ta ko yaa wɩnyɩyɛl. Beewɩya saŋa buloŋ nɛ ŋ aa basɩ kɩ tɩya Masidooniya tɩmma hʋ anɩɩ ma kɛ yaa siri pɔ rɛ."
4,"Some followers from Macedonia may come with me, and I want them to find that you have the money ready. If you don't, I would be embarrassed for trusting you to do this. But you would be embarrassed even more.","Dɩ ŋ bee Masidooniya paalʋʋ Krisitabiisi hʋ badɔmɔŋ nɛ ko ko, dɩ ba ko na dɩ ma kɩna ha bɩ yaa siri, ʋ sɩ yaa ŋ hɩɩsɩ, akuu ŋ aa laa ma di waasʋ wɩya. Ŋ bee basɩ hɩɩsɩ hʋ ma tɩɩ kɛ aa sɩ di wɩya."
5,"So I have decided to ask Titus and the others to spend some time with you before I arrive. This way they can arrange to collect the money you have promised. Then you will have the chance to give because you want to, and not because you feel forced to.","Ɛɛ rɛ tɩŋ ŋ na dɩ ʋ maga dɩ ŋ tɩŋ ŋ naabalɩya no dɩ ba laa sɩya ko ŋ tɩyaŋ, dɩ bɔnyɛ kɩna hʋ ma aa baa dɩ ma sɩ kɩyɛsɩ kyiyeli Wɩɩsɩ nala hʋ, dɩ ma kpa laŋŋɩ lɩdɩgɩ, ka dɩ ŋ tɩɩ na ko. Ɛɛ sɩ daga anɩɩ ma tɩɩ kyɛrɩ tɩyaŋ nɛ ma kɩyɛsɩ bɔnyɛ kɩna no, ʋ bɩ kɩɩ ba fɩl ma rɛ ma yaa."
6,"Remember this saying, “A few seeds make a small harvest, but a lot of seeds make a big harvest.”","Wɩɩ hʋ ŋ aa kyɛ dɩ ma gyɩma rɛ nyɛ: Dɩ ɩ rɛ doho kɩna mʋhʋ, ɩ mɛ aa kʋŋ kɩna mʋhʋ rɛ, amɛ dɩ ɩ doho kɩna yʋga, ɩ aa kʋŋ kɩna yʋga rɛ."
7,Each of you must make up your own mind about how much to give. But don't feel sorry that you must give and don't feel you are forced to give. God loves people who love to give.,"Nal buloŋ tɩya maga gɛɛ ɩ hakɩla aa daga ɩ dɩ ɩ tɩya. Nal buloŋ lɩɩ kɩna hʋ abee teŋfɩyɛlʋʋ, aŋ ta leŋ dɩ ʋ kɩɩ gɛɛ anɩɩ ʋ yaa fɩlɩɩ rɛ. Nal buloŋ maga dɩ ʋ tɩya ʋ tɩɩ kyɛrɩ tɩyaŋ nɛ, beewɩya nal hʋ aa tɩya abee teŋfɩyɛlʋʋ, ʋ tɩɩna rɛ Wɩɩsɩ kyo."
8,"God can bless you with everything you need, and you will always have more than enough to do all kinds of good things for others.","Wɩɩsɩ kaŋ dee rɛ ʋ aa sɩ wuwo tɩya ma kɩŋ buloŋ ma aa kyɛ. Ʋ sɩ paalɩ tɩya ma kɩŋ buloŋ a baŋ gɛɛ ma aa kyɛ saŋa buloŋ, dɩ ma kpa marɩ ma tɩɩ aŋ ha ka, a kpa kyiyelii ma dɔŋtɩŋsɩ."
9,"The Scriptures say, “God freely gives his gifts to the poor, and always does right.”","Ba saba Wɩɩsɩ teŋ tɩyaŋ nɛ a baa, “Wɩɩsɩ aa kpa kɩna kɩ tɩya nyaaba rɛ ʋ bɔnyɛ tɩyaŋ. Ʋ bɔnyɛ bee teŋ.”"
10,"God gives seed to farmers and provides everyone with food. He will increase what you have, so you can give even more to those in need.","Wɩɩsɩ rɛ aa tɩya nihuwobiŋ kɩdoho ʋ doho, a tɩya ʋ kɩdiiliye mɛ, ʋ di. Ɛɛwɩya, Wɩɩsɩ sɩ tɩya ma kɩŋ hʋ buloŋ ma aa kyɛɛ a leŋ dɩ kɩna hʋ ma aa kana marɩ yʋga, dɩ ma wuwo marɩ kɩ kyiyeli nala hʋ aa bɩ kana weliŋ."
11,"You will be blessed in every way, and you will be able to keep on being generous. Then many people will thank God when we deliver your gift.","Wɩɩsɩ sɩ leŋ dɩ ma noŋ kɩ gyʋʋ ma wɩyaalɩɩ buloŋ tɩyaŋ, dɩ ma wuwo kpa kɩna kɩ tɩya nala abee bɔnyɛ saŋa buloŋ. Ɛɛ sɩ leŋ dɩ nala yʋga kyʋwalɩ Wɩɩsɩ aŋgyʋwasʋ akuu ma bɔnyɛ kɩna hʋ á aa sɩ kaŋ mʋ tɩya ba wɩya."
12,What you are doing is much more than a service that supplies God's people with what they need. It is something that will make many others thank God.,"Kɩna no ma aa tɩya nyɛ, ʋ bɩ kɩɩ nɩɩ ma dɔŋtɩŋsɩ Krisitabiisi hʋ kɩkyɛɛlɩya dʋŋ nɛ ba sɩ na, amɛ ɛɛ mɛ sɩ leŋ dɩ ba kyʋwalɩ Wɩɩsɩ aŋgyʋwasʋ weliŋ."
13,"The way in which you have proved yourselves by this service will bring honor and praise to God. You believed the message about Christ, and you obeyed it by sharing generously with God's people and with everyone else.","Ɛɛ hʋ ma aa tɩya kɩna hʋ daga Krisitabiisi hʋ iriŋ ma aa yaa rɛ. Ɛɛwɩya, nala hʋ aa laa kɩna hʋ sɩ dannɩ Wɩɩsɩ abee gɛɛ hʋ ma aa tɩŋ Krisita wɩweliye hʋ ma aa laa di abee ma wɩtɩɩ buloŋ. Ba sɩ bɩl dannɩ Wɩɩsɩ mɛ abee bɔnyɛ hʋ ma aa kana a leŋ ma beel-ba, abee ma Krisitabii-dɔŋtɩŋsɩ hʋ buloŋ kaŋ kɩna hʋ ma aa kana a kpaa dɔmɔŋ."
14,"Now they are praying for you and want to see you, because God used you to bless them so very much.","Ba sɩ sʋla Wɩɩsɩ kɩ tɩya ma abee ba tɩsɩ buloŋ, akuu bɔnyɛ hʋ aa bɩ kaŋ magɩsɩ Wɩɩsɩ aa kaŋ daga ma wɩya."
15,Thank God for his gift that is too wonderful for words!,Ma leŋ dɩ á dannɩ Wɩɩsɩ abee kyɔgɩtabal no ʋ aa kpaa tɩya ma waasʋ wɩya.
2,"Some people have said we act like the people of this world. So when I arrive, I expect I will have to be firm and forceful in what I say to them. Please don't make me treat you that way.","Ŋ aa sʋl ma, dɩ mɩyaŋ nɛ ko ko ma lee, ma ta fɩla ŋ dɩ ŋ hayɛ ma nyuu tɩyaŋ. Beewɩya ŋ gyɩma anɩɩ ŋ aa wuwo ŋ bɩrɩmɩ kɩhaa rɛ nala hʋ aa baa dɩ dʋnɩya hakɩla rɛ ŋ kaŋ kɩ yaa wɩya hʋ ŋ aa yaa nyuu tɩyaŋ."
3,"We live in this world, but we don't act like its people","Á we dʋnɩya tɩyaŋ nɛ, amɛ dʋnɩya hakɩla daa á kaŋ kɩ lʋga á lʋgʋ Krisita tɩŋɩɩ hʋ tɩyaŋ."
4,"or fight our battles with the weapons of this world. Instead, we use God's power that can destroy fortresses. We destroy arguments","Dʋnɩya bayuwo kɩna daa á kaŋ kɩ lʋga á lʋgʋ, amɛ Wɩɩsɩ tɩɩ dee rɛ ʋ kpa tɩya ma, a wuwo kpa yuwo kɩ di Sɩtaanɩ leye hʋ buloŋ ʋ aa kaŋ dee tɩyaŋ."
5,and every bit of pride that keeps anyone from knowing God. We capture people's thoughts and make them obey Christ.,"Á kpaa Wɩɩsɩ dee no rɛ a yuwo di dagɩŋtɩɩ tɩmma abee nyʋʋtaaduwo waasɩma hʋ buloŋ ba aa kaŋ tɔ dɩ nala ta gyɩŋ Wɩɩsɩ, aŋ kaŋ nala hakɩllɩ bɩrɩmɩ ba kɩ tɩŋ Krisita kyɛrɩ."
6,"And when you completely obey him, we will punish anyone who refuses to obey.","Dɩ mamaa rɛ kɔnɩ aa tɩŋ Krisita nyʋwa weliŋ, ɛɛ kɛ á mɛ sɩ yaa siri, a dɔgɩsɩ nala hʋ aa bee tɩŋ ʋ nyʋwa."
7,"You judge by appearances. If any of you think you are the only ones who belong to Christ, then think again. We belong to Christ as much as you do.","Ma aa kpa wɩya gyambaa rɛ. Nal hʋ buloŋ aa kpaa ʋ tɩɩ anɩɩ ʋ yaa Krisita nal lɛ, dɩ ʋ tɩɩna rɛ marɩ sʋnnɩ weliŋ na, ʋ sɩ gyɩma anɩɩ á mɛ yaa Krisita nala rɛ."
8,Maybe I brag a little too much about the authority that the Lord gave me to help you and not to hurt you. Yet I am not embarrassed to brag.,"Dɩ mɩyaŋ nɛ aa bigisi ŋ tɩɩ kɩŋkaŋ dee hʋ Wɩɩsɩ aa kpaa tɩya ma wɩya mɛ, ʋ bɩ yaa ŋ hɩɩsɩ, beewɩya Wɩɩsɩ kpaa dee hʋ tɩya ma dɩ á kaŋ kɩ marɩ ma rɛ. Ʋ bɩ baa dɩ á kaŋ kɩ kyogi ma."
9,And I am not trying to scare you with my letters.,Ŋ bee kyɛ dɩ ma kɩ bɩɩnɩ anɩɩ ŋ sabɩ tenni kɩ tɩya ma dɩ ŋ kpa kambɩŋ we ma rɛ.
10,"Some of you are saying, “Paul's letters are harsh and powerful. But in person, he is a weakling and has nothing worth saying.”","Beewɩya, nala badɔmɔŋ baa dɩ wɩya hʋ ŋ aa sabɩ tɩya ma aa deye rɛ, a hayɛ mɛ, dɩ amɛ dɩ ŋ tɩɩ ko we ma lee kɛ, dɩ ŋ aa kɩɩ sɔlɛɛ rɛ, ka ŋ wɩbasɩɩ mɛ bɩ kaŋ tɔnɔ buloŋ."
11,"Those people had better understand that when I am with you, I will do exactly what I say in my letters.","Ʋ maga dɩ nala no tesi gyɩma rɛ anɩɩ wɩya hʋ á aa yaŋ we gama aŋ sabɩ tɩya ma, ba tɩɩ rɛ á sɩ yaa dɩ ámaa rɛ ko we ma lee mɛ."
12,We won't dare compare ourselves with those who think so much of themselves. But they are foolish to compare themselves with themselves.,"Á bɩ sɩ maakyiye yeŋŋi aŋ kpa á tɩɩ mʋ magɩsɩ nala hʋ aa bigisi ba tɩɩ. Nala no tɩɩ hakɩllɩ rɛ ba aa kpa a kɩ magɩsɩ ba wɩyaalɩya, a kpa ba tɩɩ kɩ magɩsɩ dɔmɔŋ. Ba yaa bambugo kɩŋkaŋ!"
13,"We won't brag about something we don't have a right to brag about. We will only brag about the work God has sent us to do, and you are part of that work.","Amɛ á kɛ, á bɩ sɩ bigisi á tɩɩ a baŋ gɛɛ hʋ aa maga. Á tɩɩ bigisii buloŋ kɛ we tʋma hʋ Wɩɩsɩ aa kpaa tɩya ma mɔgɩ tɩyaŋ nɛ. Wɩɩsɩ wɩya hʋ á aa ko basɩ tɩya ma mɛ pɛɛ tʋma no tɩyaŋ nɛ."
15,"We don't brag about what others have done, as if we had done those things ourselves. But I hope as you become stronger in your faith, we will be able to reach many more of the people around you. That has always been our goal.","Á bee bigisi á tɩɩ tʋma hʋ nala badɔmɔŋ aa tuŋ gallɩ mɔgɩ hʋ Wɩɩsɩ aa daga ma wɩya. Amɛ á bayɩyɛla rɛ yaa dɩ ma laadii marɩ sɩŋ weliŋ, dɩ tʋma hʋ á aa tʋŋ ma lee wuwo mʋ sɩya. Amɛ á kɛ sɩ tʋma a kɩ maga gɛɛ hʋ Wɩɩsɩ aa daga ma."
16,Then we will be able to preach the good news in other lands where we cannot take credit for work someone else has already done.,"Dɩ nyɛ rɛ ko yaa, á sɩ wuwo gallɩ mʋ leye badɔmɔŋ mɛ a basɩ Wɩɩsɩ wɩweliye hʋ. Á bee kyɛ dɩ á laa nal kɩdɩgɩ gyaaŋbiye, akuu ʋ aa tʋŋ tʋma lee hʋ Wɩɩsɩ aa kpaa tɩya ʋ wɩya."
18,"You may brag about yourself, but the only approval that counts is the Lord's approval.","Beewɩya, nal hʋ aa bigisi ʋ tɩɩ daa ba kɩ kpa yohuŋ, amɛ nal hʋ Wɩɩsɩ aa bigisi rɛ ba kɩ kpa yohuŋ."
3,"But now I fear that you will be tricked, just as Eve was tricked by that lying snake. I am afraid that you might stop thinking about Christ in an honest and sincere way.","Amɛ ŋ kyɩla rɛ anɩɩ ba sɩ mʋrɩ ma dɩ ma ta tɩŋ Krisita bee tɩdɩgɩ abee wɩtɩɩ, anɩɩ dʋŋ hʋ gyɩ aa kpaa dawarɩ a mʋrɩ Hawa gɛɛ."
6,"I may not speak as well as they do, but I know as much. And this has already been made perfectly clear to you.","Kapuwo dɩ mɩyaŋ nɛ bɩ gyɩŋ wɩya basɩɩ mɛ, ka ʋ bɩ kɩɩ nɩɩ ŋ bɩ gyɩ wɩɩ hʋ ŋ aa basɩ. Á kyaasɩ basɩ wɩya no buloŋ polli tɩya ma rɛ wɩɩ kɛ buloŋ tɩyaŋ abee lee kɛ buloŋ tɩyaŋ."
9,"Even when I was in need, I still didn't bother you. In fact, some of the Lord's followers from Macedonia brought me what I needed. I have not been a burden to you in the past, and I will never be a burden.","Saŋa hʋ ŋ gyɩ aa we ma lee, ŋ gyɩ aa kyɛ kyiyelii abee molbii mʋhʋ rɛ, amɛ ŋ gyɩ bɩ kpaa gɛɛ nyaŋ ma kɩdɩgɩ buloŋ. Á nɩmmabalɩya hʋ gyɩ aa lɩɩ Masidooniya paalʋʋ ko rɛ gyɩ tɩya ŋ kɩna hʋ buloŋ ŋ aa kyɛ. Ŋ gyɩ bɩ kpaa ŋ kɩkyɛɛlɩya wɩya nɩɩ ma. Ɛɛ mɛ rɛ ŋ bɩ sɩ maakyiye kpa ŋ wɩɩ buloŋ nɩɩ ma."
10,"As surely as I speak the truth about Christ, no one in Achaia can stop me from bragging about this.","Krisita nyuniŋ, wɩtɩɩ rɛ ŋ kɩ basɩ ŋ aa baa dɩ nal buloŋ tuwo Akaaya paalʋʋ buloŋ tɩyaŋ ʋ aa sɩ wuwo baa dɩ ŋ ta bigisi ŋ tɩɩ wɩɩ no wɩya."
13,"Anyway, they are no more than false apostles and dishonest workers. They only pretend to be apostles of Christ.","Nala no aa mʋrɩ nala rɛ anɩɩ ba yaa Krisita kpambɩsɩ rɛ. Ba aa mʋrɩ nala rɛ ba tʋma tɩyaŋ, aŋ aa fugo kaŋ ba tɩɩ yaa gɛɛ anɩɩ ba yaa Krisita kpambɩsɩ rɛ."
14,And it is no wonder. Even Satan tries to make himself look like an angel of light.,"Ʋ gɛɛ yaŋ bɩ yaa wɩkperii, beewɩya Sɩtaanɩ mɛ gba aa wuwo fugo kaŋ ʋ tɩɩ yaa gɛɛ anɩɩ ʋ aa yaa malɩka rɛ."
15,So why does it seem strange for Satan's servants to pretend to do what is right? Someday they will get exactly what they deserve. Paul's Sufferings for Christ,"Ɛɛwɩya, dɩ Sɩtaanɩ tʋŋtʋnna mɛ rɛ fugo kaŋ ba tɩɩ yaa gɛɛ anɩɩ nala aa kaŋ tɩpʋlʋŋ, ʋ mɛ bɩ yaa wɩkperii. Ba tenii buloŋ, ba tɩɩ pɩwasɩya rɛ sɩ bil ba nyʋʋsɩ. Pɔɔl bigisi ʋ tɩɩ tʋwara hʋ ʋ aa na wɩya"
16,"I don't want any of you to think I am a fool. But if you do, then let me be a fool and brag a little.","Ma leŋ dɩ ŋ bɩl basɩ tɩya ma anɩɩ nal buloŋ ta bɩɩna anɩɩ ŋ yaa bambugi rɛ. Amɛ dɩ mamaa rɛ aa kyɛ dɩ ma kpa ŋ anɩɩ ŋ yaa bambugi mɛ, ʋ maga rɛ. Doŋ nɛ ŋ sɩ wuwo bigisi ŋ tɩɩ mʋhʋ tʋlɩɩ."
17,"When I do all this bragging, I do it as a fool and not for the Lord.","Ŋ aa bigisi ŋ tɩɩ nyɛ, Yesu Krisita nyʋwa daa ŋ kɩ tɩŋa gɛɛ. Ŋ gyɩma anɩɩ bambugi-wɩya rɛ ŋ kɩ basɩ."
18,"Yet if others want to brag about what they have done, so will I.","Amɛ nala yʋga aa kuu dʋnɩya no wɩkanɩya wɩya rɛ a kɩ bigisi ba tɩɩ. Ɛɛwɩya, ma leŋ dɩ ŋ mɛ bigisi ŋ tɩɩ."
19,"And since you are so smart, you will gladly put up with a fool.","Ma baa ma yaa wɩgyʋnna rɛ, kɛ ma aa kaŋ kenyiri a gyegili kɩ nɩɩ bambugo wɩbasɩya."
20,"In fact, you let people make slaves of you and cheat you and steal from you. Why, you even let them strut around and slap you in the face.","Dɩ nal lɛ kaŋ ma bɩrɩmɩ yosi, koo dɩ ʋ kaŋ ma kɩna kɩ fasɩ, koo dɩ ʋ tɩɩna kaŋ ma kɩ gʋra, koo dɩ ʋ fɩl ma ma kɩ yaa ʋ wɩkyɛɛlɩya, koo dɩ ʋ kaŋ ma kɩ yaa sɩgyʋʋ wɩya, ka ma aa tallɩ ma nyʋwa rɛ."
22,"Are they Hebrews? So am I. Are they Jews? So am I. Are they from the family of Abraham? Well, so am I.","Dɩ ba ko baa ba yaa Hiiburu nala, ŋ mɛ yaa kɩdɩgɩ rɛ. Dɩ ba ko baa ba yaa Iziral tɩmma mɛ, ŋ mɛ yaa kɩdɩgɩ rɛ. Dɩ ba ko baa ba yaa Abɩraham doho nala mɛ rɛ, ŋ mɛ yaa kɩdɩgɩ rɛ."
23,"Are they servants of Christ? I am a fool to talk this way, but I serve him better than they do. I have worked harder and have been put in jail more times. I have been beaten with whips more and have been in danger of death more often.","Dɩ ba ko baa ba yaa Krisita tʋŋtʋnna rɛ, ŋ mɛ yaa kɩdɩgɩ rɛ. Mɩyaŋ nɛ gba paalɩ yaa Yesu Krisita tʋŋtʋnnɩ a baŋ ba, beewɩya mɩyaŋ nɛ tʋŋ tʋma yʋga a baŋ ba kɩdɩgɩ buloŋ. Ba villi kana ŋ tɔ dɩya tɩyaŋ nɛ, a villi ŋmaa ŋ, ŋ bɩ gyɩŋ ba nyʋwa. Ba aa ŋmaa ŋ ŋmaa ŋ tɩya sʋʋ rɛ ka ŋ sii, ŋ bɩ sɩ wuwo dɩɩsɩ ba. Ŋ aa basɩ wɩya no, ʋ kɩɩ gɛɛ anɩɩ ŋ nyuu tuwo, amɛ ba wɩtɩɩ rɛ ŋ kɩ basɩ gɛɛ."
25,"Three times the Romans beat me with a big stick, and once my enemies stoned me. I have been shipwrecked three times, and I even had to spend a night and a day in the sea.","Roma tɩmma vɩɩrɩ ŋ naaŋsɩɩnyʋwa bʋto mɛ rɛ abee hɔgɩ-kpaasa. Saŋa kɩdɩgɩ mɛ ba paa bʋwa yaga ŋ nɛ dɩ ba kpʋ. Nɩɩduworiborisi mɛ ŋ aa gyʋwa ba kyogi nɩɩ tɩyaŋ, ʋ yaa naaŋsɩɩnyʋwa bʋto rɛ. Kyɛɛ kɩdɩgɩ mɛ, ŋ paalɩ we nɩɩ tɩyaŋ gɛɛ rɛ a lɩɩ kyɩkyʋwala a kaŋ kɩ mʋ ʋ sɩgballɩya mɛ kyɩkyʋwala, a kɩ lʋga dɩ ŋ lɩɩ."
26,"During my many travels, I have been in danger from rivers, robbers, my own people, and foreigners. My life has been in danger in cities, in deserts, at sea, and with people who only pretended to be the Lord's followers.","Ŋ ŋmaŋgyamaa no buloŋ valɩɩ tɩyaŋ, ŋ naa tʋwara rɛ weliŋ fuwoni kyolii tɩyaŋ, ka gaala mɛ dɔgɩsɩ ŋ kɩŋkaŋ. Ŋ dɔŋtɩŋsɩ Gyuuma abee nala hʋ aa bɩ yaa Gyuuma mɛ buloŋ dɔgɩsɩ ŋ nɛ kɩŋkaŋ. A lɩɩ gɛɛ hal tɩyaŋ, ŋ naa tʋwara rɛ pogisi abee tɔbala abee fuwobala buloŋ tɩyaŋ mɛ. Nala aa fugo baa ba yaa Krisitabiisi mɛ dɔgɩsɩ ŋ nɛ kɩŋkaŋ."
27,I have worked and struggled and spent many sleepless nights. I have gone hungry and thirsty and often had nothing to eat. I have been cold from not having enough clothes to keep me warm.,"Ŋ tʋma rɛ kɩŋkaŋ, a lɔlɔ weliŋ. Kyɛyɛ badɔmɔŋ ŋ aa bara doo rɛ. Ŋ gyɩŋ kɩŋ hʋ ba aa yɩrɩ losi bee nɩɩnyʋwasɩ rɛ. Saŋa kɩdɩgɩ ŋ aa paalɩ bɩ kaŋ kɩdiilii buloŋ ŋ aa sɩ di. Waal kpʋʋ ŋ nɛ weliŋ, akuu ŋ aa bɩ naa dɩya ŋ aa sɩ gyʋʋ, koo gal ŋ aa sɩ kpa tɔ ŋ teŋ wɩya."
29,"When others are weak, I am weak too. When others are tricked into sin, I get angry.","Dɩ ŋ Krisitabii-dɔŋtɩɩna rɛ ko kaŋ gyoŋ, ʋ aa kɩɩ gɛɛ rɛ anɩɩ ŋ mɛ kaŋ gyoŋ. Dɩ nal ko yaa wɩbɔŋ mɛ, ŋ tɩya aa kyogi rɛ kɩŋkaŋ."
30,"If I have to brag, I will brag about how weak I am.","Dɩ mɩyaŋ nɛ sɩ bigisi ŋ tɩɩ mɛ, wɩya hʋ aa yaa ŋ gyomo rɛ ŋ sɩ kɩ basɩ."
31,"God, the Father of our Lord Jesus, knows I am not lying. And God is to be praised forever!",Wɩɩsɩ aa yaa á Tɩɩna Yesu Kuwo gyɩma anɩɩ ŋ bee nyɩya wɩya. Ʋ feŋ sɩ na bigisii deŋdeŋ.
32,"The governor of Damascus at the time of King Aretas had the city gates guarded, so he could capture me.","Saŋa hʋ ŋ gyɩ aa we Damaasiku tɩyaŋ, nɩhɩyawʋ hʋ gyɩ aa laa Kuwori Arita naasɩ sɩŋ doŋ paalʋʋ tɩyaŋ gyɩ sii ta nala rɛ dɩ ba mʋ sɩŋ bee hʋ paganyʋʋbal hʋ tɩyaŋ, a pɔ kana ŋ."
33,But I escaped by being let down in a basket through a window in the city wall.,"Amɛ ŋ Krisitabii-dɔŋtɩŋsɩ hʋ gyɩ kpaa ŋ a we simbiye tɩyaŋ nɛ, a kpa ŋ tɩŋ tokoro ta gyee hʋ hal tɩyaŋ ŋ tuu sɔmmm, a sii fá nyʋgɩsɩ, ba kyɛ ŋ lɔlɔ."
1,"I have to brag. There is nothing to be gained by it, but I must brag about the visions and other things that the Lord has shown me.","Ʋ maga dɩ ŋ bigisi ŋ tɩɩ rɛ, amɛ ŋ gyɩma anɩɩ ŋ tɩɩ bigisii no bɩ kaŋ tɔnɔ buloŋ. Amɛ ŋ ha sɩ bigisi ŋ tɩɩ a basɩ wɩya hʋ á Tɩɩna Krisita aa leŋ ŋ na anɩɩ duwoso tɩyaŋ, abee wɩya ʋ aa kpaa daga ŋ."
14,"I am planning to visit you for the third time. But I still won't make a burden of myself. What I really want is you, and not what you have. Children are not supposed to save up for their parents, but parents are supposed to take care of their children.","Ŋ bʋto rɛ nyɛ ŋ aa kyɛ dɩ ŋ ko na ma. Dɩ mɩyaŋ nɛ ko ko, ŋ bɩ sɩ kɩ kyɛ dɩ ŋ kpa ŋ wɩkyɛɛlɩya nɩɩ ma. Ma kɩna daa ŋ kɩ kyɛ. Ma tɩɩ rɛ ŋ kɩ kyɛ, beewɩya biisi daa sɩ kyɛ kɩna kɩ biŋ ba kuwoma bee ba nɩmma. Amɛ biisi kuwoma bee ba nɩmma rɛ maga dɩ ba kyɛ kɩna kɩ biŋ ba biisi."
3,"As I said, only God really knows if this man was in his body at the time.",Ŋ gyɩma anɩɩ Wɩɩsɩ gyɩ kpaa baal no kaŋ gyɩŋ Wɩɩsɩbee rɛ. Amɛ ŋ bɩ gyɩma dɩ ʋ kɔnɩ gyɩ mʋʋ wɩɩsɩbee rɛ koo dɩ ʋ gyɩ aa duwosi rɛ. Wɩɩsɩ dʋŋ nɛ gyɩma.
4,"But he was taken up into paradise, where he heard things too wonderful to tell.","Wɩya hʋ ʋ gyɩ aa nɩɩ doŋ, nihuwobiŋ nyʋwa bɩ sɩ wuwo basɩ ba. Ʋ paalɩ bɩ maga dɩ ba basɩ ba mɛ gba."
6,"Yet even if I did brag, I would not be foolish. I would simply be speaking the truth. But I will try not to say too much. That way, none of you will think more highly of me than you should because of what you have seen me do and say.","Dɩ mɩyaŋ nɛ fa aa kyɛ dɩ ŋ bigisi ŋ tɩɩ mɛ, ŋ aa wuwo dɩ ŋ bigisi rɛ, beewɩya ŋ bɩ sɩ kɩ yaa bambugi wɩya, wɩtɩɩ hʋ rɛ ŋ sɩ kɩ basɩ. Amɛ ŋ bɩ sɩ laa nyʋwa bigisi ŋ tɩɩ wɩya hʋ Wɩɩsɩ aa kpaa daga ŋ wɩya, beewɩya ŋ bee kyɛ dɩ nala kpa ŋ yohuŋ baŋ gɛɛ aa maga, akuu wɩya hʋ ŋ aa yaa, koo wɩya hʋ ŋ aa basɩ wɩya."
8,Three times I begged the Lord to make this suffering go away.,"Ŋ sʋla á Tɩɩna Yesu Krisita naaŋsɩɩnyʋwa bʋto rɛ, anɩɩ ʋ lɩɩ tʋwara no ŋ tɩyaŋ."
9,"But he replied, “My gift of undeserved grace is all you need. My power is strongest when you are weak.” So if Christ keeps giving me his power, I will gladly brag about how weak I am.","Ɛɛ rɛ ʋ basɩ tɩya ŋ a baa, “Bɔnyɛ hʋ ŋ aa kana beel-ɩ maga rɛ. Ɩ gyomo tɩyaŋ nɛ ɩ sɩ na ŋ dee mɔgɩ.” Ɛɛ wɩya ŋ teŋ fɩyɛla rɛ kɩŋkaŋ ŋ aa kaŋ gyomo wɩya. Ŋ aa sɩ bigisi ŋ tɩɩ ŋ gyomo wɩya rɛ, dɩ gɛɛ leŋ dɩ Krisita dee we ŋ tɩyaŋ."
10,"Yes, I am glad to be weak or insulted or mistreated or to have troubles and sufferings, if it is for Christ. Because when I am weak, I am strong. Paul's Concern for the Lord's Followers at Corinth","Ɛɛ wɩya Krisita nyuniŋ, ŋ teŋ fɩyɛla rɛ ŋ gyomo wɩya. Dɩ ba aa tʋʋsɩ ŋ, koo dɩ ŋ aa na tʋwara, koo dɩ ba aa dɔgɩsɩ ŋ, koo dɩ wɩya rɛ aa gyʋʋ ŋ maga gɛɛ buloŋ mɛ, Krisita wɩya, ka ŋ kɛ sɩya tuwo, beewɩya ŋ gyomo tɩyaŋ nɛ ŋ aa na Krisita dee ŋ tɩyaŋ. Koriŋti tɩmma wɩya kyɩl Pɔɔl"
11,"I have been making a fool of myself. But you forced me to do it, when you should have been speaking up for me. I may be nothing at all, but I am as good as those super apostles.","Ŋ aa yaa wɩya anɩɩ bambugi rɛ, amɛ mamaa rɛ kaŋ ba buloŋ ko. Mamaa rɛ fa maga dɩ ma daga anɩɩ ŋ yaa nal lɛ. Dɩ mɩyaŋ nɛ yaŋ kyo ŋ bɩ yaa nal mɛ, amɛ nala hʋ aa kaŋ ba tɩɩ kɩ yɩrɩ Yesu kpambɩsɩ hʋ mɛ bɩ kpɩya ŋ."
12,"When I was with you, I was patient and worked all the powerful miracles and signs and wonders of a true apostle.",Wɩɩsɩ leŋ ŋ yaa wɩmagɩla abee wɩkperiye abee wɩgyamaa rɛ ma tɩyaŋ abee kenyiri. Wɩya no buloŋ daga anɩɩ ŋ kɔnɩ yaa Krisita kpambɩya tɩɩ rɛ.
13,"You missed out on only one blessing the other churches received. That is, you didn't have to support me. Forgive me for doing you wrong.","Wɩbee rɛ daga anɩɩ ŋ yaa wɩɩ kɩdɩgɩ tɩya ma Krisitabii-dɔŋtɩŋsɩ rɛ aŋ bɩ yaa ʋ tɩya ma kɛ? Koo ŋ aa bɩ leŋ ma kyiyeli ŋ bee molbiye hʋ rɛ tɩŋ ma kɩ basɩ nyɛ. Dɩ gɛɛ rɛ ko tɩŋ, ŋ aa sʋl ma, ma kpa kyɛ ŋ."
15,So I will gladly give all I have and all I am. Will you love me less for loving you too much?,"Ma wɩya, ŋ paalɩ kyo dɩ ŋ kpa kɩŋ buloŋ ŋ aa kana rɛ abee ŋ dee buloŋ a tʋma tɩya ma. Ŋ yaŋ aa kyo ma kɩŋkaŋ nyɛ, ma mɛ fa maga dɩ ma mɛ kyo ŋ gɛɛ tɩɩ rɛ."
16,You agree that I wasn't a burden to you. Maybe that's because I was trying to catch you off guard and trick you.,"Ma tɩɩ gyɩma anɩɩ ŋ aa ko ma lee, ŋ bee dɔŋ ma kɩna wɩya. Amɛ nala badɔmɔŋ sɩ baa dɩ dawarɩ rɛ ŋ kpa a mʋrɩ laa ma kɩna."
17,Were you cheated by any of those I sent to you?,"Nala hʋ ŋ gyɩ aa tɩma ma lee, ŋ gyɩ tɩŋ ba dɩ ba ko mʋrɩ ma laa ma kɩna rɛ?"
18,"I urged Titus to visit you, and I sent another follower with him. But Titus didn't cheat you, and we felt and behaved the same way he did.","Mɩyaŋ nɛ gyɩ tɩŋ Titusi bee á nɩɩnabiye kɩdɩgɩ dɩ ba ko ma lee. Titusi gyɩ aa ko ma lee, ʋ fasɩ ma kɩŋ nɛ? Wɩɩ kɛ buloŋ á aa yaa tɩyaŋ, á bee Titusi nyʋwa yaa kɩdɩgɩ rɛ. Á buloŋ aa tɩŋ ŋmaŋdɩgɩ rɛ."
21,"I am afraid God will make me ashamed when I visit you again. I will feel like crying because many of you have never given up your old sins. You are still doing things that are immoral, indecent, and shameful.","Wɩtɩɩ, ŋ kyɩla rɛ anɩɩ dɩ mɩyaŋ nɛ bɩl ko ma lee, Wɩɩsɩ bɩl sɩ leŋ dɩ hɩɩsɩ kana ŋ ma wɩya. Ŋ tɩya sɩ kyogi kɩŋkaŋ dɩ ŋ wɩɩ akuu ma badɔmɔŋ ha aa bɩ bɩrɩma lɩɩ ba wɩbɔmɔ tɩyaŋ wɩya. Ŋ kyɩla anɩɩ nala yʋga ha we ma tɩyaŋ a kɩ yaa bisiŋ wɩya, a kɩ yaa wɩlaama, a gɔllɩ kɩ sɔnnɩ."
1,"I am on my way to visit you for the third time. And as the Scriptures say, “Any charges must be proved true by at least two or three witnesses.”","Ŋ bʋto rɛ nyɛ ŋ aa ko dɩ ŋ na ma. Ma liisi wɩɩ hʋ ba aa saba Wɩɩsɩ teŋ tɩyaŋ a baa “Dɩ nal kɩdɩgɩ buloŋ bee ʋ dɔŋtɩɩna rɛ kaŋ wɩɩ dɩ ma kɩ kyɛ dɩ ma di wɩɩ hʋ sarɩya, ʋ maga dɩ ma kyɛ daŋsɩya tɩmma balɩya koo boto rɛ.”"
2,"During my second visit I warned you that I would punish you and anyone else who doesn't stop sinning. I am far away from you now, but I give you the same warning.","Ŋ gyɩ aa ko ma lee lɩya tɩɩna hʋ tɩyaŋ, ŋ gyɩ kʋrɩsɩ nala hʋ aa yaa wɩbɔmɔ abee ma nɩkaalɩya hʋ buloŋ dɩgɩna rɛ. Nyɛ kɛ ŋ tuwo ma lee, amɛ ŋ bɩl sɩ kʋrɩsɩ ma dɩgɩna anɩɩ dɩ mɩyaŋ nɛ ko ko, ŋ bɩ sɩ leŋ nal kɩdɩgɩ buloŋ aa yaa wɩbɔŋ ta."
3,"This should prove to you that I am speaking for Christ. When he corrects you, he won't be weak. He will be powerful!","Wɩɩ hʋ ma aa kyɛ dɩ ma na a gyɩma anɩɩ Krisita tɩŋa ŋ tɩyaŋ nɛ a kɩ basɩ wɩya, ma sɩ na ʋ. Ma sɩ na mɛ anɩɩ ʋ kaŋ dee rɛ ma lee, a wuwo ma wɩɩ buloŋ tɩyaŋ."
4,"Although he was weak when he was nailed to the cross, he now lives by the power of God. We are weak, just as Christ was. But you will see that we will live by the power of God, just as Christ does.","Wɩtɩɩ rɛ, ba kpaasɩ ʋ mal daagarɩɩ tɩyaŋ nɛ anɩɩ ʋ fa bɩ kaŋ dee. Amɛ Wɩɩsɩ dee tɩyaŋ ʋ siye rɛ a kaŋ mɩɩbol. Á mɛ bɩ kaŋ dee anɩɩ ʋ fa aa bɩ kaŋ dee gɛɛ, amɛ á aa we Krisita tɩyaŋ wɩya, a mɛ kaŋ Wɩɩsɩ dee rɛ. Dee no rɛ á kpa a tʋma kɩ tɩya ma gɛɛ."
5,"Test yourselves and find out if you really are true to your faith. If you pass the test, you will discover that Christ is living in you. But if Christ isn't living in you, you have failed.","Ma deŋ ma tɩɩma weliŋ na, a pɛ sʋnnɩ ma tɩɩ mɛ, a na dɩ ma sɩŋ weliŋ wɩɩ hʋ ma aa laa di tɩyaŋ koo dɩ ma bɩ sɩŋ weliŋ. Ma bɩ gyɩma nɩɩ Yesu Krisita we ma tɩyaŋ nɛ? Dɩ mamaa rɛ bɩ gyɩma anɩɩ ʋ we ma tɩyaŋ, ɛɛ kɛ ma tele rɛ."
6,I hope you will discover we have not failed.,Ŋ laa di anɩɩ ma sɩ gyɩma anɩɩ á kɛ bɩ tele.
7,"We pray you will stop doing evil things. We don't pray like this to make ourselves look good, but to get you to do right, even if we are failures.","Á sʋla Wɩɩsɩ kɩ tɩya ma rɛ dɩ ma ta yaa wɩɩ buloŋ kyogi. Ʋ bɩ kɩɩ anɩɩ á aa kyɛ dɩ á daga anɩɩ á kɛ aa yaa weliŋ nɛ, amɛ á aa kyɛ dɩ ma wuwo kɩ yaa wɩya aa kpaa ŋmanɩɩ rɛ, haalɩ dɩ ʋ rɛ kɩɩ nɩɩ á tele mɛ,"
8,All we can do is to follow the truth and not fight against it.,beewɩya á bɩ sɩ wuwo lɩɩ wɩtɩɩ hʋ hal. Á sɩŋ wɩtɩɩ hʋ tɩyaŋ nɛ saŋa buloŋ.
10,"I am writing these things to you before I arrive. This way I won't have to be hard on you when I use the authority the Lord has given me. I was given this authority, so I could help you and not destroy you.","Ɛɛwɩya rɛ tɩŋ ŋ we gama aŋ sabɩ wɩya no kɩ tɩya ma. Beewɩya dɩ mɩyaŋ nɛ ko ko ma lee, ŋ bee kyɛ dɩ ŋ hayɛ ma nyuu tɩyaŋ akuu dee hʋ á Tɩɩna Wɩɩsɩ aa kpaa tɩya ŋ ma nyuu tɩyaŋ wɩya. Wɩɩsɩ kpaa dee hʋ tɩya ŋ ma nyuu tɩyaŋ dɩ ŋ kaŋ pɛ ma rɛ dɩ ma laadii marɩ sɩŋ weliŋ. Ʋ bɩ baa dɩ ŋ kaŋ ko turi ma lo."
11,"Goodbye, my friends. Do better and pay attention to what I have said. Try to get along and live peacefully with each other. Now I pray that God, who gives love and peace, will be with you.","Ŋ naabalɩya, ŋ teŋ hʋ litenii rɛ nyɛ. Wɩɩsɩ sɩ leŋ dɩ ma hɔŋ weliŋ. Ma kpa ma gyogibɔmɔ hʋ ta, aŋ tʋʋlɩ. Ma gyegili nɩɩ wɩɩ hʋ ŋ aa basa tɩya ma weliŋ. Ma kaŋ nyʋʋdɩgɩ, a sʋma abee dɔmɔŋ. Dɩ mamaa rɛ kaŋ gɛɛ, á Tɩɩna Wɩɩsɩ aa kyo nala wɩya, a kɩ tɩya ba laaŋfɩya sɩ we ma lee."
12,Give each other a warm greeting. All God's people send their greetings.,Ma kɩ kyʋwalɩ dɔmɔŋ abee kyori.
3,I pray that God the Father and our Lord Jesus Christ will be kind to you and will bless you with peace!,Á Kuwo Wɩɩsɩ abee á Tɩɩna Yesu Krisita bɔnyɛ abee ba fɩyɛlʋʋ sɩ we ma lee.
4,Christ obeyed God our Father and gave himself as a sacrifice for our sins to rescue us from this evil world.,"Yesu Krisita sʋba á wɩbɔmɔ wɩya rɛ, dɩ ʋ lɩɩ ma a lɩɩ wɩbɔmɔ hʋ aa we gyɩnaŋ dʋnɩya no tɩyaŋ. Á Kuwo Wɩɩsɩ kyɛrɩ rɛ Krisita tɩŋa a yaa wɩɩ no tɩya ma."
5,God will be given glory forever and ever. Amen. The Only True Message,Ma leŋ dɩ á kɩ dannɩ Wɩɩsɩ a kaŋ kɩ mʋ deŋdeŋ. Amɩ Wɩɩsɩ ŋmanɩɩ yaa kɩdɩgɩ dʋŋ nɛ
6,"I am shocked that you have so quickly turned from God, who chose you with his gift of undeserved grace. You have believed another message,","Ŋ nyʋwa fɩyɛla rɛ ma wɩya beewɩya, ma teŋ vɩya Wɩɩsɩ aa yɩrɩ ma Krisita lahɔrʋmɔ tɩyaŋ tɩŋɩɩ rɛ, aŋ mɩɩgɩ mʋ kɩ tɩŋ wɩdʋŋsɩ ma aa bɩɩna anɩɩ ba yaa Wɩɩsɩ wɩweliye hʋ rɛ."
7,when there is really only one true message. But some people are causing you trouble and want to make you turn away from the good news about Christ.,"Amɛ Wɩɩsɩ wɩwelidʋma buloŋ bɩl tuwo, a lɩɩ Wɩɩsɩ wɩweliye hʋ á aa daga ma hal. Wɩɩ hʋ aa tɩŋ ŋ kɩ basɩ wɩɩ no rɛ nyɛ, nala yʋga we doŋ a kaŋ ma kɩ kyɔrɩmɩ, a kɩ lʋga dɩ ba kaŋ Krisita wɩweliye hʋ bɩrɩmɩ kyige."
8,I pray that God will punish anyone who preaches anything different from our message to you! It doesn't matter if that person is one of us or an angel from heaven.,"Dɩ ámaa rɛ koo dɩ malɩka mɛ gba lɩɩ wɩɩsɩbee ko basɩ wɩdʋma buloŋ tɩya ma anɩɩ Wɩɩsɩ Wɩweliye hʋ rɛ, ka dɩ ba bee wɩya hʋ á aa laasɩya basɩ tɩya ma bɩ yaa kɩdɩgɩ, Wɩɩsɩ sɩ dɔgɩsɩ ʋ tɩɩna diŋ tɩyaŋ."
9,"I have said it before, and I will say it again. I hope God will punish anyone who preaches anything different from what you have already believed.","Á laa sɩya basɩ wɩɩ no wɩya rɛ, ka ŋ bɩl kɩ basɩ ʋ tɩɩ lagɩlagɩ no. Dɩ nal buloŋ nɛ ko basɩ wɩdʋma tɩya ma a baa dɩ Wɩɩsɩ wɩweliye hʋ rɛ, dɩ wɩya hʋ ma aa laa di daa, Wɩɩsɩ sɩ dɔgɩsɩ ʋ tɩɩna diŋ tɩyaŋ."
10,"I am not trying to please people. I want to please God. Do you think I am trying to please people? If I were doing that, I would not be a servant of Christ. How Paul Became an Apostle","Wɩɩ no ŋ aa basɩ nyɛ, ma bɩɩna anɩɩ nihuwobisi rɛ ŋ kɩ kyɛ dɩ ba tɩya ŋ gasɩbɩnaa? Wɩɩsɩ ta laa nyʋwa! Nihuwobisi daa ŋ kɩ kyɛ dɩ ba tɩya ŋ gasɩbɩnaa. Wɩɩsɩ rɛ ŋ kɩ kyɛ di ʋ tɩya ŋ gasɩbɩnaa. Dɩ ŋ ha fa aa kyɛ dɩ nihuwobisi rɛ bigisi ŋ, ɛɛ kɛ ŋ fa bɩ sɩ yaa Krisita tʋŋtʋnnɩ. Pɔɔl daga gɛɛ Yesu Krisita aa lɩɩ ʋ, ʋ yaa ʋ kpambɩya"
11,"My friends, I want you to know that no one made up the message I preach.","Ŋ kyaŋweliye, ma leŋ dɩ ŋ basɩ wɩɩ no tɩya ma. Wɩɩsɩ wɩweliye hʋ ŋ aa basɩ kɩ tɩya ma, nihuwobisi lee daa ba lɩɩ."
12,It wasn't given or taught to me by some mere human. My message came directly from Jesus Christ when he appeared to me.,"Nihuwobiŋ mɛ bɩl daa kpaa ba tɩya ŋ, koo a daga ŋ. Amɛ Yesu Krisita tɩɩ rɛ kaŋ wɩya no daga ŋ."
14,"I was a much better Jew than anyone else my own age, and I obeyed every law our ancestors had given us.","Á Gyuuma wɩɩkyʋwal ŋmanɩɩ tɩyaŋ, mɩyaŋ nɛ fa gyɩŋ wɩya te ŋ wiye-dɔsɩ buloŋ. Ŋ fa kpaa ŋ nyuu buloŋ we á naabaala lesiri tɩyaŋ nɛ."
17,"I didn't say a word, not even to the men in Jerusalem who were apostles before I was. Instead, I went at once to Arabia, and afterwards I returned to Damascus.","Ŋ bɩl bɩ mʋʋ Gyerusalɛm mɛ dɩ ŋ na nala hʋ aa laa sɩya yaa Yesu Krisita kpambɩsɩ ŋ tɩyaŋ. Amɛ ŋ siye rɛ haŋ lagɩlagɩbiye hʋ a kpa mʋ Areebɩya paalʋʋ, a lɩɩ doŋ a mɩɩgɩ ko Damaasiku."
18,Three years later I went to visit Peter in Jerusalem and stayed with him for,"Bɩsɩ boto hal tɩyaŋ nɛ ŋ kpa mʋ Gyerusalɛm dɩ ŋ na Piita. Ŋ aa mʋʋ doŋ, ŋ hɔŋ ʋ lee yɔbɔ sɩɩ bʋlɩya rɛ."
20,And in the presence of God I swear I am telling the truth.,"Wɩya no ŋ aa sabɩ kɩ tɩya ma nyɛ, Wɩɩsɩ tɩɩ gyɩma anɩɩ ba yaa wɩtɩɩ rɛ. Ŋ bee nyɩya wɩya."
21,"Later, I went to the regions of Syria and Cilicia.",Ɛɛ hal tɩyaŋ nɛ ŋ kpa mʋ tɔnɩ aa we Siiriya abee Silisɩya paalʋʋ tɩyaŋ.
22,But no one who belonged to Christ's churches in Judea had ever seen me in person.,Saŋa no tɩyaŋ buloŋ nala hʋ buloŋ aa laa Yesu wɩya di a we Gyudɩya paalʋʋ tɩyaŋ ha fa bɩ gyɩma ŋ.
23,They had only heard that the one who had been cruel to them was now preaching the message that he had once tried to destroy.,"Ba ta nɩɩ nala aa basɩ ŋ wɩya rɛ a baa, “Nal hʋ fa aa gɔllɔ kɩ dɔgɩsɩ ma, lagɩlagɩ no ʋ rɛ mɩɩgɩ gɔllɩ kɩ basɩ Wɩɩsɩ wɩweliye hʋ ʋ fa aa lʋga dɩ ʋ kyogi rɛ.”"
24,"And because of me, they praised God.","Ɛɛwɩya, ba dannɩ Wɩɩsɩ rɛ weliŋ ŋ wɩya."
1,Fourteen years later I went to Jerusalem with Barnabas. I also took along Titus.,"Bɩsɩ fi abee banaa hal tɩyaŋ, ŋ bee Banabaasɩ bɩl mɩɩgɩ mʋ Gyerusalɛm nɛ a kaŋ á nɩɩnabiye Titusi tɩŋ á hal."
2,"But I went there because God had told me to go, and I explained the good news I had been preaching to the Gentiles. Then I met privately with the ones who seemed to be the most important leaders. I wanted to make sure my work in the past and my future work would not be for nothing.","Wɩɩsɩ rɛ gyɩ daga ŋ dɩ ŋ mʋ Gyerusalɛm. Á aa mʋwa, á bee Krisitabiisi nɩhɩyasɩ hʋ dʋŋ gyɩ laŋŋa rɛ. Ɛɛ rɛ ŋ daga tɩya ba gɛɛ hʋ ŋ aa basɩ Wɩɩsɩ Wɩweliye kɩ tɩya nala hʋ aa bɩ yaa Gyuuma. Ŋ fa aa kyɛ dɩ ŋ beel-ba yaa nyʋʋdɩgɩ rɛ dɩ ŋ tʋma hʋ ŋ aa tʋma koo ŋ aa tʋŋ ta ko yaa waasʋ."
3,"Titus went to Jerusalem with me. He was a Greek, but still he wasn't forced to be circumcised.",Ŋ tʋŋtʋnnɩ-dɔŋ Titusi gyɩ yaa Giriki tɩɩna rɛ. Ɛɛ wɩya nala badɔmɔŋ gyɩ baa dɩ see dɩ ʋ keri ʋ peŋ. Amɛ abee gɛɛ buloŋ ba gyɩ bɩ fɩla ʋ ʋ keri ʋ peŋ.
4,"We went there because of those who pretended to be followers and had sneaked in among us as spies. They had come to take away the freedom Christ Jesus had given us, and they were trying to make us their slaves.",Nala no fa fugo rɛ anɩɩ ba mɛ laa Yesu wɩya di rɛ a yaa á nɩmmabalɩya. Ba fa ko guwosi á tɩyaŋ nɛ dɩ ba na dɩ á tɩŋ á tɩɩ rɛ akuu á bee Krisita aa yaa kɩdɩgɩ wɩya rɛ koo. Ba fa aa kyɛ dɩ ba fɩla ma mɩɩgɩ kaŋ we Gyuuma mɩrɩsɩ hʋ tɩŋɩɩ tɩyaŋ nɛ.
5,"But we wanted you to have the true message. This is why we didn't give in to them, not even for a second.","Amɛ á gyɩ bɩ laa nyʋwa mʋhʋ mɛ, beewɩya á gyɩ bee kyɛ dɩ wɩtɩɩ hʋ aa we Wɩɩsɩ wɩweliye hʋ tɩyaŋ ko nyʋgɩsɩ ma lee."
6,"Some of them were supposed to be important leaders, but I didn't care who they were. God doesn't have any favorites! None of these so-called special leaders added anything to my message.","Nala hʋ ma aa kpaa nɩɩ ba yaa sɩlaala koo nɩbala, ba bɩ kpaa wɩdʋma buloŋ pɛ Wɩɩsɩ wɩwelɩye ŋ aa basɩ hʋ tɩyaŋ. Ŋ sɩya kɛ tuwo nala hʋ iriŋ ma aa kpa ba tɩyaŋ beewɩya Wɩɩsɩ bee kpa nala anɩɩ nihuwobisi aa kpa nala gɛɛ."
7,"They realized God had sent me with the good news for Gentiles, and he had sent Peter with the same message for Jews.","Amɛ nala no naa anɩɩ Wɩɩsɩ rɛ lɩɩ ŋ dɩ ŋ basɩ ʋ wɩweliye hʋ a tɩya nala hʋ aa bɩ yaa Gyuuma, anɩɩ Wɩɩsɩ gyɩ aa lɩɩ Piita dɩ ʋ basɩ wɩweliye hʋ a tɩya Gyuuma gɛɛ."
8,"God, who had sent Peter on a mission to the Jews, was now using me to preach to the Gentiles.","Wɩɩsɩ hʋ aa lɩɩ Piita a tɩya ʋ dee dɩ ʋ basɩ ʋ wɩweliye hʋ a tɩya Gyuuma, ʋ tɩɩ rɛ lɩɩ ŋ mɛ dɩ ŋ basɩ haŋ wɩweliye hʋ tɩɩ a tɩya nala hʋ aa bɩ yaa Gyuuma."
9,"James, Peter, and John realized that God had given me the message about his gift of undeserved grace. And these men are supposed to be the backbone of the church. They even gave Barnabas and me a friendly handshake. This was to show that we would work with Gentiles and that they would work with Jews.","Gyemsi abee Piita abee Gyɔɔŋ, nala hʋ nal buloŋ aa kpaa anɩɩ ba yaa Wɩɩsɩ nala nɩhɩyasɩ, ba naa anɩɩ wɩtɩɩ rɛ, Wɩɩsɩ rɛ lɩɩ ŋ dɩ ŋ tʋŋ tʋŋfɩyaŋ no. Ɛɛ rɛ ba kasɩ ŋ bee Banabaasɩ nosi a daga anɩɩ á beel-ba buloŋ yaa kɩdɩgɩ rɛ tʋma hʋ aa tʋŋ tɩyaŋ. Doŋ nɛ á buloŋ yaa nyʋʋdɩgɩ anɩɩ ŋ bee Banabaasɩ mʋ basɩ Wɩɩsɩ wɩweliye hʋ tɩya nala hʋ aa bɩ yaa Gyuuma, ka dɩ ba mɛ basɩ Wɩweliye hʋ a kɩ tɩya Gyuuma."
10,"They only asked us to remember the poor, and this was something I had always been eager to do. Paul Corrects Peter at Antioch",Wɩɩ hʋ ba aa basɩ tɩya ma buloŋ nɛ yaa dɩ á ta yeŋŋi nyaaba hʋ aa we ba tɩyaŋ wɩya. Wɩɩ no tɩɩ mɛ rɛ fa foŋ we ŋ hakɩla tɩyaŋ. Pɔɔl leŋ Piita gyɩma anɩɩ wɩɩ hʋ ʋ aa yaa bɩ kpaa ŋmanɩɩ
13,He and the others hid their true feelings so well that even Barnabas was fooled.,"Ɛɛ rɛ Gyuuma nɩkaalɩya hʋ mɛ yaa minaafigi wɩya a tɩŋ Piita naabʋʋsɩ. Haalɩ, Banabaasɩ tɩɩ mɛ tɩŋ ba minaafigi wɩya hʋ tɩyaŋ."
14,"But when I saw they were not really obeying the truth that is in the good news, I corrected Peter in front of everyone and said: Peter, you are a Jew, but you live like a Gentile. So how can you force Gentiles to live like Jews?","Ŋ aa naa anɩɩ ba bee tɩŋ wɩtɩɩ hʋ Wɩɩsɩ wɩweliye hʋ aa dagɩ, ɛɛ rɛ ŋ basɩ tɩya Piita ba buloŋ sɩya tɩyaŋ a baa, “Piita, Ɩ yaa Gyuu rɛ, amɛ ɩ wɩyaalɩya kɩɩ nal aa bɩ yaa Gyuu rɛ. Ɛɛ rɛ ɩ yaŋ sɩ yaa fɩla nala hʋ aa bɩ yaa Gyuuma dɩ ba kɩ tɩŋ Gyuuma lesiri?” Á buloŋ aa laa Wɩɩsɩ di rɛ tɩŋ ʋ laa ma ta"
15,We are Jews by birth and are not sinners like Gentiles.,"Wɩtɩɩ, á yaa Gyuuma tɩɩ rɛ. Á bɩ yaa nala hʋ aa bɩ yaa Gyuuma ba kaŋ ba kɩ yɩrɩ wɩbɔŋyaala."
17,"When we Jews started looking for a way to please God, we discovered that we are sinners too. Does this mean that Christ is the one who makes us sinners? No, it doesn't!","Á aa kyɛ dɩ Wɩɩsɩ leŋ á yaa tɩpʋlʋŋ tɩmma rɛ akuu á aa laa Krisita di wɩya. Amɛ abee gɛɛ buloŋ dɩ ámaa rɛ ha ko na dɩ á mɛ yaa wɩbɔŋyaala anɩɩ nala hʋ aa bɩ yaa Gyuuma, ɛɛ sɩ wuwo leŋ dɩ á baa Krisita rɛ leŋ á yaa wɩbɔŋyaala koo? Ba mʋra rɛ!"
18,"But if I tear down something and then build it again, I prove that I was wrong at first.","Mɩrɩsɩ hʋ Moosi fa aa bine dɩ á kɩ tɩŋa, dɩ mɩyaŋ nɛ vɩya ba ta aŋ bɩl mɩɩgɩ mʋ kɩ tɩŋ ba, ʋ gɛɛ daga anɩɩ ŋ yaa wɩbɔŋyaal lɛ."
19,"It was the Law itself that killed me and freed me from its power, so I could live for God. I have been nailed to the cross with Christ.","Ŋ gyɩma anɩɩ mɩrɩsɩ hʋ tɩŋɩɩ bɩ sɩ wuwo leŋ dɩ ŋ na mɩɩbol hʋ aa bɩ kaŋ tenii. Ɛɛ rɛ tɩŋ ŋ kana ŋ tɩɩ lɩɩ ba tɩyaŋ. Ɛɛ wɩya ba bɩl bɩ kaŋ dee buloŋ ŋ nyuu tɩyaŋ, dɩ gɛɛ leŋ dɩ ŋ wuwo kpa ŋ tɩɩ buloŋ tɩya Wɩɩsɩ ŋ mɩɩbol buloŋ tɩyaŋ."
21,"I don't turn my back on God's gift of undeserved grace. If we can be acceptable to God by obeying the Law, it was useless for Christ to die.","Ŋ bɩ kpaa Wɩɩsɩ bɔnyɛ hʋ anɩɩ ʋ yaa waasʋ, beewɩya dɩ mɩrɩsɩ hʋ tɩŋɩɩ rɛ sɩ wuwo leŋ dɩ nal kaŋ tɩpʋlʋŋ Wɩɩsɩ sɩya tɩyaŋ, ɛɛ kɛ Krisita sʋʋ hʋ fa yaa waasʋ rɛ."
2,I want to know only one thing. How were you given God's Spirit? Was it by obeying the Law of Moses or by hearing about Christ and having faith in him?,Ma leŋ dɩ ŋ pɩyɛsɩ ma wɩdɩgɩ no: Ma aa tɩŋ mɩrɩsɩ hʋ rɛ tɩŋ Wɩɩsɩ kpa ʋ Wiyesi Welii hʋ we ma tɩyaŋ koo ma aa nɩɩ ʋ wɩweliye hʋ a laa ba di rɛ tɩŋ?
3,How can you be so stupid? Do you think that by yourself you can complete what God's Spirit started in you?,Bee rɛ tɩŋ ma yaa bambugo kɩŋkaŋ nyɛ? Wɩɩsɩ Wiyesi Welii hʋ dee tɩyaŋ nɛ ma piili mɩɩbofalɩɩ no Krisita tɩyaŋ. Lagɩlagɩ no bee rɛ yaŋ tɩŋ ma kɩ kyɛ dɩ ma na ʋ litenii ma tɩɩ dee tɩyaŋ?
4,Have you gone through all of this for nothing? Is it all really for nothing?,"Wɩgyamaa hʋ buloŋ ma aa na a lɩɩ Wɩɩsɩ lee, ba buloŋ yaa waasʋ ma lee rɛ koo? Aayɩ, ŋ bɩ liise nɩɩ ba yaa waasʋ."
5,God gives you his Spirit and works miracles in you. But does he do this because you obey the Law of Moses or because you have heard about Christ and have faith in him?,"Wɩɩsɩ kpaa ʋ Wiyesi Welii hʋ we ma tɩyaŋ nɛ, a kɩ yaa wɩmagɩla ma tɩyaŋ. Ma liise nɩɩ ma aa tɩŋ mɩrɩsɩ hʋ rɛ tɩŋ ʋ kɩ yaa wɩya no ma tɩyaŋ koo, ma aa nɩɩ ʋ wɩweliye hʋ a laa ba di rɛ tɩŋ?"
7,"And so, you should understand that everyone who has faith is a child of Abraham.","Ɛɛwɩya, ma gyɩma weliŋ anɩɩ nala hʋ aa laa Wɩɩsɩ di, ba aa rɛ yaa Abɩraham doho nala tɩɩ."
8,Long ago the Scriptures said God would accept the Gentiles because of their faith. This is why God told Abraham the good news that all nations would be blessed because of him.,"Ba basɩ wɩɩ no rɛ faafaa buloŋ Wɩɩsɩ teŋ tɩyaŋ a baa, nala hʋ aa bɩ yaa Gyuuma sɩ ko yaa tɩpʋlʋŋ tɩmma akuu ba aa laa Wɩɩsɩ di wɩya. Faafaa tɩyaŋ buloŋ mɛ rɛ Wɩɩsɩ basɩ wɩweliye no tɩya Abɩraham a baa, “Ɩ tɩyaŋ nɛ ŋ sɩ tɩŋa a pɛ dʋnɩya nala buloŋ.”"
10,"Anyone who tries to please God by obeying the Law is under a curse. The Scriptures say, “Everyone who doesn't obey everything in the Law is under a curse.”","Nala hʋ aa kyɛ dɩ ba tɩŋ mɩrɩsɩ hʋ tɩyaŋ a kaŋ tɩpʋlʋŋ, Wɩɩsɩ sɩ dɔgɩsɩ ba, beewɩya Wɩɩsɩ teŋ tɩyaŋ ba basa rɛ abaa, “Nal hʋ buloŋ aa bɩ sɩ tɩŋ mɩrɩsɩ no kɩdɩgɩ buloŋ a mʋ su, Wɩɩsɩ sɩ dɔgɩsɩ ʋ tɩɩna.”"
14,"And because of what Jesus Christ has done, the blessing promised to Abraham was taken to the Gentiles. This happened so that by faith we would be given the promised Holy Spirit. The Law and the Promise","Yesu Krisita yaa nyɛ rɛ dɩ nala hʋ aa bɩ Gyuuma mɛ tɩŋa ʋ tɩyaŋ a na wɩweliye hʋ Wɩɩsɩ gyɩ aa wee nyʋwa dɩ ʋ sɩ yaa tɩya Abɩraham, ka dɩ Wɩɩsɩ tɩŋ á laadii tɩyaŋ, a kpa Wiyesi Welii hʋ wɩya ʋ aa wee nyʋwa a tɩya ma. Moosi mɩrɩsɩ hʋ bɩ kaŋ nyʋwa hʋ Wɩɩsɩ aa wee tɩya Abɩraham bɩrɩmɩ"
16,"That is how it is with the promises God made to Abraham and his descendant. The promises were not made to many descendants, but only to one, and that one is Christ.","Nyɛ tɩɩ rɛ nyʋwa hʋ Wɩɩsɩ aa wee tɩya Abɩraham mɛ kɩɩ. Wɩɩsɩ gyɩ wee nyʋwa tɩya Abɩraham bee ʋ doho nal lɛ. Nyʋwa hʋ tɩyaŋ Wɩɩsɩ bɩ baa Abɩraham doho nala, ʋ baa ʋ doho nal, beewɩya Abɩraham doho nɩdɩgɩ dʋŋ nɛ ʋ kɩ daga. Nal no rɛ yaa Krisita."
18,"If we have to obey the Law in order to receive God's blessings, those blessings don't really come to us because of God's promise. But God was kind to Abraham and made him a promise.","Wɩɩ hʋ Wɩɩsɩ aa wee nyʋwa anɩɩ ʋ sɩ yaa tɩya Abɩraham, ʋ bɩ lɩɩ mɩrɩsɩ hʋ tɩŋɩɩ tɩyaŋ. Dɩ wɩɩ hʋ fa lɩɩ mɩrɩsɩ hʋ tɩŋɩɩ tɩyaŋ, ɛɛ kɛ ʋ bɩl bɩ lɩɩ ʋ nyʋwa hʋ ʋ aa wee tɩya Abɩraham tɩyaŋ. Amɛ wɩya hʋ ʋ aa yaa tɩya Abɩraham, ʋ yaa ba rɛ ʋ bɔnyɛ tɩyaŋ akuu ʋ aa wee nyʋwa tɩya ʋ wɩya."
24,"In fact, the Law was to be our teacher until Christ came. Then we could have faith and be acceptable to God.","Ɛɛwɩya, mɩrɩsɩ hʋ rɛ fa aa pɔ ma, a ko pele saŋa hʋ Krisita aa ko, á laa ʋ di a yaa tɩpʋlʋŋ tɩmma Wɩɩsɩ sɩya tɩyaŋ."
25,"But once a person has learned to have faith, there is no more need to have the Law as a teacher.","Nyɛ kɛ á aa sɩ wuwo laa Krisita wɩya di nyɛ, mɩrɩsɩ hʋ bɩl bɩ kaŋ dee á nyuu tɩyaŋ."
26,All of you are God's children because of your faith in Christ Jesus.,"Ɛɛwɩya, nyɛ kɛ ma buloŋ yaa Wɩɩsɩ biisi tɩɩ rɛ akuu ma aa laa Yesu Krisita di wɩya."
27,"And when you were baptized, it was as though you had put on Christ in the same way you put on new clothes.","Beewɩya ma nala hʋ buloŋ ba aa foo ma wɩɩkyʋwalnɩɩ Krisita feŋ tɩyaŋ, ma bee Krisita yaa kɩdɩgɩ rɛ. Ɛɛ daga nɩɩ ma laa Krisita gyogo tɩɩ rɛ."
28,"Faith in Christ Jesus is what makes each of you equal with each other, whether you are a Jew or a Greek, a slave or a free person, a man or a woman.","Akuu á bee Krisita aa yaa kɩdɩgɩ wɩya, á buloŋ mɛ yaa kɩdɩgɩ rɛ. Dɩ ma yaa Gyuuma koo dɩ ma bɩ yaa Gyuuma, dɩ ma yaa yosi koo ma bɩ yaa yosi, dɩ ma yaa haana koo baala, ma buloŋ yaa kɩdɩgɩ rɛ Yesu Krisita nyubaanɩŋ."
29,"So if you belong to Christ, you are now part of Abraham's family, and you will be given what God has promised.","Dɩ ma bee Krisita rɛ yaa kɩdɩgɩ, ɛɛ daga nɩɩ ma yaa Abɩraham doho nala rɛ. Ɛɛ wɩya ma buloŋ nɛ sɩ na wɩɩ hʋ Wɩɩsɩ aa wee nyʋwa anɩɩ ʋ sɩ yaa a tɩya Abɩraham."
1,"Children who are under age are no better off than slaves, even though everything their parents own will someday be theirs.","Wɩɩ hʋ ŋ aa basɩ rɛ nyɛ: Dɩ biye rɛ dii ʋ kuwo kyaŋ saŋa hʋ ʋ ha aa yaa biibiye, ʋ ha aa kɩɩ gɛɛ anɩɩ yoŋ abee ʋ aa paalɩ tɩŋ kɩna hʋ buloŋ mɛ."
2,This is because children are placed in the care of guardians and teachers until the time their parents have set.,"Beewɩya ʋ ha aa yaa biibiye wɩya, nala rɛ sɩ deŋ ʋ bee kɩna hʋ buloŋ, dɩ ʋ ko waa mʋ pele saŋa hʋ ʋ kuwo aa daga anɩɩ ba kpa kyaŋ hʋ we ʋ nosi tɩyaŋ."
3,This is how it was with us. We were like children ruled by the powers of this world.,"Ɛɛ tɩɩ rɛ á mɛ fa kɩɩ. Saŋa hʋ á ha fa aa bɩ laa Yesu Krisita wɩya di, dʋnɩya wɩkanɩya fa kaŋ ma bɩrɩmɩ yosi rɛ."
4,"But when the time was right, God sent his Son, and a woman gave birth to him. His Son obeyed the Law,","Amɛ saŋa hʋ Wɩɩsɩ aa bine aa ko pele, Wɩɩsɩ tɩŋ ʋ tɩɩ Biye rɛ ʋ ko dʋnɩya, haaŋ lʋla ʋ anɩɩ ba aa lʋl nihuwobiŋ buloŋ gɛɛ. Saŋa hʋ ba aa lʋla ʋ dɩ nala aa tɩŋ Gyuuma mɩrɩsɩ hʋ rɛ."
5,"so he could set us free from the Law, and we could become God's children.","Wɩɩsɩ yaa gɛɛ rɛ dɩ ʋ laa á nala hʋ buloŋ fa aa tɩŋ Gyuuma mɩrɩsɩ hʋ ta, dɩ á buloŋ wuwo ko yaa Wɩɩsɩ biisi tɩɩ."
6,"Now that we are his children, God has sent the Spirit of his Son into our hearts. And his Spirit tells us that God is our Father.",Á aa yaa Wɩɩsɩ biisi wɩya rɛ tɩŋ ʋ kpa Wiyesi Welii hʋ aa we Biye hʋ tɩyaŋ a we á tɩsɩ tɩyaŋ. Wiyesi Welii no aa we á tɩsɩ tɩyaŋ nɛ leŋ á aa wuwo yɩrɩ Wɩɩsɩ baa “á Kuwo.”
7,"You are no longer slaves. You are God's children, and you will be given what he has promised. Paul's Concern for the Galatians","Ɛɛwɩya, ma kɩdɩgɩ buloŋ bɩl bɩ yaa yoŋ. Ma yaa Wɩɩsɩ biisi tɩɩ rɛ. Ma yaŋ aa yaa ʋ biisi tɩɩ wɩya, ma sɩ na kɩna hʋ buloŋ ʋ aa sɩ kpa tɩya ʋ biisi. Pɔɔl kyɩl Galetiya tɩmma wɩya"
8,"Before you knew God, you were slaves of gods that are not real.","Faafaa hʋ ma fa aa bɩ gyɩŋ Wɩɩsɩ, ma fa aa tɩŋ vʋga hal lɛ ba kaŋ ma bɩrɩmɩ yosi. Vʋga mɛ yaŋ bɩ yaa Wɩɩsɩ."
12,"My friends, I beg you to be like me, just as I once tried to be like you. Did you mistreat me","Ŋ naabalɩya, abee ŋ aa yaa gyuu buloŋ ka ŋ kpaa ŋ tɩɩ nɩɩ ŋ yaa ma kɩdɩgɩ rɛ. Ŋ bɩl bee tɩŋ Gyuuma mɩrɩsɩ. Ɛɛwɩya ŋ aa sʋla ma, ma kɩ kyesi ŋ. Ma gyɩ bɩ yaa wɩɩ buloŋ kyogi ŋ."
13,"when I first preached to you? No you didn't, even though you knew I had come there because I was sick.",Ma tɩɩ gyɩma anɩɩ ŋ wɩɩla rɛ gyɩ tɩŋ ŋ gyɩ wuwo na ŋmanɩɩ a basɩ Wɩɩsɩ wɩweliye hʋ tɩya ma buŋbuŋ hʋ tɩyaŋ.
14,"My illness must have caused you some trouble, but you didn't hate me or turn me away because of it. You welcomed me as though I were one of God's angels or even Christ Jesus himself.","Abee ŋ wɩɩla hʋ gyɩ aa leŋ tʋwara gyʋʋ ma kɩŋkaŋ buloŋ mɛ, ka ma gyɩ bɩ vɩya ŋ ta, koo a kana ŋ kʋwasɩ. Amɛ ma gyɩ kana ŋ weliŋ nɛ anɩɩ ŋ aa yaa malɩka aa lɩɩ wɩɩsɩbee ko, koo anɩɩ ŋ aa yaa Yesu Krisita tɩɩ."
15,"Where is that good feeling now? I am sure if it had been possible, you would have taken out your own eyes and given them to me.","Saŋa hʋ ma tenni gyɩ fɩyɛla rɛ weliŋ. Lee rɛ haŋ teŋfɩyɛlʋʋ hʋ buloŋ mʋ? Ŋ sɩ wuwo baa dɩ mamaa rɛ gyɩ fa wuwo, ma gyɩ fa sɩ yaa wɩɩ kɛ buloŋ ŋ aa kyɛɛ tɩya ŋ nɛ, haalɩ dɩ ʋ rɛ maga dɩ ma kuwoni ma sibinaalɩya mɛ gba tɩya ŋ."
16,"Am I now your enemy, just because I told you the truth?","Lagɩlagɩ no, ŋ bɩrɩmɩ ma dɔŋ nɛ akuu ŋ aa basɩ wɩtɩɩ hʋ tɩya ma koo?"
17,"Those people may be paying you a lot of attention, but it isn't for your good. They only want to keep you away from me, so you will pay them a lot of attention.","Amɛ haŋ nala hʋ aa bee daga ma wɩtɩɩ hʋ kɛ, ba aa fugo kɩ yaa gɛɛ nɩɩ ba kyɩla ma wɩya rɛ, amɛ wɩɩ hʋ aa we ba hakɩllɩ tɩyaŋ bɩ yaa. Ba hakɩla buloŋ nɛ yaa dɩ ba leŋ ŋ beel-ma kyogi dɔmɔŋ, ka dɩ ma kyɩla ba dʋŋ wɩya."
20,I wish I were with you now. Then I would not have to talk this way. You really have me puzzled. Hagar and Sarah,"Ŋ kyɛrɩ rɛ fa yaa dɩ ŋ fa we ma lee lagɩlagɩ no, a fa gyɩŋ gɛɛ ŋ aa sɩ basɩ wɩya tɩya ma, beewɩya ŋ hakɩla buloŋ nɛ vʋgɩma ma wɩya. Nyʋʋsɩ hʋ balɩya Wɩɩsɩ aa wee"
21,Some of you would like to be under the rule of the Law of Moses. But do you know what the Law says?,"Ma nala hʋ aa kyɛ dɩ ma ha kɩ tɩŋ Gyuuma mɩrɩsɩ hʋ, ma leŋ dɩ ŋ pɩyɛsɩ ma wɩɩ. Ma kɔnɩ gyɩŋ wɩya hʋ mɩrɩsɩ aa daga memii rɛ?"
22,"In the Scriptures we learn that Abraham had two sons. The mother of one of them was a slave, while the mother of the other one had always been free.","Wɩɩsɩ teŋ tɩyaŋ ba basa anɩɩ Abɩraham fa lʋl boyoŋbiisi balɩya rɛ. Kɩdɩgɩ fa yaa ʋ haaŋ tɩɩ biye rɛ, kɩdɩgɩ mɛ fa yaa ʋ yoŋhaaŋ biye."
23,The son of the slave woman was born in the usual way. But the son of the free woman was born because of God's promise.,"Abɩraham yoŋhaaŋ hʋ aa lʋl ʋ biye hʋ, ʋ lʋla ʋ anɩɩ ba aa lʋl nihuwobiŋ buloŋ gɛɛ rɛ. Amɛ biye hʋ Abɩraham haaŋ tɩɩ hʋ aa lʋla hʋ kɛ, Wɩɩsɩ rɛ wee nyʋwa ba lʋla ʋ."
24,"All of this has another meaning as well. Each of the two women stands for one of the agreements God made with his people. Hagar, the slave woman, stands for the agreement that was made at Mount Sinai. Everyone born into her family is a slave.",Á sɩ wuwo kpa wɩɩ no nɩɩ ʋ yaa namaga rɛ. Haana no balɩya rɛ yaa nyʋʋsɩ balɩya hʋ Wɩɩsɩ gyɩ aa wee. Haga rɛ yaa nyʋwa hʋ Wɩɩsɩ gyɩ aa wee dogimo hʋ ba aa yɩrɩ Saana tɩyaŋ gɛɛ. Ʋ biisi rɛ yaa nala hʋ Moosi mɩrɩsɩ gyɩ aa kaŋ bɩrɩmɩ yosi.
25,Hagar also stands for Mount Sinai in Arabia and for the present city of Jerusalem. She and her children are slaves.,"Haga rɛ yaa Saana dogimo hʋ aa wee Areebɩya paalʋʋ tɩyaŋ. Ʋ kɩɩ gyɩnaŋ tɔɔ hʋ ba aa yɩrɩ Gyerusalɛm nɛ, ʋ bee tɩyaŋ nala buloŋ yaa mɩrɩsɩ hʋ yosi."
26,"But our mother is the city of Jerusalem in heaven above, and she isn't a slave.",Amɛ Gyerusalɛm hʋ aa we wɩɩsɩbee tɩyaŋ kɛ tɩŋ ʋ tɩɩ rɛ. Ʋ rɛ yaa á nɩɩna.
27,"The Scriptures say about her, “You have never had children, but now you can be glad. You have never given birth, but now you can shout. Once you had no children, but now you will have more children than a woman who has been married for a long time.”","Beewɩya Wɩɩsɩ teŋ tɩyaŋ ba saba rɛ a baa, “Hapɩrɩ, leŋ dɩ ɩ teŋ fɩyɛlɩ. Ɩ nal hʋ lʋla ha aa bɩ wɩɩ na, kyiyesi abee teŋfɩyɛlʋʋ, beewɩya havɩyatalɩɩ bala sɩ mɩɩgɩ ko dɩ ʋ kaŋ balɩya te haaŋ hʋ bala aa bɩ maakyiye vɩya ʋ ta.”"
28,"My friends, you were born because of this promise, just as Isaac was.","Ŋ naabalɩya, ɛɛ hʋ Wɩɩsɩ aa wee nyʋwa ba lʋl Azɩkɩ, ɛɛ tɩɩ rɛ Wɩɩsɩ we nyʋwa a leŋ á mɛ ko yaa ʋ biisi."
29,But the child who was born in the natural way made trouble for the child who was born because of the Spirit. The same thing is happening today.,"Abɩraham biisi hʋ balɩya tɩyaŋ, kɩŋ hʋ ba aa lʋla anɩɩ nihuwobiŋ kɩdɩgɩ buloŋ hʋ, ʋ gyɩ dɔgɩsɩ biye hʋ ba aa lʋla Wɩɩsɩ Wiyesi Welii hʋ dee tɩyaŋ nɛ. Ɛɛ tɩɩ rɛ ba kɩ dɔgɩsɩ ma mɛ gyɩnaŋ."
30,"The Scriptures say, “Get rid of the slave woman and her son! He won't be given anything. The son of the free woman will receive everything.”","Ɛɛ rɛ ba basɩ Wɩɩsɩ teŋ tɩyaŋ? Ba baa, “Kile yoŋ hʋ bee ʋ biye ta dɩ ba lɩɩ ɩ dɩya tɩyaŋ, beewɩya yoŋ biye bee haaŋ tɩɩ biye bɩ sɩ wuwo pɛ kyaŋ.”"
31,"My friends, we are children of the free woman and not of the slave.","Ɛɛwɩya, ŋ naabalɩya, á bɩ yaa yoŋ hʋ biisi. Á yaa haaŋ tɩɩ hʋ biisi rɛ."
1,Christ has set us free! This means we are really free. Now hold on to your freedom and don't ever become slaves of the Law again.,Krisita laa ma ta rɛ dɩ á tɩŋ á tɩɩ. Ɛɛ wɩya ma sɩŋ wɩya hʋ ma aa laa di tɩyaŋ kpaŋkpaŋ dɩ nal buloŋ ta bɩl kaŋ ma bɩrɩmɩ yosi.
4,"And if you try to please God by obeying the Law, you have cut yourself off from Christ and his gift of undeserved grace.","Ma nala hʋ aa tɩŋ mɩrɩsɩ hʋ Moosi aa bine, a kɩ lʋga dɩ ma tɩŋ gɛɛ tɩyaŋ a kaŋ tɩpʋlʋŋ Wɩɩsɩ sɩya tɩyaŋ, ma tɔrɩ ma tɩɩ lɩɩ Krisita hal lɛ, a tɔrɩ ma tɩɩ mɛ lɩɩ Wɩɩsɩ bɔnyɛ hʋ tɩyaŋ."
5,But the Spirit makes us sure God will accept us because of our faith in Christ.,"Amɛ á kɛ, á bayɩyɛla rɛ yaa dɩ Wɩɩsɩ tɩŋ ʋ Wiyesi Welii hʋ dee tɩyaŋ a leŋ dɩ á kaŋ tɩpʋlʋŋ ʋ sɩya tɩyaŋ akuu á aa laa Krisita di wɩya."
6,"If you are a follower of Christ Jesus, it makes no difference whether you are circumcised or not. All that matters is your faith that makes you love others.","Dɩ á bee Krisita rɛ yaa kɩdɩgɩ, dɩ á keri á pene koo dɩ á bɩ kere á pene, ʋ bɩ dɔbɔ wɩɩ buloŋ tɩyaŋ. Wɩɩ hʋ aa yaa sɩfɩyaŋ wɩɩ Wɩɩsɩ lee rɛ yaa dɩ á kpa gɛɛ á aa kyo dɔmɔŋ a daga anɩɩ á laa ʋ di rɛ."
7,You were doing so well until someone made you turn from the truth.,Ma fa aa yaa weliŋ nɛ. Kɩbee rɛ yaŋ mʋrɩ ma dɩ ma kpa wɩtɩɩ hʋ tɩŋɩɩ ta? Ŋmaŋbee rɛ ʋ tɩŋa a mʋrɩ ma nyɛ?
8,And that person was certainly not sent by the one who chose you.,"Ŋ bɩ liise anɩɩ Wɩɩsɩ rɛ mʋrɩ ma, beewɩya ʋ rɛ yɩrɩ ma dɩ ma ko tɩŋ wɩtɩɩ hʋ."
9,"A little yeast can change a whole batch of dough,","Ma gyɩma nɩɩ sɩbʋl mʋhʋ tɩɩ rɛ ba aa kpa we paanʋʋ muŋ yʋga tɩyaŋ, aŋka ʋ sii pʋwarɩ."
10,"but you belong to the Lord. This makes me certain you will do what I say, instead of what someone else tells you to do. Whoever is causing trouble for you will be punished.","Ŋ laa di rɛ anɩɩ á beel-ma buloŋ aa yaa kɩdɩgɩ Krisita tɩyaŋ wɩya, ma bɩ sɩ tɩŋ ŋmaŋdɩma. Nal hʋ buloŋ aa kaŋ ma hakɩllɩ kɩ vʋgɩmɩ nyɛ, ʋ kyo dɩ ʋ yaa haŋ nal hʋ buloŋ mɛ, Wɩɩsɩ sɩ dɔgɩsɩ ʋ."
11,"My friends, if I still preach that people need to be circumcised, why am I in so much trouble? The message about the cross would no longer be a problem, if I told people to be circumcised.","Ŋ naabalɩya, dɩ mɩyaŋ nɛ ha aa basɩ anɩɩ ʋ maga dɩ ma keri ma pene rɛ ka dɩ Wɩɩsɩ na laa ma ta, bee rɛ tɩŋ ba ha kɩ dɔgɩsɩ ŋ? Dɩ mɩyaŋ nɛ fa baa dɩ nal buloŋ maga dɩ ʋ keri ʋ peŋ nɛ, ɛɛ kɛ ŋ fa bɩ sɩ kɩ na tʋwara akuu ŋ aa basɩ Yesu aa sʋba daagarɩɩ hʋ nyuu tɩyaŋ wɩya."
12,"I wish everyone who is upsetting you would not only get circumcised, but would cut off much more!","Nala hʋ buloŋ aa dɔŋ ma baa dɩ ma keri ma pene hʋ, ŋ fa kyo dɩ ba farɩ ba tɩɩ pɛ rɛ."
13,"My friends, you were chosen to be free. So don't use your freedom as an excuse to do anything you want. Use it as an opportunity to serve each other with love.","Amɛ ma kɛ, ŋ naabalɩya, Wɩɩsɩ yɩrɩ ma rɛ dɩ ma tɩŋ ma tɩɩ. Amɛ ma ta kuu ma aa tɩŋ ma tɩɩ wɩya, a kpa gɛɛ yaa gyo-gye wɩɩ a kɩ yaa ma dʋŋʋ wɩyaabɔmɔ. Amɛ ma kɩ kyiyeli dɔmɔŋ abee kyori."
14,All the Law says can be summed up in the command to love others as much as you love yourself.,"Ma kɩ yaa nyɛ, beewɩya dɩ ɩ rɛ aa tɩŋ mɩra hʋ abaa, “Kyo ɩ dɔŋtɩɩna anɩɩ ɩ aa kyo ɩ tɩɩ gɛɛ,” ɩ tɩŋ mɩrɩsɩ hʋ Moosi fa aa bine buloŋ su rɛ."
15,"But if you keep attacking each other like wild animals, you had better watch out or you will destroy yourselves. God's Spirit and Our Own Desires","Amɛ dɩ ma wɩyaalɩya rɛ kɩɩ ɔhɔ kɩna dɩ ma gʋla kaŋ dɔmɔŋ kɩ kyaŋ, ma pɔ ma tɩɩ weliŋ, dɩ gɛɛ daa ma sɩ kpʋ dɔmɔŋ teŋ. Wɩɩsɩ Wiyesi Welii hʋ wɩkyɛɛlɩya abee á teŋbii wɩkyɛɛlɩya"
17,The Spirit and your desires are enemies of each other. They are always fighting each other and keeping you from doing what you feel you should.,beewɩya á tɩɩ teŋbii wɩkyɛɛlɩya bee Wɩɩsɩ Wiyesi Welii hʋ wɩkyɛɛlɩya bee tɩŋ dɔmɔŋ. Á tɩɩ teŋbii wɩkyɛɛlɩya bee Wɩɩsɩ Wiyesi Welii hʋ wɩkyɛɛlɩya yaa dɔmɔ rɛ. Ɛɛ daga anɩɩ á bɩ sɩ wuwo kɩ yaa á tɩɩ wɩkyɛɛlɩya.
18,"But if you obey the Spirit, the Law of Moses has no control over you.","Amɛ dɩ ámaa rɛ aa tɩŋ Wɩɩsɩ Wiyesi Welii hʋ nyʋwa, Gyuuma fa aa tɩŋ mɩrɩsɩ hʋ bɩl bɩ kaŋ dee á nyuu tɩyaŋ."
20,"They worship idols, practice witchcraft, hate others, and are hard to get along with. People become jealous, angry, and selfish. They not only argue and cause trouble, but they are","Ba aa kɩ marɩ vʋga rɛ, a kɩ di hɩrɩ, a haasɩ nala, a kɩ kaa kaasɩ. Ba aa kaŋ hadɔrɩ rɛ, a kaŋ baaŋtosini, a kaŋ kyotoro, a bee kaŋ nyʋʋdɩgɩ, a kɩ lɩɩ dɔmɔŋ hala."
21,"envious. They get drunk, carry on at wild parties, and do other evil things as well. I told you before, and I am telling you again: No one who does these things will share in the blessings of God's kingdom.","Ba tɩsɩ aa kɩ hɔllɩ nala rɛ, ba nyʋwa sɩŋ kɩ bugo. Dɩ ba ko kaŋ laŋŋʋʋ buloŋ, ba aa nyʋwa sɩŋ bugo kɩ yaa wɩlaama rɛ. Ba aa kɩ yaa wɩya no buloŋ nɛ aha bee wɩbɔmɔ no iriŋ buloŋ. Ŋ laa sɩya kʋrɩsɩ ma dɩgɩna rɛ wɩya no wɩya, aŋ bɩl kɩ kʋrɩsɩ ma dɩgɩna anɩɩ nala hʋ aa yaa wɩya no iriŋ bɩ sɩ gyʋʋ Wɩɩsɩbee koro hʋ tɩyaŋ."
23,"gentle, and self-controlled. There is no law against behaving in any of these ways.","a kaŋ sɩfɩyala, a gyɩŋ ba tɩɩ kanɩɩ. Mɩra buloŋ tuwo a daga anɩɩ nala ta kɩ yaa wɩya no iriŋ."
24,"And because we belong to Christ Jesus, we have killed our selfish feelings and desires.","Ɛɛwɩya, nala hʋ aa laa Yesu Krisita wɩya di, ba kpʋʋ ba tɩɩ teŋbii wɩkyɛɛlɩya ta rɛ. Ba bɩl bee yaa wɩya hʋ ba tɩɩ aa kyɛ."
25,"God's Spirit has given us life, and so we should follow the Spirit.","Wɩɩsɩ Wiyesi Welii hʋ aa leŋ á kaŋ mɩɩbol wɩya, ʋ maga dɩ á kɩ tɩŋa ʋ nyʋwa rɛ."
26,But don't be conceited or make others jealous by claiming to be better than they are.,"Ma ta leŋ dɩ á kɩ daga á tɩɩ, a ta leŋ dɩ á leŋ dɩ á dɔŋtɩŋsɩ baaŋ kɩ sii, a ta leŋ dɩ á tɩsɩ kɩ hɔllɩ dɔmɔŋ."
2,You obey the law of Christ when you offer each other a helping hand.,"Ma laa dɔmɔŋ kyʋgɩsɩ kɩ kyʋŋ. Dɩ mamaa rɛ aa yaa gɛɛ, Krisita mɩra rɛ ma kɩ tɩŋa gɛɛ."
3,"If you think you are better than others, when you really aren't, you are wrong.","Dɩ nal lɛ aa kpa ʋ tɩɩ anɩɩ ʋ yaa nal kɩdɩgɩ rɛ, aŋ kɔnɩ bɩ yaa nal buloŋ, ʋ tɩɩ rɛ ʋ kɩ mʋrɩ."
5,We each must carry our own load.,beewɩya nal buloŋ maga dɩ ʋ kyʋŋ ʋ tɩɩ kyʋga rɛ.
6,Share every good thing you have with anyone who teaches you what God has said.,"Nal hʋ ba aa dagɩ Wɩɩsɩ wɩya, ʋ leŋ dɩ wɩweliye hʋ buloŋ ʋ aa na kɩ daagɩ nal hʋ aa daga ʋ mɛ."
7,"You cannot fool God, so don't make a fool of yourself! You will harvest what you plant.","Ma ta kɩ mʋrɩ ma tɩɩ. Nal kɩdɩgɩ buloŋ bɩ sɩ wuwo gʋrɩ Wɩɩsɩ. Kɩŋ hʋ ɩ aa doho, ʋ tɩɩ rɛ ɩ sɩ kʋma."
9,"Don't get tired of helping others. You will be rewarded when the time is right, if you don't give up.","Ɛɛwɩya, ma ta leŋ dɩ á lɔgʋ lɩɩ wɩweliye yayɩ. Dɩ ámaa bɩ leŋ á lɔgʋ lɩɩ wɩweliye yayɩ, dɩ saŋa hʋ aa maga rɛ ko pele, Wɩɩsɩ sɩ tuŋ ma."
11,You can see what big letters I make when I write with my own hand.,Ma bɩ naa ŋ kɩsabɩya aa yʋga yʋga gɛɛ. Ŋ tɩɩ rɛ aa sabɩ wɩkateŋse no.
12,Those people who are telling you to get circumcised are only trying to show how important they are. And they don't want to get into trouble for preaching about the cross of Christ.,"Nala hʋ aa kyɛ dɩ nala na ba wɩyaalɩya a kɩ bigisi ba, ba aa rɛ aa fɩl ma dɩ ma keri ma pene gɛɛ. Ba gyɩma anɩɩ dɩ ba aa rɛ aa basɩ Krisita aa sʋba daagarɩɩ hʋ tɩyaŋ wɩya, nala sɩ dɔgɩsɩ ba. Dɔgɩsɩɩ no rɛ ba kɩ fá, ɛɛ rɛ tɩŋ ba kɩ fɩl ma dɩ ma keri ma pene gɛɛ."
14,"But I will never brag about anything except the cross of our Lord Jesus Christ. Because of his cross, the world is dead as far as I am concerned, and I am dead as far as the world is concerned.","Amɛ ŋ kɛ, Wɩɩsɩ ta laa nyʋwa dɩ ŋ daga ŋ tɩɩ wɩɩ kɩdɩgɩ buloŋ wɩya dɩ á Tɩɩna Yesu Krisita aa sʋba daagarɩɩ hʋ nyuu dʋŋ wɩya daa. Krisita aa sʋba daagarɩɩ hʋ tɩyaŋ wɩya, ɛɛ leŋ dʋnɩya wɩkanɩya buloŋ yaa wɩsʋʋnɩ rɛ ŋ lee, ka ʋ kɩɩ gɛɛ anɩɩ ŋ mɛ aa yaa kɩsʋʋ dʋnɩya wɩkanɩya lee."
15,It doesn't matter if you are circumcised or not. All that matters is that you are a new person.,"Dɩ á keri á pene koo dɩ á bɩ kere, gɛɛ bɩ dɔbɔ wɩɩ buloŋ tɩyaŋ. Wɩɩ hʋ aa yaa sɩfɩyaŋ wɩɩ rɛ yaa dɩ Wɩɩsɩ kaŋ ma bɩrɩmɩ nɩfalɩya."
16,"If you follow this rule, you will belong to God's true people. God will treat you with undeserved kindness and will bless you with peace.","Nala hʋ buloŋ aa tɩŋ wɩɩ no, Wɩɩsɩ sɩ fá ba sikii a leŋ dɩ ʋ fɩyɛlʋʋ we ba bee Wɩɩsɩ nala buloŋ lee."
17,On my own body are scars that prove I belong to Christ Jesus. So I don't want anyone to bother me anymore.,"A lɩɩ gyɩnaŋ a kaŋ kɩ mʋ, nal buloŋ ta bɩl dɔmɩ-ŋ. Fʋfʋʋnɩ hʋ ŋ aa kana ŋ teŋ tɩyaŋ daga anɩɩ ŋ yaa Yesu tʋŋtʋnnɩ rɛ."
18,"My friends, I pray that the Lord Jesus Christ will be kind to you! Amen.","Ŋ naabalɩya, á Tɩɩna Yesu Krisita bɔnyɛ sɩ we ma buloŋ lee. Amɩ."
1,"From Paul, chosen by God to be an apostle of Christ Jesus. To God's people who live in Ephesus and are faithful followers of Christ Jesus.","Mɩyaŋ Pɔɔl lɛ sabɩ teŋ no a kɩ tɩya ma Wɩɩsɩ nala hʋ aa we Ɛfiso tɩyaŋ a kaŋ Yesu Krisita wɩya hʋ ma aa laa di abee wɩtɩɩ. Wɩɩsɩ kyɛrɩ tɩyaŋ nɛ ʋ lɩɩ ŋ, dɩ ŋ yaa Yesu Krisita kpambɩya."
2,I pray that God our Father and our Lord Jesus Christ will be kind to you and will bless you with peace! Christ Brings Spiritual Blessings,Á Kuwo Wɩɩsɩ abee á Tɩɩna Yesu Krisita bɔnyɛ abee ba fɩyɛlʋʋ sɩ we ma lee. Wɩɩsɩ tɩŋ Krisita tɩyaŋ nɛ a pɛ á tɩyaŋ
3,Praise the God and Father of our Lord Jesus Christ for the spiritual blessings that Christ has brought us from heaven!,"Ma leŋ dɩ á dannɩ Wɩɩsɩ, ʋ rɛ yaa á Tɩɩna Yesu Krisita Kuwo abee ʋ Wɩɩsɩ. Á bee Krisita aa yaa kɩdɩgɩ wɩya, ʋ kyiyeli ma rɛ abee wɩweliye hʋ buloŋ aa lɩɩ ʋ lee."
4,"Before the world was created, God had Christ choose us to live with him and to be his holy and innocent and loving people.","Ka dɩ Wɩɩsɩ na marɩ dʋnɩya, ʋ tɩŋ Krisita tɩyaŋ nɛ a lɩɩ ma dɩ á yaa tɩpʋlʋŋ tɩmma ʋ sɩya tɩyaŋ, á ta kaŋ bisiŋ koo wɩkyogii buloŋ."
6,"God treated us with undeserved grace because of the Son he dearly loves, and so we should praise God.","Ɛɛwɩya, akuu ʋ aa tɩŋ ʋ Biikyoolii hʋ tɩyaŋ a fá á sikii aŋ daga ma ʋ bɔnyɛ yʋga wɩya, ma leŋ dɩ á dannɩ ʋ."
8,"Christ sacrificed his life's blood to set us free, which means our sins are now forgiven. Christ did this because of God's gift of undeserved grace to us. God has great wisdom and understanding,","Wɩɩsɩ bɔnyɛ hʋ ʋ aa kaŋ daga ma bɩ kaŋ magɩsɩɩ, beewɩya Krisita sʋʋ hʋ nyubaanɩŋ, ʋ kpaa ʋ kyal a tuŋ á wɩbɔmɔ buloŋ kyɩŋ nɛ, Wɩɩsɩ kpa á wɩbɔmɔ buloŋ kyɛ ma. Wɩɩsɩ tɩɩ wɩgyʋŋ abee ʋ gyɩmaa tɩyaŋ nɛ ʋ yaa wɩɩ no."
11,"God always does what he plans, and this is why he appointed Christ to choose us.",Wɩɩsɩ kyɛrɩ tɩyaŋ nɛ ʋ aa leŋ wɩɩ buloŋ yaa. Krisita tɩyaŋ nɛ Wɩɩsɩ tɩŋa a lɩɩ ma á yaa ʋ nala anɩɩ gɛɛ ʋ aa bine piili hʋ tɩyaŋ buloŋ.
12,He did this so we Jews would bring honor to him and be the first ones to have hope because of him.,"Ʋ yaa gɛɛ rɛ dɩ á nala hʋ aa laa sɩya kpa á bayɩyɛla we Krisita tɩyaŋ, leŋ dɩ ʋ feŋ yɩrɩ, a na bigisii."
15,I have heard about your faith in the Lord Jesus and your love for all God's people.,"Ɛɛwɩya, a lɩɩ saŋa hʋ ŋ aa nɩɩ gɛɛ hʋ ma aa laa á Tɩɩna Yesu wɩya di abee gɛɛ hʋ ma aa kyo Wɩɩsɩ nala buloŋ,"
16,"So I never stop being grateful for you, as I mention you in my prayers.","dɩ mɩyaŋ nɛ ko kɩ kyʋwalɩ Wɩɩsɩ kɛ buloŋ, ŋ aa bee yeŋŋi ma wɩya. Ŋ aa kɩ liisi ma wɩya rɛ, a kɩ kyʋwalɩ Wɩɩsɩ aŋgyʋwasʋ saŋa buloŋ."
17,I ask the glorious Father and God of our Lord Jesus Christ to give you his Spirit. The Spirit will make you wise and let you understand what it means to know God.,"Ŋ aa kɩ sʋla Wɩɩsɩ, á Tɩɩna Yesu Krisita Kuwo hʋ, nal hʋ aa yaa gaŋdaal, dɩ ʋ kpa ʋ Wiyesi Welii hʋ we ma tɩyaŋ a leŋ dɩ ʋ tɩya ma wɩgyʋŋ dɩ ma gyɩŋ Wɩɩsɩ weliŋ."
18,My prayer is that light will flood your hearts and you will understand the hope given to you when God chose you. Then you will discover the glorious blessings that will be yours together with all God's people.,Ŋ wɩɩsʋlɩɩ rɛ bɩl yaa dɩ ma hakɩllɩ suri dɩ ma gyɩŋ wɩtɩɩ hʋ aa lɩɩ Wɩɩsɩ lee a wuwo gyɩŋ kɩna hʋ wɩya Wɩɩsɩ aa yɩrɩ ma ma kaŋ bayɩyɛla. Kɩna no ma bee Wɩɩsɩ nala aa sɩ na weliye rɛ kɩŋkaŋ a bɩ kaŋ magɩsɩɩ.
19,I want you to know about the great and mighty power that God has for us followers. It is the same wonderful power he used,Ŋ bɩl aa sʋla ʋ rɛ dɩ ʋ leŋ dɩ ma gyɩŋ ʋ debal hʋ aa bɩ kaŋ magɩsɩɩ aa maga gɛɛ á nala hʋ aa laa ʋ wɩya di lee.
20,when he raised Christ from death and let him sit at his right side in heaven.,"Dee no tɩɩ rɛ ʋ kaŋ kyisi Krisita sʋʋ tɩyaŋ, a leŋ ʋ hɔŋ ʋ noduu logiŋ lɩhɔnɩɩ wɩɩsɩbee tɩyaŋ ʋ beel-ʋ dɩ koro."
21,"There Christ rules over all forces, authorities, powers, and rulers. He rules over all beings in this world and will rule in the future world as well.",Krisita rɛ tee kɩna hʋ buloŋ á aa bee na ka ba kaŋ dee a kɩ deŋ leye. Feŋ hʋ ʋ aa kana ʋ rɛ tee feŋ kɩdɩgɩ buloŋ aa we dʋnɩya no tɩyaŋ koo dʋnɩya hʋ aa sɩ maakyiye ko tɩyaŋ.
22,"God has put all things under the power of Christ, and for the good of the church he has made him the head of everything.","Wɩɩsɩ kpaa kɩŋ buloŋ dee we Krisita nosi tɩyaŋ nɛ, aŋ lɩɩ ʋ, dɩ ʋ yaa kunyɩna wɩɩ buloŋ tɩyaŋ, nala hʋ aa laa Yesu wɩya di wɩya."
3,"Once we were also ruled by the selfish desires of our bodies and minds. We had made God angry, and we were going to be punished like everyone else.","Wɩtɩɩ kɛ, á buloŋ mɛ gyɩ fa kɩɩ ba rɛ a tɩŋ á tɩɩ kyɛrɩ tɩyaŋ a fa kɩ yaa wɩbɔŋlɔrɩnɩ, a kɩ bɩɩnɩ wɩbɔmɔ mɛ. Á fa aa yaa wɩya no iriŋ wɩya, Wɩɩsɩ fa sɩ na baaŋ á nyuu tɩyaŋ a dɔgɩsɩ ma, anɩɩ nɩkaalɩya hʋ buloŋ."
5,"But God was merciful! We were dead because of our sins, but God loved us so much he made us alive with Christ, and God's gift of undeserved grace is what saves you.",ka ʋ kɩɩ gɛɛ anɩɩ ʋ aa kyisi ma sʋʋ tɩyaŋ a leŋ á kaŋ mɩɩbol anɩɩ ʋ aa kyisi Krisita sʋʋ tɩyaŋ ʋ kaŋ mɩɩbol gɛɛ. Nyɛ daga anɩɩ Wɩɩsɩ bɔnyɛ tɩyaŋ nɛ ʋ laa ma ta.
6,"God raised us from death to life with Christ Jesus, and he has given us a place beside Christ in heaven.",Akuu á bee Krisita aa yaa kɩdɩgɩ wɩya Wɩɩsɩ kyisi ma á wɩbɔmɔ sʋʋ tɩyaŋ nɛ anɩɩ ʋ aa kyisi Krisita sʋʋ tɩyaŋ gɛɛ a leŋ á beel-ʋ buloŋ yaa kɩdɩgɩ a hɔŋ wɩɩsɩbee tɩyaŋ.
7,God did this so in the future world he could show how truly good and kind he is to us because of what Christ Jesus has done.,Ʋ yaa nyɛ rɛ dɩ ʋ daga ʋ bɔnyɛ hʋ aa bɩ kaŋ magɩsɩɩ abee ʋ sikii fáyɩ aa maga gɛɛ gyɩnaŋ a kaŋ kɩ mʋ maakyiye kɩdɩgɩ buloŋ. Á bee Krisita aa yaa kɩdɩgɩ nyubaanɩŋ nɛ tɩŋ ʋ yaa nyɛ.
8,"You were saved by faith in God, who treats us much better than we deserve. This is God's gift to you, and not anything you have done on your own.","Wɩɩsɩ aa kaŋ bɔnyɛ beel-ma abee ma aa laa ʋ di wɩya rɛ tɩŋ ʋ laa ma ta, ʋ bɩ kɩɩ nɩɩ ma wɩyaalɩya rɛ tɩŋ. Laatayɩ yaa Wɩɩsɩ bɔnyɛ kɩŋ nɛ ʋ kpa tɩya ma."
9,"It isn't something you have earned, so there is nothing you can brag about.","Ʋ bɩ kɩɩ nɩɩ ma wɩyaaweliye wɩya rɛ tɩŋ Wɩɩsɩ laa ma ta. Ɛɛwɩya, nal buloŋ bɩ sɩ wuwo daga ʋ tɩɩ gɛɛ wɩya."
10,God planned for us to do good things and to live as he has always wanted us to live. This is why he sent Christ to make us what we are. United by Christ,"Wɩɩsɩ rɛ taa ma, a leŋ á bee Yesu Krisita buloŋ yaa kɩdɩgɩ dɩ á kɩ yaa wɩweliye, wɩweliye hʋ ʋ aa magɩlɩ biŋ faafaa buloŋ dɩ á kɩ yaa. Krisitabiisi bee Krisita buloŋ yaa kɩdɩgɩ rɛ"
12,"At that time you did not know about Christ. You were foreigners to the people of Israel, and you had no part in the promises God had made to them. You were living in this world without hope and without God,","Ma ta yeŋŋe anɩɩ haŋ saŋa hʋ tɩyaŋ ma bee Krisita fa aa bɩ pɛɛ wɩɩ buloŋ, ma gyɩ bɩ pɛɛ Wɩɩsɩ nala ʋ aa lɩya tɩyaŋ. Ɛɛwɩya, ma gyɩ kɩɩ gɛɛ anɩɩ nɩhʋwala. Wɩya hʋ Wɩɩsɩ gyɩ aa wee nyʋwa anɩɩ ʋ sɩ yaa tɩya ʋ nala, ma kɛ fa bɩ pɛɛ. Ma fa bɩ kaŋ wɩɩ kɩdɩgɩ buloŋ bayɩyɛla, a fa bɩ gyɩŋ Wɩɩsɩ mɛ dʋnɩya no tɩyaŋ."
13,and you were far from God. But Christ offered his life's blood as a sacrifice and brought you near God.,"Ma bee Wɩɩsɩ fa boliye rɛ kɩŋkaŋ abee dɔmɔŋ, amɛ nyɛ kɛ, ma bee Krisita aa yaa kɩdɩgɩ wɩya, ʋ kaŋ ma ko kpaga rɛ, akuu Krisita aa sʋba ma wɩya nyubaanɩŋ."
14,"Christ has made peace between Jews and Gentiles, and he has united us by breaking down the wall of hatred that separated us. Christ gave his own body","Krisita tɩɩ rɛ leŋ fɩyɛlʋʋ gyʋʋ ma, beewɩya ʋ leŋ Gyuuma abee nala hʋ aa bɩ yaa Gyuuma buloŋ ko bɩrɩmɩ kɩdɩgɩ rɛ. Ʋ aa sʋba daagarɩɩ hʋ tɩyaŋ gɛɛ, ʋ kpaa ʋ tɩɩ rɛ a tɔrɩ dɔŋdɔŋ hʋ fa aa we nala no paga tɩyaŋ."
15,"to destroy the Law of Moses with all its rules and commands. He even brought Jews and Gentiles together as though we were only one person, when he united us in peace.","Ʋ gɛɛ yayɩ leŋ Gyuuma mɩrɩsɩ hʋ tɩŋɩɩ bɩl bɩ yaa fɩlɩɩ rɛ, ka ʋ bɩl leŋ Gyuuma abee nala hʋ aa bɩ yaa Gyuuma buloŋ ko yaa kɩdɩgɩ ʋ tɩyaŋ, ɛɛ leŋ ba yaa sʋma dɔmɔŋ lee."
16,On the cross Christ did away with our hatred for each other. He also made peace between us and God by uniting Jews and Gentiles in one body.,"Krisita aa sʋba daagarɩɩ hʋ tɩyaŋ wɩya, ʋ leŋ ba dɔŋdɔŋ hʋ teŋ nɛ. Ʋ aa yaa gɛɛ, ʋ leŋ ba buloŋ balɩya tɩŋa ʋ tɩyaŋ nɛ a ko yaa kɩdɩgɩ, aŋ kaŋ ba bee Wɩɩsɩ mɛ we dɔmɔŋ ba yaa sʋma."
17,"Christ came and preached peace to you Gentiles, who were far from God, and peace to us Jews, who were near God.","Krisita rɛ ko a basɩ Wɩɩsɩ wɩweliye hʋ aa tɩya fɩyɛlʋʋ a tɩya nala fa aa boliye bee Wɩɩsɩ, abee nala hʋ mɛ fa aa kpaga Wɩɩsɩ buloŋ."
18,"And because of Christ, all of us can come to the Father by the same Spirit.",Krisita nyubaanɩŋ nɛ á buloŋ sɩ wuwo tɩŋ Wiyesi Welidɩgɩ hʋ tɩyaŋ a ko á kuwo Wɩɩsɩ lee.
19,You Gentiles are no longer strangers and foreigners. You are citizens with everyone else who belongs to the family of God.,"Ɛɛwɩya, ma nala hʋ aa bɩ yaa Gyuuma, ma bɩl bɩ yaa nɩhʋwala koo gyʋgyʋʋlɩya. Nyɛ kɛ, ma bee Wɩɩsɩ nala buloŋ yaa bedɩgɩ nala rɛ, a yaa Wɩɩsɩ dɩya nala."
20,You are like a building with the apostles and prophets as the foundation and with Christ as the most important stone.,Ʋ kɩɩ gɛɛ rɛ anɩɩ dɩya ba kpa ma kɩ saa. Yesu Krisita kpambɩsɩ abee Wɩɩsɩ tɩŋdaala rɛ biŋ dɩya no memii. Krisita tɩɩ mɛ rɛ yaa bʋnyuu dɩya no tɩyaŋ.
21,Christ is the one who holds the building together and makes it grow into a holy temple for the Lord.,"Ʋ rɛ kaŋ dɩya hʋ buloŋ sɩgɩ, a leŋ ʋ ko yaa Wɩɩkyʋwaldɩɩwelii, a we doŋ Wɩɩsɩ kyʋwalɩɩ dʋŋ wɩya."
22,And you are part of that building Christ has built as a place for God's own Spirit to live.,Ma bee Krisita aa yaa kɩdɩgɩ wɩya ba kaŋ ma bee Wɩɩsɩ nɩkaalɩya hʋ buloŋ kɩ saa lee Wɩɩsɩ Wiyesi Welii hʋ aa gyʋʋ rɛ.
2,You have surely heard about God's gift of undeserved grace in choosing me to help you.,"Ŋ gyɩma anɩɩ ma mɛ nɩɩ gɛɛ hʋ Wɩɩsɩ aa tɩŋ ʋ bɔnyɛ tɩyaŋ a lɩɩ ŋ nɛ, a kpa tʋma no tɩyaŋ dɩ ŋ kɩ tʋma ma wɩya."
4,"As you read the letter, you will also find out how well I really do understand the mystery about Christ.","Wɩɩsɩ kpaa ʋ bampaga wɩya hʋ fa aa yaa wɩfaŋɩya a daga ŋ nɛ, a leŋ ŋ gyɩŋ ba."
5,No one knew about this mystery until God's Spirit told it to his holy apostles and prophets.,"Wɩɩsɩ fa bɩ leŋ faafaa nala gyɩŋ wɩya no, amɛ nyɛ kɛ, ʋ tɩŋ ʋ Wiyesi Welii hʋ tɩyaŋ nɛ a kpa ba daga ʋ kpambɩsɩ abee ʋ tɩŋdaala hʋ aa kaŋ tɩpʋlʋŋ."
6,"And the mystery is this: Because of Christ Jesus, the good news has given the Gentiles a share in the promises God gave to the Jews. God has also let the Gentiles be part of the same body.","Wɩɩsɩ bampaga hʋ fa aa yaa wɩfaŋɩɩ hʋ rɛ nyɛ: Wɩɩsɩ tɩŋ ʋ wɩweliye hʋ tɩyaŋ nɛ a leŋ Gyuuma abee nala hʋ aa bɩ yaa Gyuuma buloŋ yaa nɩmmabalɩya a kaŋ tol wɩweliye hʋ ʋ aa mara biŋ ʋ nala tɩyaŋ. Lagɩlagɩ no, ba buloŋ nɛ kaŋ tol wɩweliye hʋ Wɩɩsɩ aa tɩŋ Yesu Krisita tɩyaŋ a we nyʋwa baa ʋ sɩ kpa tɩya ma hʋ tɩyaŋ."
7,"God treated me with kindness. His power worked in me, and it became my job to spread the good news.","Wɩɩsɩ bɔnyɛ tɩyaŋ, ʋ leŋ ŋ yaa ʋ tʋŋtʋnnɩ rɛ aŋ tɩya ŋ dee mɛ dɩ ŋ basɩ ʋ wɩweliye hʋ a tɩya nala."
8,I am the least important of all God's people. But God was kind and chose me to tell the Gentiles that because of Christ there are blessings that cannot be measured.,"Wɩɩsɩ nala buloŋ tɩyaŋ, mɩyaŋ nɛ yaa ba nɩbiye, ka Wɩɩsɩ lɩɩ ŋ ʋ bɔnyɛ tɩyaŋ dɩ ŋ mʋ basɩ ʋ wɩweliye hʋ aa daga anɩɩ wɩweliye hʋ aa we Krisita gyɩmɩɩ tɩyaŋ bɩ kaŋ magɩsɩɩ a tɩya nala hʋ aa bɩ yaa Gyuuma,"
10,Then God would use the church to show the powers and authorities in the spiritual world that he has many different kinds of wisdom.,Ʋ yaa gɛɛ rɛ dɩ gyɩnaŋ sɩgballɩya no dɩ ʋ tɩŋ nala hʋ aa laa Krisita wɩya di tɩyaŋ a leŋ dɩ kɩbɔmɔ hʋ á aa bee na ka ba kaŋ dee aŋ kɩ deŋ leye na Wɩɩsɩ wɩgyʋŋ wɩɩ buloŋ tɩyaŋ.
11,God did this according to his eternal plan. And he was able to do what he had planned because of all Christ Jesus our Lord had done.,"Wɩɩsɩ vʋʋlɩ wɩɩ no yayɩ biŋ nɛ a lɩɩ piili hʋ tɩyaŋ buloŋ, aŋ ko tɩŋ á Tɩɩna Yesu Krisita tɩyaŋ a leŋ wɩɩ hʋ kɔnɩ yaa."
12,"Christ now gives us courage and confidence, so we can come to God by faith.","Á bee Krisita aa yaa kɩdɩgɩ wɩya abee á aa laa ʋ di wɩya, á aa wuwo mʋ Wɩɩsɩ sɩya rɛ, aŋ bee fa kambɩŋ."
13,"This is why you should not be discouraged when I suffer for you. After all, it will bring honor to you. Christ's Love for Us",Ɛɛwɩya ŋ yaŋ aa sʋla ma rɛ ma ta leŋ dɩ ma tenni ko kɩ yʋwɔrɩ akuu tʋwara hʋ ŋ aa naa ma wɩya wɩya. Beewɩya ma weliŋ wɩya rɛ ŋ kɩ na tʋwara no buloŋ. Pɔɔl sʋla Wɩɩsɩ tɩya Ɛfiso tɩmma
15,All beings in heaven and on earth receive their life from him.,"Kɩwiyesii buloŋ doho aa we wɩɩsɩbee tɩyaŋ abee taŋha nyuu tɩyaŋ, ʋ rɛ yaa ba buloŋ kuwo."
17,and that Christ will live in your hearts because of your faith. Stand firm and be deeply rooted in his love.,"dɩ Krisita tɩŋ ma laadii tɩyaŋ a we ma tɩsɩ tɩyaŋ. Ŋ bɩl aa sʋla ʋ rɛ dɩ ma wɩyaalɩɩ buloŋ lɩɩ kyori tɩyaŋ,"
18,I pray that you and all God's people will understand what is called wide or long or high or deep.,dɩ gɛɛ leŋ dɩ ma bee ʋ nala buloŋ kaŋ dee a wuwo gyɩŋ kyori hʋ Krisita aa kana beel-ma gyalɩŋ abee ʋ doluŋ abee ʋ gyɩnɩɩ abee ʋ luŋiŋ.
19,"I want you to know all about Christ's love, although it is too wonderful to be measured. Then your lives will be filled with all that God is.",Ŋ wɩɩsʋlɩɩ rɛ bɩl yaa dɩ ʋ leŋ dɩ ma gyɩŋ kyori no aa bɩ kaŋ magɩsɩɩ dɩ gɛɛ leŋ dɩ ma ko kɩɩ Wɩɩsɩ tɩɩ kɩɩ mʋ teŋ.
21,I pray that Christ Jesus and the church will forever bring praise to God. His power at work in us can do far more than we dare ask or imagine. Amen.,"Á nala hʋ buloŋ aa laa Yesu Krisita wɩya di, ka á beel-ʋ yaa kɩdɩgɩ, ma leŋ dɩ ʋ feŋ yɩrɩ saŋa buloŋ, a kaŋ kɩ mʋ maakyiye buloŋ. Amɩ."
1,"As a prisoner of the Lord, I beg you to live in a way that is worthy of the people God has chosen to be his own.","Mɩyaŋ Pɔɔl, nal hʋ ba aa kaŋ tɔ dɩyaŋ á Tɩɩna tʋma hʋ wɩya, ŋ aa sʋl ma nala hʋ Wɩɩsɩ aa yɩra rɛ dɩ ma leŋ dɩ ma mɩɩbol tɩyaŋ wɩyaalɩya buloŋ kpa ŋmanɩɩ hʋ Wɩɩsɩ aa daga ma saŋa hʋ ʋ aa yɩrɩ ma."
2,Always be humble and gentle. Patiently put up with each other and love each other.,"Ma leŋ dɩ ma sɩya tuu taŋha, a kaŋ ma tɩɩ kɩ hʋwɔlɩ. Ma kaŋ kenyiri bee dɔmɔŋ a gyɩŋ kaŋ dɔmɔŋ weliŋ abee kyori."
3,Try your best to let God's Spirit keep your hearts united. Do this by living at peace.,Ma yaa ma sɩfɩyaŋ buloŋ a leŋ dɩ fɩyɛlʋʋ hʋ aa kaŋ ma kɩ pɛ dɔmɔŋ leŋ dɩ ma marɩ kaŋ nyʋʋdɩgɩ hʋ Wɩɩsɩ Wiyesi Welii hʋ aa tɩya ma weliŋ.
4,"All of you are part of the same body. There is only one Spirit of God, just as you were given one hope when you were chosen to be God's people.","Wɩɩsɩ Wiyesi Welii hʋ aa we á buloŋ tɩyaŋ yaa kɩdɩgɩ rɛ. Ɛɛwɩya, á yaa kɩdɩgɩ rɛ. Ɛɛ tɩɩ rɛ Wɩɩsɩ yɩrɩ ma á kaŋ bayɩyɛldɩgɩ dʋŋ mɛ."
6,"There is one God who is the Father of all people. Not only is God above all others, but he works by using all of us, and he lives in all of us.",Wɩɩdɩgɩ dʋŋ nɛ we doŋ. Ʋ rɛ yaa á buloŋ Kuwo. Ʋ rɛ aa deŋ á buloŋ. Ʋ we á tɩsɩ tɩyaŋ nɛ a kaŋ ma kɩ tʋma.
8,"As the Scriptures say, “When he went up to the highest place, he led away many prisoners and gave gifts to people.”","Ɛɛ rɛ tɩŋ ba sabɩ Wɩɩsɩ teŋ logiŋ kɩdɩgɩ tɩyaŋ a baa, “Saŋa hʋ ʋ aa gyɩŋ mʋ wɩɩsɩnyuu, Ʋ gyɩ kasɩ nala hʋ ʋ aa yuwo di tɩŋa ʋ hal lɛ, aŋ kpa ʋ bɔnyɛ kɩna tɩya nala.”"
9,"When it says, “he went up,” it means that Christ had been deep in the earth.","Dɩ ba aa rɛ baa dɩ ʋ gyɩŋ wɩɩsɩnyuu, ɛɛ daga anɩɩ ʋ laasɩya lɩɩ wɩɩsɩnyuu ko tuu taŋha rɛ."
10,"This also means that the one who went deep into the earth is the same one who went into the highest heaven, so he would fill the whole universe.","Nal hʋ aa ko tuu taŋha, ʋ tɩɩ rɛ bɩl gyɩŋ wɩɩsɩnyuu gɛɛ, a parɩ leye hʋ aa we wɩɩsɩnyuu gyɩŋ mʋ, dɩ gɛɛ leŋ dɩ ʋ we lee buloŋ tɩyaŋ."
13,"This will continue until we are united by our faith and by our understanding of the Son of God. Then we will be mature, just as Christ is, and we will be completely like him.","a kaŋ mʋ pele saŋa hʋ á buloŋ aa sɩ yaa kɩdɩgɩ Krisita laadii tɩyaŋ, á gyɩŋ Wɩɩsɩ Biye hʋ ŋmaŋdɩgɩ tɩyaŋ, a yaa nala aa gyige Krisita tɩyaŋ aŋ kɩɩ ʋ á wɩɩ buloŋ tɩyaŋ."
14,"We must stop acting like children. We must not let deceitful people trick us by their false teachings, which are like winds that toss us around from place to place.","Ʋ gɛɛ tɩyaŋ, á bɩl bɩ sɩ kɩɩ gɛɛ anɩɩ haŋbiisi Wɩɩsɩ wɩya hʋ tɩyaŋ dɩ nala badɔmɔŋ wɩdagɩya kaŋ á hakɩllɩ gɔllɩ viisi kɩ baŋ anɩɩ puwo aa kaŋ nɩɩduworiboro gɔllɩ kɩ viisi nɩɩ tɩyaŋ gɛɛ. Nala no aa kpa dawarɩ rɛ a mʋrɩ nala ba laa wɩnyɩyɛl di anɩɩ wɩtɩɩ rɛ."
17,"As a follower of the Lord, I order you to stop living like stupid, godless people.","Á Tɩɩna Wɩɩsɩ feŋ tɩyaŋ, ŋ aa kpaanɩ ma sɩfɩyaŋ, ma ta bɩl leŋ dɩ ma mɩɩbol wɩyaalɩya kɩɩ nala hʋ aa bɩ gyɩŋ Wɩɩsɩ. Ba tɩbɩɩna buloŋ yaa wɩtɔɔnɩ rɛ,"
18,"Their minds are in the dark, and they are stubborn and ignorant and have missed out on the life that comes from God. They no longer have any feelings about what is right,","ka ba hakɩllɩ mɛ ha we bilhuu tɩyaŋ. Ba bɩ kaŋ tol mɩɩbofalɩɩ hʋ aa lɩɩ Wɩɩsɩ lee tɩyaŋ, beewɩya ba bɩ gyɩŋ wɩɩ buloŋ akuu ba aa kaŋ faasɩŋ wɩya, aŋ bɩ vʋwa dɩ ba gyɩŋ wɩɩ buloŋ mɛ."
21,"But this isn't what you were taught about Jesus Christ. He is the truth, and you heard about him and learned about him.",Ŋ gyɩma anɩɩ ba basɩ ʋ wɩya tɩya ma rɛ a daga ma wɩtɩɩ hʋ buloŋ aa we ʋ wɩya tɩyaŋ.
22,You were told that your foolish desires will destroy you and that you must give up your old way of life with all its bad habits.,"Ɛɛwɩya, ma kpa gyogibɩnɩya hʋ ma fa aa kana buloŋ ta. Gyogo no rɛ fa tɩŋ ma fa kɩ yaa haŋ wɩya hʋ. Gyogibɩnɩya hʋ ma fa aa kana, ba fa leŋ ma hakɩllɩ we wɩya hʋ aa mʋrɩ ma, aŋ kɩ yalmɩ ma dʋŋ tɩyaŋ nɛ."
23,Let the Spirit change your way of thinking,Ma tɩsɩ bee ma hakɩllɩ buloŋ maga dɩ ba bɩrɩmɩ kɩfalɩya rɛ.
24,"and make you into a new person. You were created to be like God, and so you must please him and be truly holy. Rules for the New Life",Ma kpa ma gyogifalɩya hʋ laalɩ anɩɩ ɩ aa wuri gabɩnɩɩ ta aŋ kpa gafalɩɩ laalɩ gɛɛ. Wɩɩsɩ marɩ ma gyogifalɩɩ no ʋ kɩɩ ʋ rɛ a kaŋ wɩtɩɩ bee tɩpʋlʋŋ aŋ bɩ kaŋ bisiŋ buloŋ.
25,We are part of the same body. Stop lying and start telling each other the truth.,"Ɛɛwɩya, ma ta bɩl kɩ nyɩya wɩya. Ma leŋ dɩ nal buloŋ basɩ wɩtɩɩ a tɩya ʋ dɔŋtɩɩna, beewɩya á buloŋ yaa Krisita teŋbidɩgɩ hʋ logimo rɛ."
26,Don't get so angry that you sin. Don't go to bed angry,"Dɩ ɩ rɛ ko na baaŋ, ta leŋ dɩ baaŋ hʋ leŋ dɩ ɩ yaa wɩbɔŋ. Ta naa baaŋ gɛɛ dɩ wɩɩsɩ mʋ gyʋʋ."
27,and don't give the devil a chance.,Ma ta leŋ dɩ Sɩtaanɩ na ŋmanɩɩ a mʋrɩ ma.
28,"If you are a thief, quit stealing. Be honest and work hard, so you will have something to give to people in need.","Nal hʋ buloŋ fa aa yaa gaal, ʋ maga dɩ ʋ leŋ gaal lɛ, aŋ kyɛ tʋŋweliye kɩ tʋma, a wuwo na ʋ tɩɩ kɩkyɛɛlɩya, aŋ wuwo pɛ nyaaba mɛ tɩyaŋ."
29,Stop all your dirty talk. Say the right thing at the right time and help others by what you say.,Ma ta leŋ dɩ wɩgyaga buloŋ lɩɩ ma nyʋwa tɩyaŋ. Amɛ ma leŋ dɩ ma wɩbasɩya buloŋ yaa wɩya aa fɩyɛlɩ nala bembiye ba wɩgyʋʋlɩya tɩyaŋ. Ɛɛ rɛ ma wɩbasɩya sɩ kaŋ tɔnɔ a tɩya nala hʋ aa nɩɩ ba.
30,Don't make God's Spirit sad. The Spirit makes you sure that someday you will be free from your sins.,Ma ta leŋ dɩ Wɩɩsɩ Wiyesi Welii tɩya kyogi. Beewɩya ʋ rɛ Wɩɩsɩ kpa magɩlɩ ma a daga anɩɩ kyɛɛ kɩdɩgɩ sɩ pele dɩ ʋ laa ma ta.
31,Stop being bitter and angry and mad at others. Don't yell at one another or curse each other or ever be rude.,"Ma ta laa wɩya kɩ we ma funi tɩyaŋ. Ma leŋ baaŋ tɔɔnɩ nayɩ, a ta kɩ nɔsɩ nala waasʋ-waasʋ mɛ. Ma ta kɩ kyogi nala fene, a ta haasɩ nal buloŋ mɛ."
32,"Instead, be kind and merciful, and forgive others, just as God forgave you because of Christ.","Amɛ ma kaŋ bɔnyɛ bee dɔmɔŋ, a kɩ fá dɔmɔŋ sikii. Ma kpa wɩya kɩ kyɛ dɔmɔŋ anɩɩ Wɩɩsɩ aa tɩŋ Krisita tɩyaŋ a kpa ma wɩbɔmɔ buloŋ kyɛ ma gɛɛ."
1,"Do as God does. After all, you are his dear children.","Ma aa yaa Wɩɩsɩ biikyooliye wɩya, ʋ maga dɩ ma yaa sɩfɩyaŋ nɛ aŋ kɩɩ ʋ ma wɩyaalɩya buloŋ tɩyaŋ."
2,Let love be your guide. Christ loved us and offered his life for us as a sacrifice that pleases God.,"Ma kyo dɔmɔŋ anɩɩ gɛɛ hʋ Krisita tɩɩ aa kyo ma, a kpa ʋ tɩɩ mɩɩbol lɩɩ wɩɩsʋlɩɩ tɩya Wɩɩsɩ á wɩya. Wɩɩsʋlɩɩ no kɩɩ kɩŋ sʋwala aa sʋma rɛ a leŋ Wɩɩsɩ teŋ fɩyɛlɩ."
3,"You are God's people, so don't let it be said that any of you are immoral or indecent or greedy.","Ma aa yaa Wɩɩsɩ nala wɩya, ʋ bɩ maga dɩ sɔŋsɔŋ wɩya koo bisiŋ wɩya koo tɩbawɩya iriŋ kɛ buloŋ we ma tɩyaŋ."
4,"Don't use dirty or foolish or filthy words. Instead, say how thankful you are.","Ʋ bɩ maga dɩ ma kɩ basɩ nɩlaaŋ-wɩya koo wɩvɩyagyɩmɩya koo dɩ ma kɩ yaa sɩya bɔŋlɔrɩnɩ, amɛ ʋ maga dɩ ma kɩ kyʋwalɩ Wɩɩsɩ aŋgyʋwasʋ rɛ."
5,"Being greedy, indecent, or immoral is just another way of worshiping idols. You can be sure people who behave in this way will never be part of the kingdom that belongs to Christ and to God. Living as People of Light","Ma gyɩŋ tɩya ma tɩɩ weliŋ anɩɩ sɔŋsɔnnɔ abee nɩlaama abee nala hʋ aa kaŋ tɩbal bɩ sɩ maakyiye kaŋ lee Krisita bee Wɩɩsɩ koro hʋ tɩyaŋ, beewɩya nal hʋ buloŋ aa kaŋ tɩbal kɩ kyɛ kɩna, kɩna hʋ aa mɩɩgɩ bɩrɩmɩ ʋ tɩɩna vʋga rɛ ʋ kɩ marɩ."
6,Don't let anyone trick you with foolish talk. God punishes everyone who disobeys him and says foolish things.,Ma ta leŋ dɩ nal buloŋ kpa wɩtɔɔnɩ a mʋrɩ ma. Beewɩya wɩya no tɩɩ wɩya rɛ tɩŋ Wɩɩsɩ baaŋ sɩ sii nala hʋ aa bee tɩŋ ʋ nyʋwa tɩyaŋ.
7,So don't have anything to do with anyone like that.,"Ɛɛwɩya, ma ta leŋ dɩ ma bee nɩtesi no kɩ pɛ wɩɩ buloŋ."
8,"You used to be like people living in the dark, but now you are people of the light because you belong to the Lord. So act like people of the light","Saŋa kɩdɩgɩ tɩyaŋ ma tɩɩ mɛ fa we bilhuu tɩyaŋ nɛ. Amɛ akuu ma bee Krisita aa yaa kɩdɩgɩ wɩya, nyɛ kɛ ma we pʋlʋŋ tɩyaŋ nɛ. Ɛɛwɩya, ma leŋ dɩ ma wɩyaalɩya daga anɩɩ ma kɔnɩ we pʋlʋŋ tɩyaŋ nɛ."
9,"and make your light shine. Be good and honest and truthful,","Beewɩya pʋlʋŋ no rɛ aa leŋ nal kɩ yaa weliye iriŋ kɛ buloŋ, a kaŋ tɩpʋlʋŋ abee wɩtɩɩ."
11,"Don't take part in doing those worthless things that are done in the dark. Instead, show how wrong they are.",Ma lɩɩ ma tɩɩ bilhuu tɩyaŋ wɩyaalɩya hʋ aa bɩ kaŋ tɔnɔ tɩyaŋ aŋ leŋ dɩ nala gyɩma anɩɩ wɩya no yayɩ bɩ weliye.
13,But the light will show what these things are really like.,"Amɛ dɩ pʋlʋŋ nɛ ko kyaanɩ we kɩŋ tɩyaŋ, nal buloŋ aa gyɩŋ kɩŋ hʋ iriŋ ʋ aa yaa rɛ."
14,"Light shows up everything, just as the Scriptures say, “Wake up from your sleep and rise from death. Then Christ will shine on you.”","Beewɩya pʋlʋŋ nɛ aa leŋ kɩ buloŋ lɩɩ lɩgyalɩɩ. Ɛɛ rɛ tɩŋ ba basɩ baa, “Ɩ nal hʋ aa pɩŋ doo, sii sʋʋ tɩyaŋ, Krisita sɩ kyaanɩ we ɩ.”"
17,"Don't be stupid. Instead, find out what the Lord wants you to do.",Ma ta yaa bambugo. Ʋ maga dɩ ma yaa sɩfɩyaŋ nɛ dɩ ma gyɩŋ wɩɩ hʋ á Tɩɩna Wɩɩsɩ aa kyɛ dɩ ma yaa.
18,"Don't destroy yourself by getting drunk, but let the Spirit fill your life.","Ma ta nyʋwa sɩŋ kɩ bugo, beewɩya yalmɩɩ dʋŋ nɛ bugii kaŋ kɩ ko. Amɛ ma leŋ dɩ Wɩɩsɩ Wiyesi Welii su ma tɩsɩ tɩyaŋ."
19,"When you meet together, sing psalms, hymns, and spiritual songs, as you praise the Lord with all your heart.",Ma kpa teŋpolli yɩɩla abee Wɩɩsɩ wɩbii hʋ a kɩ kyagɩlɩ dɔmɔŋ. Ma yɩɩ yɩɩla kɩ dannɩ Wɩɩsɩ ma tɩsɩ tɩyaŋ.
20,Always use the name of our Lord Jesus Christ to thank God the Father for everything. Wives and Husbands,"Saŋa kɛ buloŋ abee wɩɩ kɛ buloŋ tɩyaŋ, ma kɩ kyʋwalɩ á kuwo Wɩɩsɩ aŋgyʋwasʋ á Tɩɩna Yesu Krisita feŋ tɩyaŋ. Baala bee haana"
22,"A wife should put her husband first, as she does the Lord.","Haana, ma kaŋ ma tɩɩ hʋwɔlɩ ma balama lee anɩɩ ma aa kaŋ ma tɩɩ hʋwɔlɩ á Tɩɩna Krisita lee gɛɛ,"
23,"A husband is the head of his wife, as Christ is the head and the Savior of the church, which is his own body.",beewɩya baal kaŋ dee ʋ haaŋ nyuu tɩyaŋ anɩɩ Krisita mɛ aa kaŋ dee nala hʋ aa laa ʋ wɩya di nyuu tɩyaŋ gɛɛ. Krisita rɛ yaa nala hʋ aa laa ʋ wɩya di a yaa ʋ teŋbii hʋ buloŋ laataal.
25,A husband should love his wife as much as Christ loved the church and gave his life for it.,"Baala, ma kyo ma haana anɩɩ Krisita aa kyo nala hʋ aa laa ʋ wɩya di gɛɛ, a sʋba ba wɩya."
26,"He made the church holy by the power of his word, and he made it pure by washing it with water.","Ʋ sʋba ba wɩya gɛɛ dɩ ʋ wuwo kpa ba tɩya Wɩɩsɩ rɛ, a kpa ʋ tɩɩ wɩbii hʋ a sasɩ ba wɩbɔmɔ ta anɩɩ gɛɛ hʋ ba aa kpa nɩɩ a fo nal."
27,"Christ did this, so he would have a glorious and holy church, without faults or spots or wrinkles or any other flaws.","Dɩ ʋ bɩl leŋ dɩ nala hʋ aa laa ʋ wɩya di yaa ʋ tɩɩ nala, a yaa nɩtɩɩma a weliye mʋ teŋ a bɩ kaŋ gyoŋ kɛ iriŋ buloŋ."
28,"In the same way, a husband should love his wife as much as he loves himself. A husband who loves his wife shows he loves himself.","Ɛɛ tɩɩ rɛ ʋ maga dɩ baal buloŋ mɛ kyo ʋ haaŋ anɩɩ ʋ aa kyo ʋ tɩɩ gɛɛ. Baal hʋ buloŋ aa kyo ʋ haaŋ, ʋ kyo ʋ tɩɩ rɛ."
29,"None of us hate our own bodies. We provide for them and take good care of them, just as Christ does for the church,","Nal buloŋ tuwo a haasɩ ʋ tɩɩ. Nal buloŋ kyo ʋ tɩɩ rɛ, a kɩ deŋ ʋ tɩɩ nyuu weliŋ. Ɛɛ tɩɩ rɛ Krisita kɩ deŋ nala hʋ aa laa ʋ wɩya nyuu tɩyaŋ mɛ,"
30,because we are each part of his body.,beewɩya ámaa rɛ yaa ʋ teŋbii logimo.
31,"As the Scriptures say, “A man leaves his father and mother to get married, and he becomes like one person with his wife.”","Ba basɩ nyɛ rɛ Wɩɩsɩ teŋ tɩyaŋ a baa, “Wɩɩ no wɩya rɛ tɩŋ baal aa leŋ ʋ naa abee ʋ kuwo, ka ʋ bee ʋ haaŋ mal dɔmɔŋ a bɩrɩmɩ nɩdɩgɩ.”"
32,"This is a great mystery, but I understand it to mean Christ and his church.",Wɩɩ no yaa wɩduwo rɛ a yaa wɩfaŋɩɩ mɛ. Amɛ ŋ kɛ gyɩma anɩɩ Krisita bee nala hʋ aa laa ʋ wɩya di wɩya rɛ ba basɩ doŋ gɛɛ.
33,"So each husband should love his wife as much as he loves himself, and each wife should respect her husband.","Ɛɛwɩya ʋ maga dɩ ma kɩdɩgɩ buloŋ kyo ʋ haaŋ nɛ anɩɩ ʋ aa kyo ʋ tɩɩ gɛɛ, a maga dɩ haaŋ buloŋ mɛ kɩ tɩya ʋ bala gyɩrɩma."
1,"Children, you belong to the Lord, and you do the right thing when you obey your parents. The first commandment with a promise says,","Biisi, ma kɩ tɩŋ ma kuwoma abee ma nɩmma nyʋwa. Beewɩya Wɩɩsɩ ŋmanɩɩ tɩyaŋ, ɛɛ yaa wɩɩ aa maga dɩ ma kɩ yaa rɛ."
4,"Parents, don't be hard on your children. Raise them properly. Teach them and instruct them about the Lord. Slaves and Masters","Mamaa kuwoma, ma ta kaŋ ma biisi lɔgɩlɩɩ, dɩ ba baaŋ kɩ sii. Amɛ ma kɩ deŋ ba weliŋ, a kɩ daga ba weliŋ dɩ ba gyɩŋ Wɩɩsɩ ŋmanɩɩ a kɩ tɩŋa. Yosi abee ba tɩmma"
5,"Slaves, you must obey your earthly masters. Show them great respect and be as loyal to them as you are to Christ.","Ma nala hʋ aa yaa yosi, ma kɩ tɩŋ ma tɩmma nyʋwa dʋnɩya no tɩyaŋ. Ma kɩ fa ba a kɩ tɩya ba gyɩrɩma, a kɩ tɩŋ ba abee tɩdɩgɩ anɩɩ gɛɛ ma aa sɩ tɩŋ Krisita."
6,"Try to please them at all times, and not just when you think they are watching. You are slaves of Christ, so with your whole heart you must do what God wants you to do.","Ma ta kuu ma tɩmma aa sɩŋ kɩ deŋ ma wɩya, koo ma aa kyɛ dɩ ma yaa laa gyaaŋbiye dʋŋ wɩya a kɩ tɩŋ ba nyʋwa. Amɛ, akuu ma aa yaa Krisita yosi wɩya, ma kɩ tɩŋ Wɩɩsɩ kyɛrɩ abee ma tɩsɩ buloŋ."
7,"Gladly serve your masters, as though they were the Lord himself, and not simply people.","Ma ko kɩ tʋŋ tʋma mɛ, ma kɩ tɩma abee ma hakɩla aŋ kpa ʋ anɩɩ Krisita rɛ ma tʋma kɩ tɩya, nihuwobisi daa."
8,"You know that you will be rewarded for any good things you do, whether you are slaves or free.","Beewɩya ma gyɩma nɩɩ dɩ nal lɛ yaa wɩwelii, á Tɩɩna Wɩɩsɩ aa tun-ʋ wɩwelii hʋ tuno rɛ dɩ tɩɩna yaa yoŋ koo ʋ bɩ yaa yoŋ."
9,"Slave owners, you must treat your slaves with this same respect. Don't threaten them. They have the same Master in heaven that you do, and he doesn't have favorites. The Fight against Evil","Ma nala hʋ aa kaŋ yosi, ɛɛ tɩɩ rɛ ʋ maga dɩ ma mɛ kaŋ ba weliŋ, a ta kɩ fugisi ba. Beewɩya ma gyɩma anɩɩ ma beel-ba buloŋ tɩɩna yaa kɩdɩgɩ rɛ a we wɩɩsɩbee tɩyaŋ. Á buloŋ yaa kɩdɩgɩ rɛ ʋ lee. Ʋ bee lugisi nala. Bayuwo kɩna hʋ Wɩɩsɩ aa kpaa tɩya ma"
11,"Put on all the armor that God gives, so you can defend yourself against the devil's tricks.",Ma paa bayuwo kɩna hʋ Wɩɩsɩ aa kpaa tɩya ma buloŋ nyʋgɩlɩ anɩɩ bayuwol. Ɛɛ rɛ ma sɩ wuwo pɔ ma tɩɩ dɩ Sɩtaanɩ ta wuwo kpa ʋ dawarɩ ŋmaŋsɩ a mʋrɩ ma.
12,We are not fighting against humans. We are fighting against forces and authorities and against rulers of darkness and powers in the spiritual world.,"Beewɩya á bee nihuwobisi daa aa kaa. Amɛ á bee kɩbɔmɔ hʋ á aa bee na, ka ba kaŋ dee a kɩ deŋ leye, abee vʋgɩduwoni hʋ aa we gyɩnaŋ bilhuu no tɩyaŋ, á beel-ba rɛ aa kaa."
13,"So put on all the armor that God gives. Then when that evil day comes, you will be able to defend yourself. And when the battle is over, you will still be standing firm.","Ɛɛwɩya, ma paa ma bayuwo kɩna hʋ buloŋ Wɩɩsɩ aa kpaa tɩya ma a nyʋgɩlɩ. Dɩ kyɛɛ hʋ buloŋ Sɩtaanɩ aa sɩ kpa kpanɩma kyem-ma rɛ ko puu ma, ma sɩ sɩŋ pɔ, a yuwo lɩɩ, ka dɩ mamaa rɛ yaŋ ko yuwo lɩɩ gɛɛ mʋ teŋ, ma ha sɩ sɩŋ ma lɩsɩnɩɩ."
14,"Be ready! Let the truth be like a belt around your waist, and let God's justice protect you like armor.","Ɛɛwɩya, ma sɩŋ kpaŋkpaŋ, a leŋ dɩ wɩtɩɩ hʋ ma aa kana bee Wɩɩsɩ vʋwa ma tɩŋsɩ anɩɩ tɛpɩɩŋbii, a leŋ dɩ ma tɩpʋlʋŋ kɩɩ gɛɛ anɩɩ hɔgɩ a tɔ ma bembiye,"
15,Your desire to tell the good news about peace should be like shoes on your feet.,a leŋ dɩ siri hʋ ma aa yaa saŋa buloŋ dɩ ma basɩ Wɩɩsɩ wɩweliye hʋ aa kaŋ fɩyɛlʋʋ wɩya tɩya nala kɩɩ gɛɛ anɩɩ ma naatɔbɔ ma aa tʋwa.
16,"Let your faith be like a shield, and you will be able to stop all the flaming arrows of the evil one.","Ba buloŋ hal tɩyaŋ, ma ha leŋ dɩ ma Wɩɩsɩ laadii kɩɩ gɛɛ anɩɩ hɔgɩgyalɩɩ ma aa kaŋ geesi tɔ ma sɩya dɩɩlaŋ. Ʋ rɛ ma sɩ wuwo kpa a kyeŋ laa Sɩtaanɩ hama hʋ aa kyol diŋ hʋ buloŋ dɩ ba dɩsɩ."
17,"Let God's saving power be like a helmet, and for a sword use God's message that comes from the Spirit.","Ma kpa Wɩɩsɩ laatayɩ hʋ ma aa kana a kyigi tɔ ma nyuni anɩɩ hɔgɩ-nyupugi, ka dɩ ma kolo Wɩɩsɩ wɩbii hʋ mɛ Wiyesi Welii hʋ aa daga ma anɩɩ takoobii."
18,"Never stop praying, especially for others. Always pray by the power of the Spirit. Stay alert and keep praying for God's people.","Ma kɩ kyʋwalɩ Wɩɩsɩ saŋa buloŋ, wɩɩ buloŋ tɩyaŋ, Wiyesi Welii hʋ dee tɩyaŋ. Wɩɩ no wɩya, ma ta kaŋ kɩ yaa kyɔɔ. Ma sʋla Wɩɩsɩ kɩ tɩya Wɩɩsɩ nala buloŋ saŋa buloŋ."
20,"I was sent to do this work, and this is the reason I am in jail. So pray that I will be brave and will speak as I should. Final Greetings","Wɩɩ no wɩya rɛ tɩŋ ŋ laa Krisita naasɩ sɩŋ, haalɩ ba kana ŋ tɔ dɩyaŋ gɛɛ wɩya. Ma sʋla Wɩɩsɩ kɩ tɩya ŋ, dɩ ʋ tɩya ŋ nyuduwo dɩ ŋ wuwo basɩ Krisita wɩweliye hʋ anɩɩ gɛɛ ŋ aa maga dɩ ŋ basɩ ba. Wɩkateŋsi"
22,"I want you to know how I am getting along and what I am doing. This is why I am sending Tychicus to you. He is a dear friend, as well as a faithful servant of the Lord. He will tell you how I am doing, and he will cheer you up.","Ɛɛ rɛ tɩŋ ŋ kɩ tɩma ʋ ma lee, dɩ ʋ ko leŋ dɩ ma gyɩŋ gɛɛ á buloŋ hɔnɩɩ aa kɩya daha tɩyaŋ, ka dɩ ʋ leŋ dɩ ma tenni polli."
23,"I pray that God the Father and the Lord Jesus Christ will give peace, love, and faith to every follower!","Á kuwo Wɩɩsɩ abee á Tɩɩna Yesu Krisita sɩ leŋ dɩ á nɩmmabalɩya hʋ buloŋ aa laa Yesu wɩya di hɔŋ abee laaŋfɩya, a kyo dɔmɔŋ, a laa Wɩɩsɩ di weliŋ mɛ."
24,May God be kind to everyone who keeps on loving our Lord Jesus Christ.,Á Tɩɩna Wɩɩsɩ sɩ kpa ʋ bɔnyɛ daga nala hʋ buloŋ aa kyo á Tɩɩna Yesu Krisita abee kyori hʋ aa bɩ kaŋ tenii.
1,"From Paul and Timothy, servants of Christ Jesus. To all God's people who belong to Christ Jesus at Philippi and to all your bishops and deacons.","Mɩyaŋ Pɔɔl abee Timoti aa yaa Yesu Krisita tʋŋtʋnna rɛ sabɩ teŋ no a kɩ tɩya Wɩɩsɩ nala hʋ bee Krisita aa yaa kɩdɩgɩ a we Filipi tɩyaŋ, abee ba sɩlaala abee nala hʋ aa kyiyeli sɩlaala hʋ buloŋ."
2,I pray that God our Father and the Lord Jesus Christ will be kind to you and will bless you with peace! Paul's Prayer for the Church in Philippi,Á Kuwo Wɩɩsɩ abee á Tɩɩna Yesu Krisita bɔnyɛ abee ba fɩyɛlʋʋ sɩ we ma lee. Pɔɔl kyʋwalɩ Wɩɩsɩ kɩ tɩya Krisitabiisi aa we Filipi tɩyaŋ
5,This is because you have taken part with me in spreading the good news from the first day you heard about it.,"beewɩya a lɩɩ kyɛɛ hʋ ma aa nɩɩ Wɩɩsɩ wɩweliye hʋ a kaŋ kɩ ko gyɩnaŋ, ma aa kyiyeli ŋ nɛ, ŋ wuwo basɩ Wɩɩsɩ wɩweliye hʋ kɩ tɩya nala."
6,"God is the one who began this good work in you, and I am certain that he won't stop before it is complete on the day that Christ Jesus returns.","Ŋ laa di rɛ anɩɩ Wɩɩsɩ aa piili tʋŋwelii no ma tɩsɩ tɩyaŋ, ɛɛ tɩɩ rɛ ʋ sɩ kɩ tʋma ma tɩyaŋ a kaŋ mʋ teŋ kyɛɛ hʋ á Tɩɩna Yesu Krisita aa sɩ mɩɩgɩ ko."
8,God himself knows how much I want to see you. He knows I care for you in the same way Christ Jesus does.,Wɩɩsɩ tɩɩ rɛ yaa ŋ daŋsɩya anɩɩ ŋ aa baa ŋ kyo ma rɛ weliŋ anɩɩ Yesu Krisita tɩɩ aa kyo ma gɛɛ.
11,Jesus Christ will keep you busy doing good deeds that bring glory and praise to God. What Life Means to Paul,"Nyɛ rɛ sɩ leŋ dɩ ma mɩɩgɩ kaŋ gyogiweliye hʋ Yesu Krisita dʋŋ aa sɩ wuwo tɩya ma, dɩ nala na a dannɩ Wɩɩsɩ a kpa ʋ yohuŋ. Mɩɩbol tɩyaŋ sɩfɩyaŋ wɩɩ rɛ yaa Yesu Krisita tʋma"
12,"My dear friends, I want you to know that what has happened to me has helped to spread the good news.","Ŋ naabalɩya, ŋ aa kyɛ dɩ ma gyɩma rɛ anɩɩ ŋ wɩgyʋʋlɩya no buloŋ marɩ leŋ Yesu Krisita wɩweliye hʋ pɩsa mʋ lee buloŋ nɛ."
13,The Roman guards and all the others know I am here in jail because I serve Christ.,Ɛɛ yaŋ leŋ kuworibee pʋpɔɔlɔ hʋ abee nɩkaalɩya hʋ buloŋ aa we daha gyɩma anɩɩ ŋ aa yaa Krisita tʋŋtʋnnɩ wɩya rɛ tɩŋ ba kana ŋ tɔ nɩtɔdɩya tɩyaŋ.
15,Some are preaching about Christ because they are jealous and envious of us. Others are preaching because they want to help.,"Wɩtɩɩ rɛ, tɩhɔllɩ bee hadɔrɩ rɛ tɩŋ nala badɔmɔŋ kɩ basɩ Krisita wɩya. Amɛ badɔmɔŋ mɛ, tɩbɩɩŋweliye rɛ ba kaŋ kɩ basɩ Krisita wɩya."
17,But the ones who are jealous of us are not sincere. They just want to cause trouble for me while I am in jail.,Amɛ nɩkaalɩya hʋ kɛ ba tɩɩ feŋ wɩya rɛ ba kɩ yaa. Ba wɩtɩɩ bɩ suwo abee wɩya hʋ basɩɩ tɩyaŋ. Ba bɩɩna anɩɩ ba sɩ wuwo leŋ dɩ wɩya marɩ gyʋʋ ŋ nɛ nɩtɔdɩya no tɩyaŋ.
18,"But that doesn't matter. All that matters is that people are telling about Christ, whether they are sincere or not. This is what makes me glad. I will keep on being glad,","Amɛ ŋ kɛ lee ʋ bɩ yaa wɩɩ buloŋ. Dɩ tɩbɩɩŋweliye rɛ koo dɩ tɩbɩɩŋbɔmɔ rɛ ba kaŋ kɩ basɩ Krisita wɩya, ba kyo ba kɩɩ gɛɛ buloŋ mɛ, wɩɩ hʋ aa yaa sɩfɩyaŋ wɩɩ rɛ yaa, nala aa nɩɩ Krisita wɩya rɛ. Nyɛ wɩya yaa ŋ teŋfɩyɛlʋʋ rɛ saŋa buloŋ."
19,because I know that your prayers and the help that comes from the Spirit of Christ Jesus will keep me safe.,"Ŋ teŋfɩyɛlʋʋ no bɩ sɩ teŋ beewɩya ŋ gyɩma anɩɩ ma sʋla Wɩɩsɩ kɩ tɩya ŋ nɛ. Ma wɩɩsʋlɩɩ no abee Yesu Krisita Wiyesi Welii hʋ dee tɩyaŋ, ŋ gyɩma anɩɩ ba sɩ lɩɩ ŋ nɩtɔdɩya no tɩyaŋ."
21,"If I live, it will be for Christ, and if I die, I will gain even more.","Beewɩya ŋ kɛ lee, Krisita wɩya rɛ tɩŋ ŋ we ŋ mɩɩbol tɩyaŋ dɩ mɩyaŋ nɛ sʋba mɛ, ʋ yaa tɔnɔ rɛ a tɩya ŋ."
23,"It is a hard choice to make. I want to die and be with Christ, because this would be much better.",Wɩya no balɩya paga tɩyaŋ nɛ ŋ we a kaŋ kɩ lʋga. Ŋ fa kyo dɩ ŋ lɩɩ dʋnɩya no tɩyaŋ nɛ a mʋ Krisita lee. Ʋ rɛ kpɩya ŋ aa we dʋnɩya no tɩyaŋ fifi.
25,But I know that all of you still need me. This is why I am sure I will stay on to help you grow and be happy in your faith.,"Ŋ kɔnɩ laa di rɛ anɩɩ ŋ sɩ we doŋ ma buloŋ wɩya, a pɛ ma tɩyaŋ dɩ ma marɩ gyɩŋ wɩya hʋ ma aa laa di weliŋ, aŋ pɛ kaŋ teŋfɩyɛlʋʋ mɛ ba tɩŋɩɩ tɩyaŋ."
26,"Then, when I visit you again, you will have good reason to take great pride in Christ Jesus because of me.","Ɛɛwɩya, dɩ mɩyaŋ nɛ mɩɩgɩ ko ma lee, ma tenni sɩ fɩyɛlɩ Yesu Krisita tɩyaŋ akuu mɩyaŋ Pɔɔl wɩya."
27,"Above all else, you must live in a way that brings honor to the good news about Christ. Then, whether I visit you or not, I will hear that all of you think alike. I will know that you are working together and are struggling side by side to get others to believe the good news.","Nyɛ kɛ, sɩfɩyaŋ wɩɩ hʋ rɛ yaa dɩ ma leŋ dɩ ma wɩyaalɩya kɩ tɩŋ Yesu Krisita wɩweliye hʋ ŋ aa basɩ tɩya ma. Dɩ mamaa rɛ aa yaa gɛɛ, dɩ mɩyaŋ nɛ we ma lee koo dɩ ŋ tuwo ma lee, ka ŋ sɩ nɩɩ anɩɩ ma kaŋ wɩya hʋ weliŋ nɛ, a kaŋ nyʋʋdɩgɩ, a leŋ ma hakɩllɩ yaa kɩdɩgɩ, a kɩ lʋga sɩfɩyaŋ Wɩɩsɩ wɩweliye hʋ ma aa laa di dʋŋ wɩya."
28,"Be brave when you face your enemies. Your courage will show them that they are going to be destroyed, and it will show you that you will be saved. God will make all of this happen,","Ma ta kɩ fáá ma dɔmɔ kambɩŋ. Ma kaŋ nyuduwo saŋa buloŋ. Ɛɛ rɛ sɩ daga ba anɩɩ ba aa lʋga ba lɔlɔ rɛ, ka dɩ ma yuwo di beewɩya Wɩɩsɩ rɛ sɩ leŋ ma di."
29,"and he has blessed you. Not only do you have faith in Christ, but you suffer for him.","Beewɩya, Wɩɩsɩ bɩ tɩya ma ŋmanɩɩ dɩ ma laa Krisita wɩya di dʋŋ, amɛ ʋ tɩya ma ŋmanɩɩ rɛ dɩ ma pɛ na tʋwara mɛ rɛ ʋ wɩya."
30,"You saw me suffer, and you still hear about my troubles. Now you must suffer in the same way.","Ɛɛwɩya, ma nyʋgɩlɩ dɩ á buloŋ kɩ lʋga lʋgʋ hʋ. Haŋ lʋgʋ hʋ ŋ aa lʋgɩ piilii hʋ tɩyaŋ buloŋ, ʋ tɩyaŋ nɛ ŋ ha we abee gyɩnaŋ."
2,"Now make me completely happy! Live in harmony by showing love for each other. Be united in what you think, as if you were only one person.","Ɛɛwɩya, ŋ aa sʋla ma abee sɩfɩyaŋ, ma leŋ dɩ ma tɩbɩɩna yaa kɩdɩgɩ, dɩ ma kyo dɔmɔŋ weliŋ, aŋ kaŋ nyʋʋdɩgɩ abee hakɩldɩgɩ ma wɩɩ buloŋ tɩyaŋ. Nyɛ rɛ sɩ leŋ dɩ ŋ teŋ marɩ fɩyɛlɩ a mʋ teŋ."
5,and think the same way that Christ Jesus thought:,Ʋ maga dɩ ma kɩɩ Yesu Krisita rɛ ma gyogo tɩyaŋ.
8,Christ was humble. He obeyed God and even died on a cross.,"Ʋ gyɩ kaŋ ʋ tɩɩ hʋwɔlɩ rɛ, a tɩŋ Wɩɩsɩ nyʋwa gɛɛ, haalɩ a mʋ sʋba naŋkʋwa sʋʋ daagarɩɩ tɩyaŋ."
10,"So at the name of Jesus everyone will bow down, those in heaven, on earth, and under the earth.","Yesu feŋbal no wɩya, nihuwobisi abee kɩna hʋ buloŋ aa we Wɩɩsɩbee tɩyaŋ abee taŋha nyuu bee taŋha memii, ba buloŋ sɩ tuu gbinni ʋ sɩya tɩyaŋ a kyʋwalɩ ʋ,"
11,"And to the glory of God the Father everyone will openly agree, “Jesus Christ is Lord!” Lights in the World","ka dɩ ba kɩdɩgɩ buloŋ suri ʋ nyʋwa gyamaa tɩyaŋ a basɩ anɩɩ Yesu Krisita rɛ yaa Tɩɩna, dɩ gɛɛ leŋ dɩ á Kuwo Wɩɩsɩ feŋ gyɩŋ. Ma kɩ kyaanɩ"
12,"My dear friends, you always obeyed when I was with you. Now that I am away, you should obey even more. So work with fear and trembling to discover what it really means to be saved.","Ɛɛwɩya, ŋ naabiikyooliye, anɩɩ ŋ gyɩ aa we ma lee ma kɩ tɩŋ Wɩɩsɩ nyʋwa gɛɛ, lagɩlagɩ no ŋ aa tuwo ma lee nyɛ, ɛɛ rɛ ʋ gba yaŋ maga dɩ ma yaa sɩfɩyaŋ a kɩ tɩŋ wɩya hʋ ŋ aa daga ma. Ma kɩ fá Wɩɩsɩ a kɩ tɩŋa ʋ nyʋwa abee wɩtɩɩ, aŋ yaa sɩfɩyaŋ a kɩ tɩŋ Wɩɩsɩ laatayɩ ŋmanɩɩ hʋ kyurrr a mʋ teŋ."
13,God is working in you to make you willing and able to obey him.,"Beewɩya, Wɩɩsɩ we ma tɩsɩ tɩyaŋ nɛ saŋa buloŋ, a leŋ ma kyo dɩ ma kɩ tɩŋ ʋ kyɛrɩ, a leŋ ma wuwo kɩ tɩŋ ʋ kyɛrɩ mɛ."
15,"Then you will be the pure and innocent children of God. You live among people who are crooked and evil, but you must not do anything they can say is wrong. Try to shine as lights among the people of this world,","Dɩ mamaa rɛ aa yaa gɛɛ, ma sɩ yaa tɩpʋlʋŋ tɩmma, a bɩ sɩ kaŋ wɩkyogii buloŋ. Ma sɩ yaa Wɩɩsɩ biisi aa bɩ kaŋ gyoŋ buloŋ aŋ we wɩbɔŋyaala abee nɩbɔmɔ tɩyaŋ dʋnɩya no tɩyaŋ. Ɛɛwɩya, ma kɩ tɩŋ wɩya hʋ aa tɩya mɩɩbol abee ma wɩtɩɩ buloŋ, a kɩ kyaanɩ nala no tɩyaŋ anɩɩ kyɩŋwʋlɩya aa kɩ kyaanɩ wɩɩsɩnyuu tɩyaŋ gɛɛ."
16,"as you hold firmly to the message that gives life. Then on the day when Christ returns, I can take pride in you. I can also know that my work and efforts were not useless.","Dɩ mamaa rɛ aa yaa nyɛ, kyɛɛ hʋ á Tɩɩna Yesu Krisita aa sɩ mɩɩgɩ ko ŋ sɩ wuwo bigisi ŋ tɩɩ ma wɩya. Beewɩya nyɛ rɛ sɩ daga anɩɩ tʋma hʋ buloŋ ŋ aa tʋma, ŋ bɩ tʋŋ ta."
17,"Your faith in the Lord and your service are like a sacrifice offered to him. And my own blood may have to be poured out with the sacrifice. If this happens, I will be glad and rejoice with you.","Kapuwo ba sɩ kana ŋ kpʋ. Ʋ nyɛ tɩyaŋ ŋ sɩ kɩɩ gɛɛ anɩɩ pʋna ma aa kaŋ sʋla Wɩɩsɩ akuu ma aa laa ʋ di wɩya. Dɩ wɩɩ no rɛ yaa, ʋ aa yaa ŋ teŋfɩyɛlʋʋ rɛ kɩŋkaŋ dɩ ŋ beel-ma kɩ gyʋwɔsɩ."
18,"In the same way, you should be glad and rejoice with me. Timothy and Epaphroditus",Ɛɛ tɩɩ rɛ ʋ maga dɩ ma leŋ dɩ ma tenni mɛ fɩyɛlɩ dɩ ma beel-ŋ kɩ gyʋwɔsɩ. Pɔɔl tɩŋ Timoti bee Ɛpafuroditu
19,I want to be encouraged by news about you. So I hope the Lord Jesus will soon let me send Timothy to you.,"Dɩ Wɩɩsɩ laa nyʋwa, ŋ sɩ tɩŋ Timoti dɩ ʋ ko ma lee kyɛɛ no buloŋ. Dɩ ʋ rɛ ko na ma, aŋ mɩɩgɩ ko basɩ ma wɩya tɩya ŋ, ŋ teŋ sɩ polli."
20,I don't have anyone else who cares about you as much as he does.,Ŋ bɩ kaŋ nal buloŋ daha ʋ kyɩl ma wɩya abee wɩtɩɩ anɩɩ Timoti aa kyɩl ma wɩya gɛɛ.
21,The others think only about what interests them and not about what concerns Christ Jesus.,"Nikaalɩya hʋ kɛ buloŋ, ba dʋŋ wɩya rɛ ba kyɩla, Yesu Krisita wɩya daa ba kyɩla."
22,But you know what kind of person Timothy is. He has worked with me like a son in spreading the good news.,"Amɛ ma mɛ tɩɩ gyɩŋ ɛɛ Timoti aa kɩya rɛ. Ʋ daga anɩɩ ʋ yaa nal aa kaŋ yellii rɛ beewɩya ma naa ɛɛ ʋ aa kyiyeli ŋ nɛ, a kɩ basɩ Wɩɩsɩ wɩweliye hʋ anɩɩ biye bee ʋ kuwo aa kɩ tʋma gɛɛ."
23,"I hope to send him to you, as soon as I find out what is going to happen to me.","Dɩ mɩyaŋ nɛ yaŋ ko gyɩŋ ɛɛ wɩya aa sɩ kɩɩ ŋ tɩyaŋ, ŋ sɩ tɩma ʋ dɩ ʋ ko ma lee."
24,And I feel sure the Lord will also let me come soon.,Ŋ laa di rɛ anɩɩ Wɩɩsɩ sɩ leŋ dɩ ŋ tɩɩ mɛ ko ma lee kyɛɛ no buloŋ.
25,"I think I ought to send my dear friend Epaphroditus back to you. He is a follower and a worker and a soldier of the Lord, just as I am. You sent him to look after me,","Amɛ ŋ naa anɩɩ ʋ maga dɩ ŋ tɩŋ á nɩɩnabiye Ɛpafuroditu rɛ dɩ ʋ ko ma lee. Ʋ yaa ŋ tʋŋtʋnnɩ-dɔŋ nɛ, a pɛ ŋ tɩyaŋ á kɩ lʋga dɩ nala gyɩma anɩɩ Wɩɩsɩ wɩweliye hʋ yaa wɩtɩɩ rɛ. Mamaa rɛ tɩma ʋ, ʋ ko ŋ lee a pɛ ŋ tɩyaŋ abee wɩɩ hʋ ŋ aa kyɛ."
26,"but now he is eager to see you. He is worried, because you heard he was sick.","Ma buloŋ wɩya kyɩl ʋ rɛ ʋ kɩ kyɛ dɩ ʋ ko na ma, amɛ ʋ tɩya kyogo rɛ akuu ma aa nɩya anɩɩ ʋ fa aa bɩ kaŋ laaŋfɩya wɩya."
27,"In fact, he was very sick and almost died. But God was kind to him, and also to me, and he kept me from being burdened down with sorrow.","Wɩtɩɩ kɛ, ʋ wɩɩla hʋ fa yaa sɩfɩyaŋ nɛ weliŋ. Ʋ fa kaa mʋhʋ ka dɩ ʋ fa sʋba, amɛ Wɩɩsɩ fá ʋ sikii rɛ a leŋ ʋ na laaŋfɩya. Wɩɩsɩ fa ŋ sikii mɛ rɛ ʋ aa bɩ leŋ ʋ sʋba beewɩya dɩ ʋ rɛ fa sʋba ŋ tɩya fa sɩ marɩ kyogi rɛ kɩŋkaŋ."
28,"Now I am more eager than ever to send Epaphroditus back again. You will be glad to see him, and I won't have to worry any longer.","Ɛɛwɩya, ŋ sɩɩ fɩyɛsa rɛ weliŋ dɩ ŋ ta ʋ dɩ ʋ ko ma lee. Dɩ ʋ rɛ ko dɩ ma bɩl na ʋ, ma tenni bɩl sɩ fɩyɛlɩ, ka dɩ ŋ tɩkyogi hʋ mɛ teŋ."
29,"Be sure to give him a cheerful welcome, just as people who serve the Lord deserve.","Ʋ yaa ma nɩɩnabiye rɛ Yesu Krisita tɩyaŋ, ɛɛ wɩya, ma laa ʋ bee teŋfɩyɛlʋʋ a kana ʋ weliŋ. Ma kɩ tɩya nala no iriŋ gyɩrɩma."
1,"Finally, my dear friends, be glad that you belong to the Lord. It doesn't bother me to write the same things to you that I have written before. In fact, it is for your own good.","Ŋ naabalɩya, wɩkaalɩɩ hʋ ŋ aa kyɛ ŋ basɩ tɩya ma rɛ nyɛ: Ma kɩ gyʋwɔsɩ akuu ma bee Yesu Krisita aa yaa kɩdɩgɩ wɩya. Ŋ laa sɩya basɩ wɩya no tɩya ma rɛ, aŋ bɩl sabɩ ba tɩɩ kɩ tɩya ma nyɛ. Amɛ gɛɛ bɩ yaa ŋ dɔgɩsɩɩ mʋhʋ buloŋ. Amɛ ma kɛ, wɩya no sɩ marɩ pɔ ma dɩ ma sɩŋ ma laadii tɩyaŋ weliŋ."
2,Watch out for those people who behave like dogs! They are evil and want to do more than just circumcise you.,"Ma pɔ ma tɩɩma weliŋ abee haŋ nɩbɔmɔ hʋ, haŋ bisiŋ nala hʋ aa hara pɔ ma dɩ ma keri ma pene hʋ."
3,"But we are the ones who are truly circumcised, because we worship by the power of God's Spirit and take pride in Christ Jesus. We don't brag about what we have done,","Wɩtɩɩ rɛ, ámaa rɛ paalɩ yaa nala hʋ aa keri á pene, beewɩya á kɛ aa tɩŋ Wɩɩsɩ Wiyesi Welii hʋ nyʋwa rɛ a kɩ kyʋwalɩ Wɩɩsɩ, ka á tenni fɩyɛlɩ, á kɩ gyʋwɔsɩ akuu á bee Yesu Krisita aa yaa kɩdɩgɩ wɩya. Á kɛ bɩ kyɩla nala pene keri wɩya, beewɩya ʋ yaa nihuwobisi teŋbii wɩkanɩɩ rɛ."
5,"I was circumcised when I was eight days old, and I am from the nation of Israel and the tribe of Benjamin. I am a true Hebrew. As a Pharisee, I strictly obeyed the Law of Moses.","Beewɩya ba aa lʋla ŋ, ʋ kyɛyɛ kyori kyɛɛ rɛ ba keri ŋ peŋ. Ŋ yaa Iziral tɩɩna tɩɩtɩɩ rɛ, a lɩɩ Bɛngyamin doho nala tɩyaŋ. Ŋ naa bee ŋ kuwo buloŋ yaa Hiiburu tɩmma rɛ. Dɩ Gyuuma mɩrɩsɩ hʋ tɩŋɩɩ mɛ rɛ, ŋ fa yaa Farasii rɛ, a kɩ tɩŋ ba kyurrr."
7,But Christ has shown me that what I once thought was valuable is worthless.,"Amɛ wɩya hʋ ŋ fa aa bɩɩna anɩɩ ba kaŋ tɔnɔ tɩya ŋ, lagɩlagɩ no Krisita wɩya ŋ kpaa ba nɩɩ ba yaa wɩtɔɔnɩ rɛ."
9,and to know that I belong to him. I could not make myself acceptable to God by obeying the Law of Moses. God accepted me simply because of my faith in Christ.,"dɩ ŋ beel-ʋ yaa kɩdɩgɩ wɩɩ buloŋ tɩyaŋ. Tɩpʋlʋŋ no ŋ aa kana, ʋ bɩ kɩɩ nɩɩ ŋ tɩɩ rɛ lʋga a kana ʋ. Ʋ bɩl bɩ kɩɩ Gyuuma mɩrɩsɩ hʋ mɛ rɛ ŋ tɩŋa a kana ʋ. Amɛ ŋ aa laa Krisita wɩya di tɩyaŋ nɛ ŋ tɩŋa a kaŋ tɩpʋlʋŋ Wɩɩsɩ sɩya tɩyaŋ."
10,"All I want is to know Christ and the power that raised him to life. I want to suffer and die as he did,","Ŋ wɩkyɛɛlɩɩ buloŋ nɛ yaa dɩ ŋ gyɩŋ Yesu Krisita, a na dee hʋ Wɩɩsɩ aa kpaa kyisi ʋ sʋʋ tɩyaŋ, a na tʋwara hʋ ʋ aa naa, ka dɩ ŋ mɛ sʋba wɩɩ hʋ wɩya ʋ aa sʋba."
11,so that somehow I also may be raised to life. Running toward the Goal,"Ɛɛwɩya, ŋ bayɩyɛla rɛ yaa dɩ Wɩɩsɩ maakyiye kyisi ŋ mɛ sʋʋ tɩyaŋ. Ma kpa ma sɩya we wɩɩ hʋ aa we ma sɩya tɩyaŋ"
12,"I have not yet reached my goal, and I am not perfect. But Christ has taken hold of me. So I keep on running and struggling to take hold of the prize.","Wɩya no wɩya ŋ aa basɩ nyɛ, ɛɛ bɩ daga anɩɩ ŋ kɛ teŋ naa ba buloŋ nɛ. Ʋ bɩ kɩɩ nɩɩ ŋ yaa nal bɩl aa bɩ kaŋ wɩkyogii buloŋ mɛ. Amɛ ŋ mɛ ha aa lʋgɩ rɛ abee sɩfɩyaŋ dɩ ŋ wuwo na kɩŋ hʋ wɩya Yesu Krisita aa yɩrɩ ŋ a laa ŋ tɩŋa."
14,"I run toward the goal, so I can win the prize of being called to heaven. This is the prize God offers because of what Christ Jesus has done.","Ŋ aa lʋgɩ rɛ dɩ ŋ noŋ gyʋʋ kɩŋ hʋ aa we ŋ sɩya tɩyaŋ, ɛɛwɩya ŋ bɩl bɩ gal kɩ daasɩ hal. Ŋ aa kyɛ dɩ ŋ mʋ pele doŋ nɛ dɩ Wɩɩsɩ tɩŋ Yesu Krisita tɩyaŋ a laa ŋ we wɩɩsɩbee tɩyaŋ, beewɩya ɛɛ wɩya rɛ ʋ yɩrɩ ŋ."
15,"All of us who are mature should think in this same way. And if any of you think differently, God will make it clear to you.","Á nala hʋ buloŋ aa gyige Krisita wɩya tɩyaŋ, ʋ maga dɩ a kaŋ hakɩla no iriŋ nɛ. Amɛ dɩ ma badɔmɔŋ nɛ kaŋ hakɩldʋma, Wɩɩsɩ sɩ suri ma hakɩllɩ dɩ ma gyɩŋ wɩɩ no memii weliŋ."
16,But we must keep going in the direction that we are now headed.,"Ɛɛwɩya, ba kyo ba kɩɩ gɛɛ buloŋ mɛ, ma leŋ dɩ á kɩ tɩŋ wɩya hʋ á aa tɩŋ a ko pele gyɩnaŋ."
17,"My friends, I want you to follow my example and learn from others who closely follow the example we set for you.","Ŋ naabalɩya, ma buloŋ kɩ kyesi ŋ wɩyaalɩya. Ŋmanɩɩ hʋ aa maga dɩ ma kɩ tɩŋa rɛ á kɩ daga ma gɛɛ. Ɛɛwɩya, ma kɩ kyesi nala hʋ aa tɩŋ wɩya hʋ á aa daga ma."
19,that they are headed for hell! They worship their stomachs and brag about the disgusting things they do. All they can think about are the things of this world.,"Ba lɩmʋtenii buloŋ nɛ yaa diŋ, beewɩya ba dʋŋʋ wɩyaalɩya rɛ yaa ba wɩɩsɩ. Wɩya hʋ aa maga dɩ ʋ yaa ba hɩɩsɩ, ba wɩya rɛ ba aa kɩ gyɩgɩsɩ ba tɩɩ, ka ba hakɩllɩ buloŋ we dʋnɩya no kɩna dʋŋ tɩyaŋ."
20,But we are citizens of heaven and are eagerly waiting for our Savior to come from there. Our Lord Jesus Christ,"Amɛ á kɛ yaa wɩɩsɩbee nala rɛ, a hɔŋ kɩ gyegili á Laataal, á Tɩɩna Yesu Krisita abee teŋkyel dɩ ʋ lɩɩ wɩɩsɩbee ko."
1,"Dear friends, I love you and long to see you. Please keep on being faithful to the Lord. You are my pride and joy. Paul Encourages the Lord's Followers","Ɛɛ wɩya ŋ naabiikpɩyanama, nyɛ rɛ ʋ maga dɩ ma sɩŋ á Tɩɩna Yesu wɩya hʋ ma laa di tɩyaŋ a kaŋ kpaŋkpaŋ. Ŋ kyo ma wɩya rɛ kɩŋkaŋ, ma wɩya dɔbɔ ŋ bembii tɩyaŋ nɛ weliŋ. Ma nyubaanɩŋ, ŋ teŋ fɩyɛla rɛ weliŋ beewɩya mamaa rɛ ŋ kaŋ kɩ daga ŋ tɩɩ."
2,"Euodia and Syntyche, you belong to the Lord, so I beg you to stop arguing with each other.","Yuwodɩya abee Siŋtike, ŋ aa sʋla ma, ma yaa kuwokeri aŋ marɩ dɔmɔŋ, beewɩya ma yaa nɩmmabalɩya rɛ á Tɩɩna Yesu nyubaanɩŋ."
3,"And, my true partner, I ask you to help them. These women have worked together with me and with Clement and with the others in spreading the good news. Their names are now written in the book of life.","Ka ɩ, ŋ tʋŋtʋnnɩ-dɔŋtɩɩna hʋ aa kaŋ wɩtɩɩ, ŋ aa kyɛ dɩ ɩ pɛ haana no tɩyaŋ nɛ dɩ ba marɩ dɔmɔŋ, beewɩya ba pɛɛ ŋ bee Kɩlɛmɛŋtɩ abee ŋ tʋŋtʋnnɩ-dɔŋtɩŋsɩ nɩkaalɩya hʋ buloŋ tɩyaŋ nɛ a basɩ Wɩɩsɩ wɩweliye hʋ abee sɩfɩyaŋ a tɩya nala. Nala no buloŋ fene rɛ wee Wɩɩsɩ teŋ hʋ tɩyaŋ nala aa kaŋ mɩɩbol aa bɩ kaŋ tenii fene aa we."
5,Always be gentle with others. The Lord will soon be here.,"Ma leŋ dɩ ma sɩya fɩyɛlɩ nal buloŋ lee, beewɩya saŋa hʋ á Tɩɩna Yesu aa sɩ mɩɩgɩ ko kpaga rɛ."
6,"Don't worry about anything, but pray about everything. With thankful hearts offer up your prayers and requests to God.","Ma ta leŋ dɩ kɩŋ buloŋ wɩya kɩ dɔŋ ma, amɛ wɩɩ buloŋ tɩyaŋ ma kɩ kyʋwalɩ Wɩɩsɩ, a sʋla ʋ dɩ ʋ tɩya ma kɩŋ hʋ buloŋ ma aa kyɛ, aŋ pɛ kɩ kyʋwalɩ ʋ aŋgyʋwasʋ."
7,"Then, because you belong to Christ Jesus, God will bless you with peace that no one can completely understand. And this peace will control the way you think and feel.","Dɩ mamaa rɛ aa yaa nyɛ, Wɩɩsɩ fɩyɛlʋʋ hʋ aa tee nihuwobiŋ gyɩmaa sɩ we ma lee dɩ ma hakɩllɩ bee ma tɩbɩɩna buloŋ pɩŋ lɩdɩgɩ akuu ma bee Yesu Krisita aa yaa kɩdɩgɩ wɩya."
9,"You know the teachings I gave you, and you know what you heard me say and saw me do. So follow my example. And God, who gives peace, will be with you. Paul Gives Thanks for the Gifts He Was Given","Wɩya hʋ buloŋ ŋ aa basɩ tɩya ma, abee wɩya hʋ buloŋ ŋ aa daga ma, abee wɩya hʋ buloŋ ma aa gʋnna ŋ lee, abee wɩya hʋ buloŋ ma aa na dɩ ŋ aa yaa, ma kaŋ ba kɩ tʋŋ tʋma. Dɩ mamaa rɛ aa yaa gɛɛ, Wɩɩsɩ, nal hʋ aa tɩya nala fɩyɛlʋʋ, sɩ we ma lee. Pɔɔl kyʋwalɩ Filipi tɩmma aŋgyʋwasʋ"
10,"The Lord has made me very grateful that at last you have thought about me once again. Actually, you were thinking about me all along, but you didn't have any chance to show it.","Ŋ aa kyʋwalɩ Wɩɩsɩ aŋgyʋwasʋ rɛ abee teŋfɩyɛlʋʋ, beewɩya nyɛ kɛ ma bɩl daga anɩɩ ma ha kɔnɩ aa liisi ŋ wɩya rɛ. Faafaa hʋ buloŋ ma fa aa bɩɩnɩ ŋ wɩya rɛ. Amɛ ŋmanɩɩ rɛ ma gyɩ bɩ naa dɩ ma daga kyori hʋ ma aa kana abeel-ŋ."
11,I am not complaining about having too little. I have learned to be satisfied with whatever I have.,"Ŋ aa basɩ wɩya no, ʋ bɩ kɩɩ nɩɩ kɩŋ nɛ ŋ kyɛ lɔlɔ, beewɩya ŋ mɩɩbol tɩyaŋ ŋ leŋ ŋ sii su kɩŋ buloŋ ŋ aa kana rɛ."
12,"I know what it is to be poor or to have plenty, and I have lived under all kinds of conditions. I know what it means to be full or to be hungry, to have too much or too little.","Ŋ gyɩŋ gɛɛ ʋ aa kɩɩ rɛ, dɩ mɩyaŋ nɛ kaŋ kɩŋ koo dɩ mɩyaŋ nɛ bɩ kaŋ kɩŋ. Ŋ gʋnnɩ wɩya no buloŋ nɛ ŋ mɩɩbol tɩyaŋ. Dɩ ŋ vɔgɔ koo dɩ losi kana ŋ, dɩ ŋ kaŋ yʋga koo dɩ ŋ kaŋ mʋhʋ, ka ɛɛ aa maga ŋ nɛ."
14,It was good of you to help me when I was having such a hard time.,Amɛ ʋ yaa wɩwelii rɛ ma aa pɛ ŋ tɩyaŋ ŋ wɩgyʋʋlɩya no tɩyaŋ.
15,"My friends at Philippi, you remember what it was like when I started preaching the good news in Macedonia. After I left there, you were the only church that became my partner by giving blessings and by receiving them in return.","Mamaa Filipi tɩmma, ma tɩɩ gyɩma anɩɩ buŋbuŋ hʋ tɩyaŋ ŋ aa lɩɩ Masidooniya paalʋʋ a piili kɩ basɩ Wɩɩsɩ weliye hʋ, ma dʋŋ nɛ yaa Krisitabiisi hʋ aa pɛɛ ŋ tɩyaŋ. Krisitabiye buloŋ bɩ pɛɛ ŋ tɩyaŋ see ma dʋŋ."
16,"Even when I was in Thessalonica, you helped me more than once.","Ŋ fa aa we Tesaloniika tɩyaŋ mɛ, ma pɛɛ ŋ tɩyaŋ nɛ bʋlɩya bʋlɩya abee kɩna hʋ ŋ aa kyɛɛ."
17,"I am not trying to get something from you, but I want you to receive the blessings that come from giving.","Ʋ bɩ kɩɩ nɩɩ kɩna rɛ ŋ kɩ kyɛ ma lee, amɛ tɔnɔ hʋ ma aa sɩ na Wɩɩsɩ lee akuu ma aa tɩya ŋ kɩna no, ʋ rɛ ŋ kɩ deŋ."
18,"I have been paid back everything, and with interest. I am completely satisfied with the gifts you sent with Epaphroditus. They are like a sweet-smelling offering or like the right kind of sacrifice that pleases God.","Ma aa tɩŋ Ɛpafuroditu, ʋ kaŋ kɩna hʋ ko tɩya ŋ, lagɩlagɩ no ŋ kaŋ kɩŋ buloŋ ŋ aa kyɛ rɛ. Ba gba yʋga parɩ rɛ. Kɩna hʋ ma aa kpaa tɩya ŋ kɩɩ gɛɛ anɩɩ kɩna sʋwala aa sʋma ba kpa sʋla Wɩɩsɩ, ʋ laa abee teŋfɩyɛlʋʋ."
19,I pray that God will take care of all your needs with the wonderful blessings that come from Christ Jesus!,Wɩɩsɩ hʋ ŋ aa kyʋwalɩ kaŋ kɩŋ kɩŋ buloŋ nɛ a mʋ parɩ. Ɛɛwɩya ʋ sɩ tɩya ma ma kɩkyɛɛlɩya buloŋ akuu ma bee Yesu Krisita aa yaa kɩdɩgɩ wɩya.
20,May God our Father be praised forever and ever. Amen. Final Greetings,Ma leŋ dɩ á kɩ dannɩ á Kuwo Wɩɩsɩ a kaŋ kɩ mʋ deŋdeŋ. Amɩ Kyʋwala
21,Give my greetings to all who are God's people because of Christ Jesus. The Lord's followers here with me send you their greetings.,Ŋ aa kyʋwalɩ ma Wɩɩsɩ nala hʋ buloŋ aa we doŋ tɩyaŋ. Á nɩmmabalɩya hʋ aa we daha mɛ aa kyʋwalɩ ma.
22,"All of God's people send their greetings, especially those in the service of the Emperor.","Wɩɩsɩ nala hʋ buloŋ aa we daha mɛ aa kyʋwalɩ ma, amarɩkpatɩya ba nala hʋ aa we kuworibal hʋ ba aa yɩrɩ Siiza dɩya tɩyaŋ."
23,I pray that our Lord Jesus Christ will be kind to you and will bless your life!,Á Tɩɩna Yesu Krisita bɔnyɛ sɩ we ma buloŋ lee.
1,"From Paul, chosen by God to be an apostle of Christ Jesus, and from Timothy, who is also a follower.",Mɩyaŋ Pɔɔl aa yaa Yesu Krisita Kpambɩya Wɩɩsɩ kyɛrɩ tɩyaŋ abee á nɩɩnabiye Timoti rɛ saba teŋ no kɩ tɩya ma.
2,To God's people who live in Colossae and are faithful followers of Christ. I pray that God our Father will be kind to you and will bless you with peace! A Prayer of Thanks,Á sabɩ teŋ no kɩ tɩya mamaa á nɩmmabalɩya hʋ Wɩɩsɩ aa lɩya Kolosi tɩyaŋ ma laa Krisita wɩya di a kɩ tɩŋa ʋ abee wɩtɩɩ rɛ. Á Kuwo Wɩɩsɩ bɔnyɛ abee ʋ fɩyɛlʋʋ sɩ we ma lee. Pɔɔl kyʋwalɩ Wɩɩsɩ aŋgyʋwasʋ
3,"Each time we pray for you, we thank God, the Father of our Lord Jesus Christ.",Dɩ ámaa rɛ ko kyʋwalɩ Wɩɩsɩ kɩ tɩya ma kɛ buloŋ á aa kɩ dannɩ Wɩɩsɩ á Tɩɩna Yesu Krisita kuwo hʋ rɛ ma wɩya.
4,"We have heard of your faith in Christ and of your love for all God's people,","Beewɩya á nɩɩ gɛɛ hʋ ma aa laa Yesu Krisita wɩya di rɛ, abee kyori hʋ ma aa kana abee Wɩɩsɩ nala buloŋ."
5,"because what you hope for is kept safe for you in heaven. You first heard about this hope when you believed the true message, which is the good news.","Laadii hʋ bee kyori hʋ ma aa kana, ba lɩɩ bayɩyɛla hʋ ma aa kana kɩŋ hʋ Wɩɩsɩ aa marɩ biŋ ma wɩɩsɩbee tɩyaŋ nɛ. Ba gyɩ laasɩya basɩ bayɩyɛla no wɩya tɩya ma rɛ Wɩɩsɩ wɩweliye hʋ aa yaa wɩtɩɩ tɩyaŋ."
6,"The good news is spreading all over the world with great success. It has spread in this same way among you, ever since the first day you learned the truth about God's wonderful kindness","Wɩɩsɩ wɩweliye hʋ ba aa ko basɩ tɩya ma pɩsa kɩ gyʋʋ dʋnɩya logiŋ buloŋ nɛ, a leŋ nala bɩrɩmɩ kɩ lɩɩ ba wɩbɔmɔ tɩyaŋ anɩɩ gɛɛ hʋ ba aa yaa ma tɩyaŋ a lɩɩ kyɛɛ hʋ ma aa nɩɩ wɩya no, a kɔnɩ ko gyɩŋ bɔnyɛ hʋ Wɩɩsɩ aa daga tɩya ma memii mʋ teŋ."
8,He is also the one who told us about the love that God's Spirit has given you. The Person and Work of Christ,Ʋ basɩ tɩya ma gɛɛ hʋ Wɩɩsɩ Wiyesi Welii hʋ aa leŋ ma kyo Wɩɩsɩ nala buloŋ nɛ.
9,"We have not stopped praying for you since the first day we heard about you. In fact, we always pray that God will show you everything he wants you to do and that you may have all the wisdom and understanding his Spirit gives.","Ɛɛwɩya, a lɩɩ kyɛɛ hʋ á aa nɩɩ ma wɩya, á aa kyʋwalɩ Wɩɩsɩ kɩ tɩya ma rɛ saŋa buloŋ. Á sʋla Wɩɩsɩ a kɩ tɩya ma rɛ dɩ ʋ leŋ ʋ Wiyesi Welii hʋ tɩya ma wɩgyʋŋ dɩ ma wuwo gyɩŋ ʋ kyɛrɩ a wuwo gyɩŋ ʋ wɩya buloŋ memii mɛ."
10,"Then you will live a life that honors the Lord, and you will always please him by doing good deeds. You will come to know God even better.",Ɛɛ rɛ sɩ leŋ dɩ ma kɩ yaa wɩya hʋ Wɩɩsɩ aa kyɛɛ wɩɩ buloŋ tɩyaŋ dɩ ʋ teŋ fɩyɛlɩ ma tɩyaŋ ka dɩ ma kɩ yaa wɩweliye iriŋ kɛ buloŋ a marɩ gyɩŋ Wɩɩsɩ weliŋ.
11,"His glorious power will make you patient and strong enough to endure anything, and you will be truly happy.","Wɩɩsɩ sɩ tɩya ma dee hʋ aa lɩɩ ʋ gaŋdaa-dee hʋ tɩyaŋ, dɩ gɛɛ leŋ dɩ ma wuwo kaŋ kenyiri abee mala abee teŋfɩyɛlʋʋ wɩɩ buloŋ tɩyaŋ."
12,I pray that you will be grateful to God for letting you have part in what he has promised his people in the kingdom of light.,Ma kyʋwalɩ á kuwo Wɩɩsɩ aŋgyʋwasʋ abee ʋ aa leŋ ma mɛ maga abee ma aa sɩ na kɩna hʋ ʋ aa mara biŋ pɔ ʋ nala ʋ koro hʋ aa yaa pʋlʋŋ tɩyaŋ.
13,"God rescued us from the dark power of Satan and brought us into the kingdom of his dear Son,","Beewɩya ʋ laa ma lɩɩ Sɩtaanɩ bilhuu tɩyaŋ nɛ, a kaŋ ma mʋ we ʋ biikyoolii koro hʋ tɩyaŋ."
15,"Christ is exactly like God, who cannot be seen. He is the first-born Son, superior to all creation.",Krisita kɩɩ Wɩɩsɩ hʋ á aa bee na rɛ. Ʋ rɛ yaa Wɩɩsɩ Biye hʋ aa we doŋ ka ʋ na ta kɩŋ buloŋ. Ʋ rɛ tee Wɩɩsɩ kɩtaalɩya buloŋ.
16,"Everything was created by him, everything in heaven and on earth, everything seen and unseen, including all forces and powers, and all rulers and authorities. All things were created by God's Son, and everything was made for him.","Ʋ tɩyaŋ nɛ Wɩɩsɩ tɩŋa a marɩ kɩŋ buloŋ aa we wɩɩsɩnyuu abee taŋha tɩyaŋ: Kɩna hʋ á aa na abee kɩna á aa bee na, abee kɩna hʋ á aa bee na ka ba kaŋ dee a kɩ deŋ leye, abee dee iriŋ buloŋ. Krisita tɩyaŋ nɛ Wɩɩsɩ tɩŋa a marɩ kɩna buloŋ a leŋ ʋ tɩŋ ba."
17,"God's Son was before all else, and by him everything is held together.",Ʋ we doŋ nɛ ka Wɩɩsɩ na marɩ kɩŋ buloŋ. Ʋ dee tɩyaŋ nɛ Wɩɩsɩ kɩtaalɩya buloŋ we doŋ a sɩŋ weliŋ.
18,"He is the head of his body, which is the church. He is the very beginning, the first to be raised from death, so that he would be above all others.","Krisita rɛ yaa Krisitabiisi buloŋ nyuu, ka ba mɛ yaa ʋ teŋbii, ʋ kɩ deŋ ba. Ʋ rɛ yaa nal hʋ aa tɩya ba mɩɩbol. Ʋ rɛ yaa nal hʋ Wɩɩsɩ aa laasɩya kyisi sʋʋ tɩyaŋ, dɩ ɛɛ leŋ dɩ ʋ yaa kunyɩna wɩɩ buloŋ tɩyaŋ."
19,God himself was pleased to live fully in his Son.,Wɩɩsɩ kyɛrɩ tɩyaŋ nɛ ʋ leŋ Krisita kɩɩ ʋ wɩɩ buloŋ tɩyaŋ.
20,"And God was pleased for him to make peace by sacrificing his blood on the cross, so that all beings in heaven and on earth would be brought back to God.",Krisita tɩyaŋ nɛ Wɩɩsɩ tɩŋa a leŋ ʋ bee ʋ kɩtaalɩya aa we wɩɩsɩnyuu abee taŋha tɩyaŋ buloŋ mɩɩgɩ sʋma. Krisita aa sʋba daagarɩɩ hʋ nyuu tɩyaŋ nɛ leŋ fɩyɛlʋʋ mɩɩgɩ we Wɩɩsɩ bee ʋ kɩtaalɩya buloŋ paga.
21,"You used to be far from God. Your thoughts made you his enemies, and you did evil things.","Saŋa hʋ ma ha fa aa bɩ gyɩŋ Wɩɩsɩ, ma beel-ʋ fa boliye bee dɔmɔŋ nɛ, ma fa haasɩ ʋ beewɩya ma hakɩllɩ bee ma wɩyaalɩya buloŋ fa bɔmɔ rɛ."
22,"But his Son became a human and died. So God made peace with you, and now he lets you stand in his presence as people who are holy and faultless and innocent.","Amɛ lagɩlagɩ no, Wɩɩsɩ leŋ Krisita bɩrɩmɩ nihuwobiŋ nɛ a ko sʋba daagarɩɩ tɩyaŋ dɩ ɛɛ leŋ dɩ ma beel-ʋ mɩɩgɩ sʋma, ka dɩ ma yaa tɩpʋlʋŋ tɩmma, a ta kaŋ wɩkyogii buloŋ ʋ sɩya tɩyaŋ."
23,"But you must stay deeply rooted and firm in your faith. You must not give up the hope you received when you heard the good news. It was preached to everyone on earth, and I myself have become a servant of this message. Paul's Service to the Church","Ɛɛwɩya, ma sɩŋ Wɩɩsɩ wɩweliye hʋ ma aa laa di tɩyaŋ weliŋ, aŋ ta kɩ yaa sige abee bayɩyɛla hʋ ma aa kana ba tɩyaŋ saŋa hʋ ma aa nɩɩ ba. Wɩɩsɩ wɩweliye no tɩɩ rɛ ba gɔllɩ basɩ kɩ tɩya nala buloŋ dʋnɩya lee buloŋ tɩyaŋ. Ba wɩya rɛ mɩyaŋ Pɔɔl tɩɩ mɛ yaa Yesu Krisita tʋŋtʋnnɩ, a basɩ ba kɩ tɩya nala. Tʋma hʋ Pɔɔl aa tʋma tɩya nala hʋ aa laa Yesu wɩya di"
24,"I am glad I can suffer for you. I am pleased also that in my own body I can continue the suffering of Christ for his body, the church.","Lagɩlagɩ no, ŋ teŋ fɩyɛla rɛ abee tʋwara hʋ ŋ aa na ma wɩya, beewɩya ɛɛ daga anɩɩ tʋwara hʋ Krisita fa aa na ʋ teŋbii wɩya aŋka , haŋ tʋwara hʋ rɛ ŋ mɛ kyosi kɩ na ŋ tol gɛɛ dɩ ʋ mʋ teŋ."
25,God's plan was to make me a servant of his church and to send me to preach his complete message to you.,Wɩɩsɩ rɛ lɩɩ ŋ dɩ ŋ yaa Krisitabiisi buloŋ tʋŋtʋnnɩ. Tʋma hʋ ʋ aa kpaa tɩya ŋ nɛ yaa dɩ ŋ basɩ ʋ wɩya hʋ buloŋ a tɩya ma.
26,"For ages and ages this message was kept secret from everyone, but now it has been explained to God's people.",Wɩɩsɩ fa kpaa wɩya no faŋa faafaa nala rɛ a lɩɩ faafaa buloŋ. Amɛ lagɩlagɩ no Wɩɩsɩ kpa wɩya no daga ʋ nala hʋ ʋ aa lɩya rɛ.
27,"God did this because he wanted you Gentiles to understand his wonderful and glorious mystery. And the mystery is that Christ lives in you, and he is your hope of sharing in God's glory.","Wɩɩsɩ kyɛrɩ rɛ yaa dɩ ʋ leŋ ʋ nala buloŋ gyɩŋ wɩfaŋɩɩ no aa yaa gaŋdaa-wɩɩ, aŋ kaŋ tɔnɔ mɛ. Wɩɩ hʋ rɛ nyɛ, Krisita aa we ma tɩsɩ tɩyaŋ nɛ tɩŋ ma mɛ kaŋ bayɩyɛla anɩɩ ma sɩ maakyiye yaa gaŋdaala."
29,This is why I work so hard and use the mighty power he gives me.,"Ɛɛwɩya, wɩɩ no wɩya ŋ aa yaa ŋ sɩfɩyaŋ buloŋ nɛ, a kɩ tʋma abee ʋ debal hʋ buloŋ aa we ŋ tɩyaŋ."
1,"I want you to know what a struggle I am going through for you, for God's people at Laodicea, and for all of those followers who have never met me.",Ŋ aa kyɛ dɩ ma gyɩŋ gɛɛ hʋ ŋ aa lʋga ma wɩya rɛ abee Krisitabiisi hʋ aa we Lawudisɩya tɩyaŋ buloŋ a gba bee nala hʋ buloŋ ha aa bɩ naa ŋ bee ba sɩɩ.
2,"I do it to encourage them. Then as their hearts are joined together in love, they will be wonderfully blessed with complete understanding. And they will truly know Christ. Not only is he the key to God's mystery,","Ŋ yaa gɛɛ rɛ dɩ ma buloŋ tenni polli, dɩ ma bembiye mɛ pɩŋ lɩdɩgɩ ka dɩ ma kaŋ nyʋʋdɩgɩ abee kyori. Nyɛ rɛ sɩ leŋ ma gyɩŋ wɩɩ hʋ Wɩɩsɩ gyɩ aa kpaa faŋa ma memii weliŋ aŋ na wɩweliye hʋ buloŋ aa we ʋ tɩyaŋ. Wɩɩ no rɛ yaa Yesu Krisita tɩɩ."
4,I tell you these things to keep you from being fooled by fancy talk.,"Ɛɛ wɩya, ŋ basɩ wɩya no kɩ tɩya ma rɛ dɩ nal buloŋ ta wuwo kpa dʋnɩya no nyʋʋpɩŋsʋŋ a mʋrɩ ma dɩ ma nyʋgɩsɩ Wɩɩsɩ ŋmanɩɩ tɩyaŋ."
5,"Even though I am not with you, I keep thinking about you. I am glad to know that you are living as you should and your faith in Christ is strong. Christ Brings Real Life",Abee ŋ aa tuwo ma lee nyɛ mɛ ka ŋ hakɩla we ma tɩyaŋ nɛ. Ŋ teŋ mɛ fɩyɛla rɛ kɩŋkaŋ abee á aa nɩya gɛɛ hʋ ma aa kaŋ ma tɩɩ weliŋ abee gɛɛ hʋ ma aa laa Yesu wɩya di aŋ sɩŋ ba tɩyaŋ kpaŋkpaŋ. Mɩɩbofalɩɩ hʋ á aa kana Krisita tɩyaŋ
7,"Plant your roots in Christ and let him be the foundation for your life. Be strong in your faith, just as you were taught. And be grateful.",Ma kpa ma wɩɩ buloŋ tɩya Yesu Krisita aŋ yelli ʋ ma wɩɩ buloŋ tɩyaŋ. Ma sɩŋ ma laadii tɩyaŋ weliŋ anɩɩ ba aa daga ma gɛɛ aŋ pɛ kɩ kyʋwalɩ Wɩɩsɩ aŋgyʋwasʋ mɛ saŋa buloŋ.
8,"Don't let anyone fool you by using senseless arguments. These arguments may sound wise, but they are only human teachings. They come from the powers of this world and not from Christ.","Ma pɔ weliŋ a ta leŋ dɩ nal buloŋ kpa dʋnɩya wɩgyʋŋ abee wɩya hʋ aa bɩ kaŋ tɔnɔ a mʋrɩ ma. Beewɩya wɩya no buloŋ yaa nihuwobisi lesiriye abee dʋnɩya wɩkanɩya rɛ, ba bɩ lɩɩ Krisita lee."
10,"And you are fully grown because you belong to Christ, who is over every power and authority.","Ka ma bee Krisita aa yaa kɩdɩgɩ ma mɩɩbol tɩyaŋ wɩya, ʋ kɩɩlʋŋ we ma tɩyaŋ nɛ. Ʋ rɛ tee dee buloŋ aa we wɩɩsɩnyuu abee taŋha buloŋ tɩyaŋ."
12,"And when you were baptized, it was the same as being buried with Christ. Then you were raised to life because you had faith in the power of God, who raised Christ from death.","Ba aa foo ma wɩɩkyʋwalnɩɩ hʋ kɩɩ gɛɛ rɛ anɩɩ ma bee Krisita buloŋ nɛ ba hogo gɛɛ, ka ba bɩl mɩɩgɩ kyisi ma beel-ʋ buloŋ sʋʋ tɩyaŋ akuu laadii hʋ ma aa kana Wɩɩsɩ hʋ aa kpaa ʋ debal hʋ kyisi Krisita sʋʋ tɩyaŋ wɩya."
14,God wiped out the charges that were against us for disobeying the Law of Moses. He took them away and nailed them to the cross.,"Krisita aa sʋba daagarɩɩ hʋ nyuu tɩyaŋ wɩya, Wɩɩsɩ dɩsɩ á kyɩma hʋ buloŋ ba aa magɩla biŋ ta rɛ, abee mɩrɩsɩ hʋ buloŋ fa aa kpaa kyogisi kɩ tɩya ma. Krisita kpaa ba buloŋ nɛ a kpaasɩ a mal daagarɩɩ hʋ tɩyaŋ."
16,"Don't let anyone tell you what you must eat or drink. Don't let them say you must celebrate the New Moon festival, the Sabbath, or any other festival.","Ɛɛ wɩya, ma ta leŋ dɩ nal buloŋ biŋ kɩdiiliye koo kɩnyʋwalɩya koo kyɛbala koo peŋsi dii sɩŋsɩ koo Kyɛwiyesii kyɛɛ sɩŋsɩ tɩya ma."
17,These things are only a shadow of what was to come. But Christ is real!,Wɩya no yaa wɩya fa aa sɩ maakyiye yaa daaliiŋ nɛ. Amɛ Krisita rɛ yaa wɩya no buloŋ wɩtɩɩ.
19,"They are no longer part of Christ, who is the head of the whole body. Christ gives the body its strength, and he uses its joints and muscles to hold it together, as it grows by the power of God. Christ Brings New Life","Ba bɩl bɩ mal Krisita tɩyaŋ mɛ, nal hʋ aa yaa Krisitabiisi buloŋ nyuu. Krisita tɩyaŋ nɛ á nala hʋ buloŋ aa yaa ʋ teŋbii tɩŋa a kɩ na á dee, a mal dɔmɔŋ gɛɛ anɩɩ ɛɛ hʋ nihuwobiŋ teŋbii lɩkyosiye bee ʋ polo aa mal dɔmɔŋ, a kɩ waa ɛɛ hʋ Wɩɩsɩ aa kyɛɛ."
20,"You died with Christ. Now the forces of the universe don't have any power over you. Why do you live as if you had to obey such rules as,","Krisita aa sʋba daagarɩɩ hʋ tɩyaŋ, ɛɛ daga anɩɩ ma beel-ʋ buloŋ nɛ sʋba gɛɛ. Ɛɛ wɩya, dʋnɩya no wɩkanɩya bɩl bɩ kaŋ dee ma nyuu tɩyaŋ. Bee rɛ yaŋ tɩŋ ma kɩ yaa wɩya anɩɩ ma ha aa tɩŋ dʋnɩya ŋmanɩɩ rɛ aŋ kpa ma sɩya we dʋnɩya sɩŋsɩ no tɩyaŋ. Sɩŋsɩ no aa daga anɩɩ:"
21,“Don't handle this. Don't taste that. Don't touch this.”?,"“Ta kolo kɩŋ no”, “Ta dii kɩŋ no”, “Ta dige kɩŋ no.”"
22,"After these things are used, they are no longer good for anything. So why be bothered with the rules that humans have made up?",Wɩya no buloŋ aa maakyiye ba ko yaa waasʋ rɛ. Beewɩya ba yaa nihuwobisi wɩbiniye abee ba wɩdagɩya rɛ.
23,Obeying these rules may seem to be the smart thing to do. They appear to make you love God more and to be very humble and to have control over your body. But they don't really have any power over our desires.,Dɩ ɩ rɛ deŋe ɩ aa baa wɩgyʋŋ kɩdɩgɩ we wɩya no tɩŋɩɩ tɩyaŋ nɛ. Amɛ wɩgyʋŋ pɛgɩ mɛ tuwo wɩya no tɩyaŋ. Ba sɩfɩyaŋ buloŋ we kɩna hʋ ba aa kyʋwalɩ tɩyaŋ nɛ aŋ aa fugo kaŋ ba tɩɩ kɩ hʋwɔlɩ aŋ kɩ dɔgɩsɩ ba tɩɩ teŋbii mɛ. Amɛ wɩya no buloŋ bɩ kaŋ dee ba aa sɩ wuwo leŋ dɩ nala vɩya ba teŋbii wɩkyɛɛlɩya yayɩ.
1,"You have been raised to life with Christ. Now set your heart on what is in heaven, where Christ rules at God's right side.","Akuu Wɩɩsɩ aa kyisi ma, ma kaŋ mɩɩbofalɩɩ no anɩɩ gɛɛ ʋ aa kyisi Krisita mɛ sʋʋ tɩyaŋ, ma leŋ dɩ ma hakɩllɩ buloŋ we kɩna hʋ aa we wɩɩsɩbee tɩyaŋ, lee hʋ Krisita aa hɔŋ ʋ kuworikpasa tɩyaŋ Wɩɩsɩ noduu logiŋ tɩyaŋ."
2,"Think about what is up there, not about what is here on earth.","Ma kpa ma hakɩllɩ we kɩna hʋ aa we wɩɩsɩbee tɩyaŋ, aŋ ta kpaa ma sɩya we dʋnɩya wɩkanɩya tɩyaŋ,"
3,"You died, which means that your life is hidden with Christ, who sits beside God.",beewɩya ʋ kɩɩ gɛɛ rɛ anɩɩ ma aa sʋba ka ma mɩɩbol faŋa Krisita lee wɩɩsɩbee tɩyaŋ.
4,"Christ gives meaning to your life, and when he appears, you will also appear with him in glory.","Krisita rɛ yaa ma mɩɩbol, ɛɛwɩya, saŋa hʋ ʋ aa sɩ mɩɩgɩ ko, ma mɛ sɩ pɛ ʋ tɩyaŋ a di ʋ gaŋdarɩ hʋ."
5,"Don't be controlled by your body. Kill every desire for the wrong kind of sex. Don't be immoral or indecent or have evil thoughts. Don't be greedy, which is the same as worshiping idols.","Ma kpʋ wɩbɔmɔ hʋ buloŋ nihuwobisi aa yaa dʋnɩya no tɩyaŋ a ta ma tɩsɩ tɩyaŋ. Ma leŋ sɔŋsɔŋ, a leŋ bisiŋ wɩya yayɩ. Ma ta kyo haana koo baala kɩŋkaŋ, a ta kɩ bɩɩnɩ wɩbɔmɔ mɛ ma tɩsɩ tɩyaŋ. Ma ta kaŋ tɩbal, beewɩya nal hʋ aa kaŋ tɩbal ʋ bee nal hʋ aa marɩ vʋga buloŋ yaa kɩdɩgɩ rɛ."
6,God is angry with people who disobey him by doing these things.,Wɩɩsɩ sɩ na baaŋ nala hʋ aa yaa wɩya no nyuu tɩyaŋ.
7,"And this is exactly what you did, when you lived among people who behaved in this way.","Saŋa hʋ dʋnɩya wɩkanɩya no ha fa aa kaŋ dee ma nyuu tɩyaŋ, wɩya no tɩɩ bee ba nyuu rɛ ma mɛ fa kɩ yaa."
8,"But now you must stop doing such things. You must quit being angry, hateful, and evil. You must no longer say insulting or cruel things about others.","Amɛ nyɛ kɛ, ʋ maga dɩ ma lɩɩ ma tɩɩ wɩya no buloŋ tɩyaŋ nɛ. Ma leŋ baaŋ nayɩ, a leŋ dɔmɔŋ fene kyogii, a ta kaŋ tahaa, aŋ leŋ wɩlaama basɩɩ mɛ."
9,And stop lying to each other. You have given up your old way of life with its habits.,"Ma ta bɩl nyɩya wɩya kɩ tɩya dɔmɔŋ, beewɩya nyɛ kɛ ma kpaa ma mɩɩbobɩnɩɩ hʋ bee ʋ wɩkanɩya buloŋ ta rɛ,"
10,"Each of you is now a new person. You are becoming more and more like your Creator, and you will understand him better.","aŋ kaŋ mɩɩbofalɩɩ hʋ Krisita aa kpaa tɩya ma. Ɛɛwɩya, Wɩɩsɩ leŋ mɩɩbofalɩɩ hʋ aa we ma tɩyaŋ kɩ bɩrɩgɩ rɛ saŋa buloŋ dɩ ma ko kɩɩ ʋ a gyɩma ʋ weliŋ."
11,"It doesn't matter if you are a Greek or a Jew, or if you are circumcised or not. You may even be a barbarian or a Scythian, and you may be a slave or a free person. Yet Christ is all that matters, and he lives in all of us.","Ɛɛwɩya, dɩ nal yaa Gyuu koo dɩ ʋ bɩ yaa Gyuu, dɩ nal keri ʋ peŋ koo dɩ ʋ bɩ keri ʋ peŋ, dɩ nal yaa yoŋ koo dɩ ʋ tɩɩna tɩŋa ʋ tɩɩ, dɩ nal yaa nɩhʋwal koo dɩ ʋ yaa beebiye, dɩ nal yaa sɩpolli tɩɩna koo dɩ ʋ yaa nɩgʋra, wɩya no buloŋ bɩ yaa wɩɩ buloŋ. Amɛ wɩɩ aa yaa sɩfɩyaŋ wɩɩ rɛ yaa nal buloŋ bɩl tuwo a maga Krisita, ʋ mɛ rɛ yaŋ we á buloŋ tɩsɩ tɩyaŋ."
15,"Each one of you is part of the body of Christ, and you were chosen to live together in peace. So let the peace that comes from Christ control your thoughts. And be grateful.","Ma leŋ fɩyɛlʋʋ hʋ Yesu Krisita aa tɩya ma we ma hakɩllɩ tɩyaŋ saŋa buloŋ. Fɩyɛlʋʋ no wɩya rɛ Wɩɩsɩ yɩrɩ ma, ma yaa kɩdɩgɩ. Ɛɛwɩya ma kɩ kyʋwalɩ Wɩɩsɩ aŋgyʋwasʋ saŋa buloŋ."
16,"Let the message about Christ completely fill your lives, while you use all your wisdom to teach and instruct each other. With thankful hearts, sing psalms, hymns, and spiritual songs to God.",Ma leŋ dɩ Krisita wɩya hʋ buloŋ we ma tɩsɩ tɩyaŋ weliŋ. Ma kɩ kʋrɩsɩ dɔmɔŋ dɩgɩna a kɩ daga dɔmɔŋ abee wɩgyʋŋ. Ma yɩɩ wɩɩkyʋwalyɩɩla a kɩ dannɩ Wɩɩsɩ ma tɩsɩ tɩyaŋ saŋa buloŋ.
17,"Whatever you say or do should be done in the name of the Lord Jesus, as you give thanks to God the Father because of him. Some Rules for Christian Living","Wɩɩ buloŋ ma aa yaa abee wɩɩ hʋ buloŋ ma aa basɩ, ma kɩ yaa ba buloŋ á Tɩɩna Yesu feŋ tɩyaŋ, aŋ tɩŋ ʋ tɩyaŋ a kɩ kyʋwalɩ á Kuwo Wɩɩsɩ aŋgyʋwasʋ. Ɛɛ Wɩɩsɩ nala aa maga dɩ ba kɩ yaa dɔmɔŋ"
18,A wife must put her husband first. This is her duty as a follower of the Lord.,"Haana, ma kaŋ ma tɩɩ kɩ hʋwɔlɩ ma balama lee, beewɩya, ɛɛ rɛ maga dɩ nala hʋ aa tɩŋ Krisita kɩ yaa."
19,A husband must love his wife and not abuse her.,"Baala, ma mɛ kyo ma haana, aŋ ta hoye beel-ba."
20,Children must always obey their parents. This pleases the Lord.,"Biisi, ma kɩ tɩŋ ma kuwoma abee ma nɩmma nyʋwa wɩɩ buloŋ tɩyaŋ, beewɩya ɛɛ rɛ aa fɩyɛlɩ Wɩɩsɩ teŋ."
21,"Parents, don't be hard on your children. If you are, they might give up.","Kuwoma, ma ta kɩ dɔŋ ma biisi kɩŋkaŋ dɩ ba lɔgɩ ko lɩɩ."
22,"Slaves, you must always obey your earthly masters. Try to please them at all times, and not just when you think they are watching. Honor the Lord and serve your masters with your whole heart.","Yosi, ma kɩ tɩŋ ma tɩmma nyʋwa wɩɩ buloŋ tɩyaŋ dʋnɩya no tɩyaŋ aŋ ta kuu ba aa deŋ ma wɩya, koo ma aa kyɛ dɩ ma yaa laa gyaaŋbiye dʋŋ wɩya a kɩ tɩŋ ba nyʋwa. Amɛ ma kɩ yaa gɛɛ abee tɩdɩgɩ akuu ma aa fá Wɩɩsɩ wɩya."
23,"Do your work willingly, as though you were serving the Lord himself, and not just your earthly master.","Tʋma hʋ buloŋ ma aa tʋŋ, ma kɩ tʋma abee tɩdɩgɩ anɩɩ á Tɩɩna Wɩɩsɩ rɛ ma tʋma kɩ tɩya, nihuwobiŋ daa ma tʋma kɩ tɩya."
24,"In fact, the Lord Christ is the one you are really serving, and you know he will reward you.","Ma ta yeŋŋe anɩɩ á Tɩɩna Krisita rɛ ma tʋma kɩ tɩya. Ɛɛwɩya, Wɩɩsɩ sɩ kpa kɩna hʋ ʋ aa mara biŋ ʋ nala wɩɩsɩbee tɩyaŋ a tuŋ ma."
25,"But Christ has no favorites! He will punish evil people, just as they deserve.","Wɩbɔŋyaala mɛ sɩ laa ba tuno a maga ba wɩbɔmɔ hʋ ba aa yaa, beewɩya Wɩɩsɩ bee lugisi nala."
1,"Slave owners, be fair and honest with your slaves. Don't forget that you have a Master in heaven.","Yosi tɩmma, ma kɩ tɩŋ wɩtɩɩ, a gyɩŋ tɩya ma tɩɩ abee wɩya hʋ ma aa kpaa kɩ yaa ma yosi. Ma ta yeŋŋe anɩɩ ma mɛ kaŋ Tɩɩna rɛ wɩɩsɩbee tɩyaŋ."
3,"Be sure to pray that God will make a way for us to spread his message and explain the mystery about Christ, even though I am in jail for doing this.","Ma pɛ kyʋwalɩ Wɩɩsɩ kɩ tɩya ma mɛ, dɩ Wɩɩsɩ suri ŋmanɩɩ tɩya ma dɩ á wuwo basɩ Krisita wɩya hʋ fa aa yaa wɩfaŋɩya a tɩya nala. Wɩya no wɩya rɛ tɩŋ ba kana ŋ tɔ nitɔdɩyaŋ."
4,Please pray that I will make the message as clear as possible.,Ma kyʋwalɩ Wɩɩsɩ kɩ tɩya ŋ dɩ ŋ wuwo basɩ wɩya no polli weliŋ anɩɩ gɛɛ aa maga dɩ ŋ basɩ.
6,Be pleasant and hold their interest when you speak the message. Choose your words carefully and be ready to give answers to anyone who asks questions. Final Greetings,"Ma leŋ dɩ ma wɩbasɩɩ buloŋ sʋma aŋ kaŋ tɔnɔ, ka dɩ ma gyɩŋ gɛɛ ma aa sɩ yaa a lɩɩ wɩya sɩya tɩya nal buloŋ. Kyʋwala"
7,"Tychicus is the dear friend, who faithfully works and serves the Lord with us, and he will give you the news about me.","Takikusi sɩ basɩ ŋ wɩkanɩɩ buloŋ tɩya ma. Ʋ yaa á nɩɩnabiikyoolii rɛ, a yaa Wɩɩsɩ tʋŋtʋnnɩ wɩtɩɩ tɩɩna mɛ, a yaa á tʋŋtʋnnɩ-dɔŋtɩɩna mɛ Krisita tʋma hʋ tɩyaŋ."
8,I am sending him to cheer you up by telling you how we are getting along.,"Ŋ aa tɩma ʋ rɛ ma lee dɩ ʋ leŋ ma gyɩŋ gɛɛ ba aa kɩya á tɩyaŋ, ka dɩ ʋ basɩ wɩya tɩya ma dɩ ma tenni polli."
9,"Onesimus, the dear and faithful follower from your own group, is coming with him. The two of them will tell you everything that has happened here.","Ʋ bee Oniisimu rɛ aa ko. Ʋ mɛ yaa á nɩɩnabiikyoolii aa kaŋ wɩtɩɩ rɛ, a yaa ma kɩdɩgɩ mɛ. Ba sɩ basɩ wɩɩ kɛ buloŋ aa yaa daha a tɩya ma."
10,"Aristarchus is in jail with me. He sends greetings to you, and so does Mark, the cousin of Barnabas. You have already been told to welcome Mark, if he visits you.","Arisitaakusi aa kyʋwalɩ ma. Ŋ beel-ʋ buloŋ nɛ ba kaŋ tɔ nɩtɔdɩyaŋ daha. Banabaasɩ nɩɩnabiibaal Maakɩ mɛ aa kyʋwalɩ ma. Ŋ laasɩya basɩ tɩya ma rɛ anɩɩ dɩ ʋ rɛ ko maakyiye ko ma lee, ma kana ʋ weliŋ."
11,"Jesus, who is known as Justus, sends his greetings. These three men are the only Jewish followers who have worked with me for the kingdom of God. They have given me much comfort.","Gyoosʋwa, nal hʋ ba aa yɩrɩ Gyusitu, mɛ aa kyʋwalɩ ma. Ba nala no boto dʋŋ nɛ yaa Gyuuma, a pɛ ŋ tɩyaŋ á kɩ basɩ Wɩɩsɩ koro hʋ wɩya. Ba leŋ ŋ teŋ fɩyɛlɩ rɛ weliŋ."
12,"Your own Epaphras, who serves Christ Jesus, sends his greetings. He always prays hard that you may fully know what the Lord wants you to do and that you may do it completely.",Ɛpafirasɩ mɛ aa kyʋwalɩ ma. Ʋ mɛ yaa Yesu Krisita tʋŋtʋnnɩ rɛ a yaa ma kɩdɩgɩ mɛ. Ʋ aa kyʋwalɩ Wɩɩsɩ kɩ tɩya ma rɛ abee sɩfɩyasɩ saŋa buloŋ dɩ Wɩɩsɩ leŋ ma sɩŋ weliŋ a gyige ma Wɩɩsɩ laadii tɩyaŋ a gyɩŋ Wɩɩsɩ wɩya weliŋ a kɩ yaa ʋ kyɛrɩ wɩɩ buloŋ tɩyaŋ.
13,I have seen how much trouble he has gone through for you and for the followers in Laodicea and Hierapolis.,"Ŋ tɩɩ gyɩŋ gɛɛ hʋ ʋ aa kpaa ʋ dee buloŋ tʋma kɩ tɩya ma rɛ, abee nala hʋ buloŋ aa we Lawudisɩya abee Hiirapolisi tɩyaŋ."
14,"Our dear doctor Luke sends you his greetings, and so does Demas.",Á kyaŋkyoolii Luka aa yaa dɔgɩtɔ abee Dimasɩ buloŋ mɛ aa kyʋwalɩ ma.
15,"Give my greetings to the followers at Laodicea, especially to Nympha and the church that meets in her home.","Ma kyʋwalɩ á nɩmmabalɩya hʋ buloŋ aa we Lawudisɩya tɩyaŋ abee a nɩɩnatoluu Nimfa, abee á nɩmmabalɩya Krisitabiisi hʋ buloŋ aa laŋŋɩ ʋ dɩya tɩyaŋ."
16,"After this letter has been read to your people, be sure to have it read in the church at Laodicea. And you should read the letter that I have sent to them.","Dɩ ma ko karɩmɩ teŋ no teŋ, ma leŋ dɩ ba karɩmɩ ʋ tɩya Wɩɩsɩ nala hʋ aa we Lawudisɩya tɩyaŋ, ka dɩ ma mɛ laa teŋ hʋ ŋ aa saba tɩya Lawudisɩya nala a mɛ karɩmɩ."
17,Remind Archippus to do the work that the Lord has given him to do.,Ma basɩ tɩya Akipu dɩ ʋ yaa sɩfɩyaŋ aŋ teŋ tʋma hʋ á Tɩɩna Wɩɩsɩ aa kpaa tɩya ʋ dɩ ʋ tʋma.
18,I am signing this letter myself: PAUL. Don't forget that I am in jail. I pray that God will be kind to you.,"Lagɩlagɩ no, mɩyaŋ Pɔɔl tɩɩ kyʋwala rɛ nyɛ ŋ sabɩ kɩ tɩya ma abee ŋ tɩɩ noŋ-kɩsabɩya. Ma ta yeŋŋe anɩɩ ba kana ŋ tɔ dɩyaŋ nɛ. Wɩɩsɩ bɔnyɛ sɩ we ma lee."
1,"From Paul, Silas, and Timothy. To the church in Thessalonica, the people of God the Father and of the Lord Jesus Christ. I pray that God will be kind to you and will bless you with peace!","Mɩyaŋ Pɔɔl abee Silaasi abee Timoti rɛ sabɩ teŋ no a kɩ tɩya ma Krisitabiisi hʋ buloŋ aa we Tesaloniika tɩyaŋ, a yaa á Kuwo Wɩɩsɩ abee á Tɩɩna Yesu Krisita nala. Wɩɩsɩ bɔnyɛ abee ʋ fɩyɛlʋʋ sɩ we ma lee."
2,"We thank God for you and always mention you in our prayers. Each time we pray,",Saŋa kɛ buloŋ dɩ ámaa rɛ ko kɩ kyʋwalɩ Wɩɩsɩ á aa liisi ma wɩya rɛ a kɩ kyʋwalɩ ʋ aŋgyʋwasʋ.
4,"My dear friends, God loves you, and we know he has chosen you to be his people.","Ŋ naabalɩya, á gyɩma anɩɩ Wɩɩsɩ kyo ma rɛ weliŋ, a lɩɩ ma dɩ ma yaa ʋ nala."
5,"When we told you the good news, it was with the power and assurance that come from the Holy Spirit, and not simply with words. You knew what kind of people we were and how we helped you.","Beewɩya, á gyɩ aa ko basɩ Yesu Krisita wɩweliye hʋ tɩya ma, ʋ bɩ kɩɩ nɩɩ wɩbasɩɩ dʋŋ nɛ á gyɩ ko basɩ, amɛ á gyɩ daga Wiyesi Welii hʋ dee mɛ rɛ. Á gyɩ daga anɩɩ á kɔnɩ laa di rɛ anɩɩ Wɩɩsɩ wɩweliye hʋ yaa wɩtɩɩ rɛ. Ma gyɩŋ wɩya hʋ á gyɩ aa yaa rɛ saŋa hʋ á aa we ma lee. Ma wɩya rɛ tɩŋ á gyɩ yaa haŋ wɩya hʋ buloŋ."
6,"So, when you accepted the message, you followed our example and the example of the Lord. You suffered, but the Holy Spirit made you glad.","Ma aa tɩŋ á bee á Tɩɩna Krisita naabʋʋsɩ rɛ. Ɛɛwɩya abee tʋwara hʋ buloŋ ma aa naa mɛ gba, ka ma ha laa Yesu Krisita wɩweliye hʋ di rɛ abee teŋfɩyɛlʋʋ hʋ aa lɩɩ Wiyesi Welii hʋ lee."
7,You became an example for all the Lord's followers in Macedonia and Achaia.,"Ɛɛwɩya, ma wɩyaalɩya rɛ nala hʋ buloŋ aa laa Yesu wɩya di a we Masidooniya abee Akaaya paalʋʋ tɩyaŋ kɩ kyesi."
8,"And because of you, the Lord's message has spread everywhere in those regions. Now the news of your faith in God is known all over the world, and we don't have to say a thing about it.","Ma wɩyaalɩya leŋ á Tɩɩna Wɩɩsɩ wɩweliye hʋ taalɩ Masidooniya abee Akaaya paalʋʋ buloŋ nɛ. Ʋ gɛɛ mɛ dʋŋ daa, lee buloŋ tɩyaŋ, ba aa basɩ gɛɛ hʋ ma aa laa Wɩɩsɩ wɩya di rɛ. Ɛɛwɩya, á kɛ bɩl bɩ kaŋ wɩɩ buloŋ á aa sɩ basɩ."
9,Everyone is talking about how you welcomed us and how you turned away from idols to serve the true and living God.,"Nala no tɩɩ aa basɩ gɛɛ hʋ ma aa kaŋ ma weliŋ nɛ saŋa hʋ á aa ko ma lee, abee ɛɛ hʋ ma aa vɩya ma vʋga marɩɩ, aŋ mɩɩgɩ ko kɩ tɩŋ Wɩɩsɩ hʋ aa weye."
10,"They also tell how you are waiting for his Son Jesus to come from heaven. God raised him from death, and on the day of judgment Jesus will save us from God's anger.",Ba bɩl baa dɩ ma aa gyegili ʋ Biye Yesu rɛ nal hʋ ʋ aa kyise sʋʋ tɩyaŋ dɩ ʋ mɩɩgɩ lɩɩ wɩɩsɩbee ko. Ʋ rɛ sɩ laa ma ta kyɛɛ hʋ Wɩɩsɩ aa sɩ di dʋnɩya nala sarɩya abee baaŋ.
1,"My friends, you know our time with you wasn't wasted.","Ŋ naabalɩya, ma tɩɩ gyɩma rɛ anɩɩ á doŋ koyi gyɩ bɩ yaa waasʋ."
2,"As you remember, we had been mistreated and insulted at Philippi. But God gave us the courage to tell you the good news about him, even though many people caused us trouble.","Ma gyɩŋ ɛɛ hʋ ba gyɩ aa dɔgɩsɩ ma rɛ, á tʋʋsɩ ma weliŋ Filipi tɩyaŋ aŋka á na wuwo ko ma lee Tesaloniika tɩyaŋ. Abee nala gyɩ aa pɔɔ kpaŋkpaŋ dɩ á ta basɩ Wɩɩsɩ wɩweliye hʋ buloŋ mɛ, ka Wɩɩsɩ gyɩ leŋ á wuwo ko basɩ ʋ wɩweliye hʋ a tɩya ma rɛ aŋ bɩ fáá kambɩŋ buloŋ."
5,You also know we didn't try to flatter anyone. God himself knows what we did wasn't a cover-up for greed.,Ma tɩɩ gyɩma rɛ anɩɩ nyʋʋpɩŋsʋŋ daa á kpa ko ma lee. Á bɩl bɩ ko dɩ á fugo basɩ wɩya mɛ a laa kɩŋ buloŋ ma lee. Wɩɩsɩ rɛ yaa á daŋsɩya tɩɩna.
6,We were not trying to get you or anyone else to praise us.,Á bɩ ko ma lee a kɩ kyɛ dɩ ma tɩɩ koo nal kɩdɩgɩ buloŋ bigisi ma.
7,"But as apostles, we could have demanded help from you. After all, Christ is the one who sent us. We chose to be like children or like a mother nursing her baby.","Akuu á aa yaa Krisita kpambɩsɩ wɩya á fa aa wuwo á hɔŋ nɛ, ka dɩ ma yaa á wɩkyɛɛlɩya buloŋ kɩ tɩya ma, ka á gyɩ bɩ yaa gɛɛ. Amɛ á gyɩ leŋ á sɩya fɩyɛlɩ rɛ ma lee, anɩɩ haaŋ aa kɩ deŋ ʋ biisi nyuu abee sɩfɩyala gɛɛ."
8,"We cared so much for you, and you became so dear to us, that we were willing to give our lives for you when we gave you God's message.","Á aa kyo ma wɩya, á tenni gyɩ fɩyɛla rɛ kɩŋkaŋ, á paalɩ kpa á tɩɩ tɩya ma, a pɛ Wɩɩsɩ wɩweliye hʋ á aa basɩ tɩya ma tɩyaŋ. Beewɩya, ma wɩya gyɩ kyɩl ma rɛ kɩŋkaŋ."
9,"My dear friends, you surely haven't forgotten our hard work and hardships. You remember how night and day we struggled to make a living, so we could tell you God's message without being a burden to anyone.","Ŋ naabalɩya, ma tɩɩ gyɩma rɛ weliŋ anɩɩ saŋa hʋ á gyɩ aa ko dɩ á basɩ Wɩɩsɩ wɩweliye hʋ tɩya ma, ma tɩɩ naa gɛɛ hʋ á gyɩ aa tʋŋ tʋma suwoli rɛ. Á gyɩ tʋma kyɛɛ bee ʋ nyʋwa buloŋ nɛ, dɩ á ta yaa kyʋga nal buloŋ nyuu tɩyaŋ."
10,Both you and God are witnesses that we were pure and honest and innocent in our dealings with you followers of the Lord.,Mamaa Krisitabiisi hʋ abee Wɩɩsɩ rɛ yaa á daŋsɩya tɩmma anɩɩ saŋa hʋ á gyɩ aa we ma lee á wɩyaalɩya buloŋ gyɩ yaa wɩtɩɩ rɛ a kpa Wɩɩsɩ ŋmanɩɩ mɛ a bɩ kaŋ wɩkyogii buloŋ.
11,You also know we did everything for you that parents would do for their own children.,Ma gyɩma anɩɩ á gyɩ kaŋ ma kɩdɩgɩ buloŋ nɛ weliŋ anɩɩ biisi kuwo aa kaŋ ʋ biisi gɛɛ.
12,"We begged, encouraged, and urged each of you to live in a way that would honor God. He is the one who chose you to share in his own kingdom and glory.","Á gyɩ kyagɩlɩ ma kɩdɩgɩ buloŋ nɛ dɩ ma wuwo tɩŋ wɩtɩɩ hʋ aŋ pɛ basɩ teŋpolli wɩya mɛ tɩya ma buloŋ. Á kpaanɩ ma rɛ dɩ ma leŋ dɩ ma gyogo weliye Wɩɩsɩ sɩya tɩyaŋ, beewɩya Wɩɩsɩ rɛ yɩrɩ ma dɩ ma ko gyʋʋ ʋ koro hʋ tɩyaŋ aŋ pɛ di ʋ gaŋdarɩ mɛ."
14,"My friends, you did just like God's churches in Judea and like the other followers of Christ Jesus there. And so, you were mistreated by your own people, in the same way they were mistreated by their people.","Ŋ naabalɩya, ma bee nala hʋ aa laa Yesu wɩya di a yaa Wɩɩsɩ nala a we Gyudɩya paalʋʋ tɩyaŋ buloŋ yaa kɩdɩgɩ rɛ. Beewɩya tʋwara hʋ ba aa na, ʋ tɩɩ rɛ ma mɛ kɩ na. Ɛɛ hʋ Gyuuma aa yaŋ kɩ dɔgɩsɩ nala hʋ aa laa Yesu Krisita wɩya di a yaa Wɩɩsɩ nala Gyudɩya paalʋʋ tɩyaŋ, ɛɛ tɩɩ rɛ ma mɛ kɩ na tʋwara ma bee nala tɩɩ nosi tɩyaŋ."
15,"Those evil people killed the Lord Jesus and the prophets, and they even chased us away. God doesn't like what they do and neither does anyone else.",Gyuuma no rɛ kpʋʋ á Tɩɩna Yesu abee Wɩɩsɩ tɩŋdaala hʋ. Ba tɩɩ rɛ bɩl aa dɔgɩsɩ ma aŋ kil ma kɩ ta mɛ. Ba leŋ Wɩɩsɩ baaŋ kɩ sii rɛ kɩŋkaŋ ka ba bee nal buloŋ mɛ bɩ wuwo kɩ kpaga dɔmɔŋ. Ba bee yaa Wɩɩsɩ wɩkyɛɛlɩya.
16,They keep us from speaking his message to the Gentiles and from leading them to be saved. They have always gone too far with their sins. Now God has finally become angry and will punish them. Paul Wants To Visit the Church Again,Beewɩya ba paalɩ pɔ rɛ dɩ á ta basɩ Wɩɩsɩ wɩweliye hʋ tɩya nala hʋ aa bɩ yaa Gyuuma dɩ Wɩɩsɩ laa ba ta. Nyɛ rɛ yaŋ marɩ leŋ ba wɩbɔmɔ yʋga ba tɩyaŋ. Lagɩlagɩ no kɛ Wɩɩsɩ yaŋ naa baaŋ nɛ ba nyuu tɩyaŋ. Pɔɔl kyo dɩ ʋ bɩl mɩɩgɩ mʋ na Tesaloniika tɩmma
17,"My friends, we were kept from coming to you for a while, but we never stopped thinking about you. We were eager to see you and tried our best to visit you in person.","Ŋ naabalɩya, ba aa leŋ á porigi dɔmɔŋ ʋ bɩ pɩɩsa. Abee aa bee na ma buloŋ, ka ma wɩya kyɩl ma rɛ kɩŋkaŋ á aa kɩ bɩɩnɩ ma wɩya saŋa buloŋ. Ɛɛwɩya, á aa yaa sɩfɩyaŋ nɛ, dɩ á fa bɩl ko na ma."
20,You alone are our glory and joy!,"Wɩtɩɩ rɛ, ma tɩyaŋ nɛ á teŋfɩyɛlʋʋ abee á bigisii buloŋ kɔnɩ we."
1,"Finally, we couldn't stand it any longer. We decided to stay in Athens by ourselves","Á aa lʋga lɔlɔ dɩ á fa ko na ma, ka ma wɩya mɛ kyɩl ma wɩya, ɛɛ rɛ á na anɩɩ á kɛ sɩ hɔŋ Atɛŋsi tɩyaŋ,"
2,and send our friend Timothy to you. He works with us as God's servant and preaches the good news about Christ. We wanted him to make you strong in your faith and to encourage you.,"ka dɩ á tɩŋ á nɩɩnabiye Timoti dɩ ʋ ko na ma. Á beel-ʋ buloŋ nɛ yaa Wɩɩsɩ tʋŋtʋnna, a basɩ Krisita wɩweliye hʋ a kɩ tɩya nala. Á tɩma ʋ rɛ dɩ ʋ ko basɩ wɩya tɩya ma dɩ ma marɩ sɩŋ wɩya hʋ ma aa laa di tɩyaŋ weliŋ."
3,"We didn't want any of you to be discouraged by all these troubles. You knew we would have to suffer,","Dɩ ma kɩdɩgɩ buloŋ ta ko bɩla hal akuu tʋwara hʋ ma aa na wɩya. Ma tɩɩ gyɩma rɛ anɩɩ dɔgɩsɩɩ no ba aa dɔgɩsɩ ma nyɛ, buloŋ yaa Wɩɩsɩ wɩbiniye rɛ a tɩya ma."
6,Timothy has now come back from his visit with you and has told us about your faith and love. He also said that you always have happy memories of us and that you want to see us as much as we want to see you.,"Amɛ lagɩlagɩ no, Timoti aa lɩɩ ma lee ko, ʋ kaŋ duwosi-welii rɛ ko tɩya ma. Ʋ basɩ tɩya ma rɛ anɩɩ ma kaŋ wɩya hʋ ma aa laa di weliŋ nɛ, a kaŋ kyori mɛ. Ʋ bɩl basɩ tɩya ma anɩɩ ma aa kɩ liisi á wɩya rɛ weliŋ saŋa kɛ buloŋ, a kyo dɩ ma na ma, anɩɩ á mɛ aa kyo dɩ á na ma gɛɛ."
7,"My friends, even though we have a lot of trouble and suffering, your faith makes us feel better about you.","Ɛɛwɩya ŋ naabalɩya, abee tʋwara no bee wɩgyʋʋlɩya no buloŋ á aa na nyɛ amɛ á tenni ha pollo rɛ akuu laadii hʋ ma kana wɩya."
8,Your strong faith in the Lord is like a breath of new life.,"Ma aa sɩŋ weliŋ á Tɩɩna Yesu wɩya hʋ ma aa laa di tɩyaŋ wɩya, nyɛ kɛ á dʋnɩya tɩyaŋ weyi kaŋ tɔnɔ rɛ."
9,How can we possibly thank God enough for all the happiness you have brought us?,Á bɩ sɩ wuwo kyʋwalɩ Wɩɩsɩ teŋ ma wɩya. Á aa kɩ kyʋwalɩ ʋ aŋgyʋwasʋ rɛ weliŋ akuu teŋfɩyɛlʋʋ hʋ á aa kana ʋ sɩya tɩyaŋ ma wɩya.
10,Day and night we sincerely pray that we will see you again and help you to have an even stronger faith.,"Kyɛɛ bee ʋ nyʋwa buloŋ nɛ á aa kɩ sʋla Wɩɩsɩ abee á tɩya buloŋ dɩ ʋ leŋ dɩ á bɩl ko na ma, a kyiyeli ma dɩ ma marɩ sɩŋ wɩya hʋ ma laa di tɩyaŋ weliŋ a mʋ teŋ."
11,We pray that God our Father and our Lord Jesus will let us visit you.,Á aa sʋla á Kuwo Wɩɩsɩ abee á Tɩɩna Yesu rɛ dɩ ba suri ŋmanɩɩ tɩya ma dɩ á bɩl ko ma lee.
12,May the Lord make your love for each other and for everyone else grow by leaps and bounds. This is how our love for you has grown.,"Á bɩl aa sʋla á Tɩɩna Yesu rɛ dɩ ʋ kyiyeli ma dɩ ma marɩ kyo dɔmɔŋ kɩŋkaŋ buloŋ, a kyo nal buloŋ mɛ weliŋ, anɩɩ á aa kyo ma gɛɛ."
13,"And when our Lord comes with all his people, I pray he will make your hearts pure and innocent in the sight of God the Father.","Á Tɩɩna Yesu sɩ leŋ dɩ ma hakɩllɩ pɩŋ weliŋ, dɩ ma kaŋ tɩpʋlʋŋ á Kuwo Wɩɩsɩ sɩya tɩyaŋ, a ta kaŋ wɩkyogii buloŋ kyɛɛ hʋ á Tɩɩna Yesu bee ʋ nala buloŋ aa sɩ mɩɩgɩ ko."
1,"Finally, my dear friends, since you belong to the Lord Jesus, we beg and urge you to live as we taught you. Then you will please God. You are already living that way, but try even harder.","Ŋ naabalɩya, wɩkaalɩɩ hʋ ŋ aa kana dɩ ŋ basɩ tɩya ma rɛ nyɛ; á daga ma wɩya hʋ ma aa sɩ kɩ yaa rɛ dɩ Wɩɩsɩ teŋ fɩyɛlɩ ma nyuu tɩyaŋ. Ɛɛwɩya, á aa sʋla ma abee sɩfɩyasɩ, á Tɩɩna Yesu feŋ tɩyaŋ anɩɩ ɛɛ hʋ ma aa yaa wɩya hʋ Wɩɩsɩ aa kyɛ lagɩlagɩ no, ma marɩ kɩ yaa gɛɛ yʋga yʋga."
2,Remember the instructions we gave you as followers of the Lord Jesus.,"Beewɩya ma tɩɩ gyɩŋ wɩya hʋ á aa kpaa daga ma rɛ, á Tɩɩna Yesu Krisita dee tɩyaŋ."
3,"God wants you to be holy, so don't be immoral in matters of sex.",Wɩɩsɩ aa kyɛ dɩ ma yaa tɩpʋlʋŋ tɩmma aa bɩ kaŋ bisiŋ buloŋ ʋ sɩya tɩyaŋ nɛ aŋ lɩɩ ma tɩɩ sɔŋsɔŋ tɩyaŋ.
5,Don't be a slave of your desires or live like people who don't know God.,"Ma ta tɩŋ ma tɩɩ teŋbii wɩkyɛɛlɩya tɩyaŋ, a gɔllɩ kɩ yaa sɔŋsɔŋ wɩya anɩɩ nala aa bɩ gyɩŋ Wɩɩsɩ."
6,"You must not cheat any of the Lord's followers in matters of sex. Remember, we warned you that he punishes everyone who does such things.","Ɛɛ wɩya wɩɩ no tɩyaŋ nal buloŋ ta yaa wɩɩ kyogi ʋ dɔŋtɩɩna, koo a firimi ʋ dɔŋtɩɩna. Á basɩ tɩya ma rɛ abee sɩfɩyasɩ faafaa buloŋ anɩɩ Wɩɩsɩ sɩ dɔgɩsɩ nala hʋ aa yaa bisiŋ wɩya no iriŋ."
8,"So if you don't obey these rules, you are not really disobeying us. Instead, you are disobeying God, who gives you his Holy Spirit.","Ɛɛwɩya nal hʋ buloŋ aa vɩya wɩya no ŋ aa basa, nihuwobiŋ nyʋwa daa ʋ tɩɩna vɩya, amɛ Wɩɩsɩ, nal hʋ aa kpaa ʋ Wiyesi Welii hʋ we ma tɩyaŋ, nyʋwa rɛ ʋ tɩɩna vɩya gɛɛ."
9,"We don't have to write you about the need to love each other. God has taught you to do this,","Nyɛ kɛ ʋ bɩl bɩ maga dɩ ŋ sabɩ teŋ a basɩ tɩya ma gɛɛ hʋ ma aa sɩ kyo dɔmɔŋ, beewɩya Wɩɩsɩ tɩɩ daga ma gɛɛ aa maga dɩ ma kyo dɔmɔŋ nɛ."
10,"and you already have shown your love for all his people in Macedonia. But, my dear friends, we ask you to do even more.","Wɩtɩɩ rɛ, ma paalɩ kyo nala hʋ aa laa Yesu wɩya di a we Masidooniya paalʋʋ tɩyaŋ buloŋ nɛ. Ŋ naabalɩya, á yaŋ aa sʋl ma abee sɩfɩyasɩ rɛ dɩ ma marɩ kyo ba te gɛɛ."
11,"Try your best to live quietly, to mind your own business, and to work hard, just as we taught you to do.","Ma kɩ lʋga dɩ ma leŋ dɩ ma sɩya fɩyɛlɩ saŋa buloŋ, ka dɩ ma kpa ma nyuni we ma tɩɩ tʋma tɩyaŋ, a wuwo tʋma kɩ na ma kɩkyɛɛlɩya anɩɩ á aa laasɩya basɩ gɛɛ tɩya ma."
12,"Then you will be respected by people who are not followers of the Lord, and you won't have to depend on anyone. The Lord's Coming","Nyɛ rɛ sɩ leŋ dɩ nala hʋ aa bɩ laa Wɩɩsɩ di kɩ tɩya ma gyɩrɩma, ka ma ta bɩl hɔŋ gbal nal buloŋ mɛ dɩ ʋ tɩya ma ma kɩkyɛɛlɩya. Á Tɩɩna Yesu mɩɩgɩ koyi"
13,"My friends, we want you to understand how it will be for those followers who have already died. Then you won't grieve over them and be like people who don't have any hope.","Ŋ naabalɩya, á aa kyɛ dɩ ma gyɩŋ wɩtɩɩ hʋ aa we nala aa sʋba lugo tɩyaŋ nɛ, dɩ ma tɩsɩ ta kyogo kɩŋkaŋ anɩɩ nala aa bɩ kaŋ bayɩyɛla."
14,"We believe Jesus died and was raised to life. We also believe that when God brings Jesus back again, he will bring with him all who had faith in Jesus before they died.","Á aa laa di anɩɩ Yesu sʋba aŋ mɩɩgɩ sii sʋʋ tɩyaŋ gɛɛ, ɛɛ tɩɩ rɛ á laa di mɛ anɩɩ saŋa hʋ Yesu aa sɩ mɩɩgɩ ko, Wɩɩsɩ sɩ kyisi nala hʋ aa laa Yesu wɩya di aŋ sʋba mɛ dɩ ba tɩŋa ʋ hal ko."
16,"With a loud command and with the shout of the chief angel and a blast of God's trumpet, the Lord will return from heaven. Then those who had faith in Christ before they died will be raised to life.","Beewɩya á Tɩɩna Yesu tɩɩ aa maakyiye ʋ lɩɩ wɩɩsɩbee rɛ a ko a nɔsɩ basɩ wɩya. Malɩkasɩ nɩhɩyawʋ hʋ mɛ sɩ nɔsɩ basɩ wɩya, ka dɩ á nɩɩ dɩ ba mʋʋ Wɩɩsɩ kabɩl hʋ mɛ. Ɛɛ tɩyaŋ nɛ Wɩɩsɩ sɩ laasɩya kyisi nala hʋ buloŋ aa laa Krisita wɩya di aŋ sʋba."
17,"Next, all of us who are still alive will be taken up into the clouds together with them to meet the Lord in the sky. From that time on we will all be with the Lord forever.","Á nala hʋ mɛ ha aa we á mɩɩbol tɩyaŋ, ʋ sɩ kasɩ ma a pɛ nala hʋ ʋ aa kyise sʋʋ hʋ tɩyaŋ, dɩ á buloŋ sii gyɩŋ kyeŋ á Tɩɩna Yesu taala tɩyaŋ a we ʋ lee a kaŋ kɩ mʋ deŋdeŋ."
18,Encourage each other with these words.,"Ɛɛwɩya, ma basɩ teŋpolli wɩya no a kɩ fɩyɛlɩ dɔmɔŋ bembiye."
1,I don't need to write you about the time or date when all this will happen.,"Ŋ naabalɩya, kyɛɛ hʋ abee saŋa hʋ tɩyaŋ wɩya no aa sɩ yaa, ʋ bɩ yaa wɩɩ ŋ bɩl aa sɩ sabɩ basɩ kɩ tɩya ma,"
2,You surely know that the Lord's return will be as a thief coming at night.,beewɩya ma tɩɩ gyɩma rɛ weliŋ anɩɩ kyɛɛ hʋ á Tɩɩna Yesu aa sɩ mɩɩgɩ ko sɩ pirigi ma tɩyaŋ gɛɛ anɩɩ gaal aa pirigi ko tebine gɛɛ.
3,People will think they are safe and secure. But destruction will suddenly strike them like the pains of a woman about to give birth. And they won't escape.,"Haŋ saŋa hʋ nala aa sɩ kɩ bɩɩnɩ anɩɩ lee fɩyɛla rɛ dɩ wɩɩ buloŋ tuwo, ɛɛ tɩyaŋ nɛ baloo sɩ pirigi gyʋʋ ba, anɩɩ haaŋ halʋllɩ-luwol aa pirigi kɩ wɩɩ ʋ gɛɛ. Ka nal buloŋ mɛ bɩ sɩ wuwo fá lɩɩ baloo no tɩyaŋ."
4,"My dear friends, you don't live in darkness, and so that day won't surprise you like a thief.","Amɛ ŋ naabalɩya, ma kɛ tuwo bilhuu tɩyaŋ. Ɛɛwɩya ʋ bɩ maga dɩ kyɛɛ hʋ ko pirigi ma tɩyaŋ anɩɩ gaal."
5,You belong to the light and live in the day. We don't live in the night or belong to the dark.,"Ma buloŋ yaa nala aa we pʋlʋŋ tɩyaŋ nɛ, a yaa sɩgballɩya nala. Á bɩ yaa tebine koo bilhuu tɩyaŋ nala."
7,"People sleep during the night, and some even get drunk.",Tebine rɛ nala kɩ pɩŋ doo. Tebine mɛ rɛ nala nyʋwa sɩŋ kɩ bugo.
9,"God doesn't intend to punish us, but wants us to be saved by our Lord Jesus Christ.","Beewɩya Wɩɩsɩ bɩ lɩɩ ma dɩ ʋ dɔgɩsɩ ma, ʋ lɩɩ ma rɛ dɩ ʋ tɩŋ á Tɩɩna Yesu Krisita tɩyaŋ a laa ma ta."
10,"Christ died for us, so we could live with him, whether we are alive or dead when he comes.","Á wɩya rɛ Yesu sʋba dɩ gɛɛ leŋ dɩ a beel-ʋ we doŋ a kɩ mʋ deŋdeŋ, di ámaa rɛ sʋba koo dɩ ámaa rɛ weye saŋa hʋ ʋ aa sɩ mɩɩgɩ ko."
11,"This is why you must encourage and help each other, just as you are already doing. Final Instructions and Greetings","Ɛɛ wɩya ma basɩ teŋ polli wɩya no kɩ tɩya dɔmɔŋ, a kɩ kyiyeli dɔmɔŋ mɛ Wɩɩsɩ ŋmanɩɩ tɩŋɩɩ tɩyaŋ anɩɩ ma aa yaŋ kɩ yaa gɛɛ."
12,"My friends, we ask you to be thoughtful of your leaders who work hard and tell you how to live for the Lord.","Á nɩmmabalɩya, á aa sʋl ma, nala hʋ Wɩɩsɩ aa lɩya ba yaa ma sɩlaala, ka ba kpa ba sɩfɩyaŋ buloŋ we tʋma no tɩyaŋ, a kɩ deŋ ma nyuu tɩyaŋ a kɩ daga ma mɛ, ʋ maga dɩ ma kɩ tɩya ba gyɩrɩma rɛ."
13,Show them great respect and love because of their work. Try to get along with each other.,"Ma kɩ tɩya ba gyɩrɩma, a kyo ba mɛ weliŋ akuu tʋma hʋ ba aa tʋŋ wɩya. Ma leŋ fɩyɛlʋʋ we ma hɔnɩɩ tɩyaŋ."
14,"My friends, we beg you to warn anyone who isn't living right. Encourage anyone who feels left out, help all who are weak, and be patient with everyone.","Á nɩmmabalɩya, á aa sʋl ma abee sɩfɩyasɩ dɩ ma kɩ kʋrɩsɩ teŋwɩɩ tɩmma dɩgɩna, a basɩ wɩya kɩ nyaasɩ nala hʋ aa fá kambɩŋ nyuni, aŋ kɩ kyiyeli nala hʋ aa bɩ sɩŋ weliŋ Wɩɩsɩ wɩya hʋ tɩyaŋ. Ma kaŋ kenyiri abee nal buloŋ."
15,"Don't be hateful to people, just because they are hateful to you. Rather, be good to each other and to everyone else.","Ma pɔ dɩ nal buloŋ ta ko yaa wɩbɔŋ tuŋ ʋ dɔŋtɩɩna. Amɛ saŋa kɛ buloŋ, ma yaa wɩweliye kɩ tɩya dɔmɔŋ abee nal buloŋ."
18,"Whatever happens, keep thanking God because of Jesus Christ. This is what God wants you to do.","Wɩɩ kɛ buloŋ tɩyaŋ, ma kyʋwalɩ Wɩɩsɩ aŋgyʋwasʋ, beewɩya nyɛ rɛ Wɩɩsɩ kɩ kyɛ dɩ ma nala hʋ bee Yesu Krisita aa yaa kɩdɩgɩ kɩ yaa."
19,Don't turn away God's Spirit,Ma ta kɩ tɔ Wiyesi Welii hʋ tʋma ma tɩyaŋ.
21,Put everything to the test. Accept what is good,"Amɛ ma sʋnnɩ wɩya no buloŋ na, a lɩɩ wɩya hʋ aa weliye."
22,and don't have anything to do with evil.,Ma lɩɩ ma tɩɩma wɩbɔmɔ iriŋ kɛ buloŋ tɩyaŋ.
23,"I pray that God, who gives peace, will make you completely holy. And may your spirit, soul, and body be kept healthy and faultless until our Lord Jesus Christ returns.","Á aa sʋla Wɩɩsɩ rɛ, fɩyɛlʋʋ tɩtɩyal hʋ, dɩ ʋ sasɩ ma wɩbɔmɔ buloŋ ta aŋ leŋ dɩ ma yaa tɩpʋlʋŋ tɩmma ma wɩɩ buloŋ tɩyaŋ, a ta kaŋ bisiŋ koo wɩkyogii buloŋ ma mɩɩbol tɩyaŋ haalɩ a mʋ pele kyɛɛ hʋ á Tɩɩna Yesu Krisita aa sɩ mɩɩgɩ ko."
24,"The one who chose you can be trusted, and he will do this.","Nal hʋ aa yɩrɩ ma kɔnɩ sɩ yaa wɩɩ no tɩya ma rɛ, beewɩya ʋ yaa wɩtɩɩ Tɩɩna rɛ."
25,"Friends, please pray for us.","Á nɩmmabalɩya, ma mɛ sʋla Wɩɩsɩ kɩ tɩya ma."
26,Give the Lord's followers a warm greeting.,"Ma kyʋwalɩ á nɩmmabalɩya hʋ buloŋ weliŋ, weliŋ."
27,In the name of the Lord I beg you to read this letter to all his followers.,Ŋ aa sʋla ma abee sɩfɩyasɩ rɛ á Tɩɩna Yesu Krisita feŋ tɩyaŋ dɩ ma karɩmɩ teŋ no a tɩya á nɩmmabalɩya hʋ buloŋ.
28,I pray that our Lord Jesus Christ will be kind to you!,Á Tɩɩna Yesu Krisita bɔnyɛ sɩ we ma lee.
1,"From Paul, Silas, and Timothy. To the church in Thessalonica, the people of God our Father and of the Lord Jesus Christ.","Mɩyaŋ Pɔɔl abee Silaasi abee Timoti rɛ sabɩ teŋ no kɩ tɩya ma Krisitabiisi hʋ aa we Tesaloniika tɩyaŋ, a yaa á Kuwo Wɩɩsɩ abee á Tɩɩna Yesu Krisita nala."
2,I pray that God our Father and the Lord Jesus Christ will be kind to you and will bless you with peace! When Christ Returns,Á Kuwo Wɩɩsɩ abee á Tɩɩna Yesu Krisita bɔnyɛ abee ba fɩyɛlʋʋ sɩ we ma lee. Sarɩya hʋ Yesu aa sɩ di nala ʋ kyɛkoolii
3,"My dear friends, we always have good reason to thank God for you, because your faith in God and your love for each other keep growing all the time.","Ŋ naabalɩya, ʋ yaa kparaama rɛ dɩ á kɩ kyʋwalɩ Wɩɩsɩ aŋgyʋwasʋ saŋa buloŋ ma wɩya anɩɩ gɛɛ aa maga. Beewɩya laadii hʋ ma aa kana abee kyori hʋ ma kɩdɩgɩ buloŋ aa kana bee dɔmɔŋ marɩ yʋga kɩ pɛ rɛ."
4,"This is why we brag about you to all of God's churches. We tell them how patient you are and how you keep on having faith, even though you are going through a lot of trouble and suffering.","Ɛɛwɩya, á aa kɩ bigisi ma rɛ ma dɔŋtɩŋsɩ Wɩɩsɩ nala lee, beewɩya abee tʋwara hʋ bee dɔgɩsɩɩ hʋ buloŋ ma aa na, ka ma ha kaŋ mala rɛ ma laadii tɩyaŋ."
5,All this shows that God judges fairly and is making you fit to share in his kingdom for which you are suffering.,Wɩya no buloŋ daga anɩɩ Wɩɩsɩ kaŋ wɩtɩɩ rɛ ʋ sarɩya dii tɩyaŋ. Nyɛ rɛ sɩ leŋ dɩ ma maga wɩɩsɩbee koro hʋ wɩya ma aa na tʋwara no gyʋʋyɩ.
6,"It is only right for God to punish everyone who is causing you trouble,","Wɩɩsɩ yaa wɩtɩɩ tɩɩna rɛ, ɛɛwɩya ʋ sɩ dɔgɩsɩ nala hʋ buloŋ aa dɔgɩsɩ ma."
7,"but he will give you relief from your troubles. God will do the same for us, when the Lord Jesus comes from heaven with his powerful angels","Ka dɩ ʋ tɩya á bee ma nala hʋ buloŋ aa na tʋwara wiyese kyɛɛ hʋ á Tɩɩna Yesu bee ʋ malɩka-gaduwogo diŋgel aa sɩ baarɩ ba, dɩ ba lɩɩ wɩɩsɩbee ko,"
8,and with a flaming fire. Our Lord Jesus will punish anyone who doesn't know God and won't obey his message.,a dɔgɩsɩ nala hʋ aa vɩya ʋ nyʋwa abee nala hʋ aa bee tɩŋ á Tɩɩna Yesu wɩweliye hʋ.
9,"Their punishment will be eternal destruction, and they will be kept far from the presence of our Lord and his glorious strength.","Nala no rɛ Wɩɩsɩ sɩ leŋ dɩ ba na dɔgɩsɩɩ hʋ aa bɩ kaŋ tenii, ka dɩ ʋ kaŋ ba porigi lɩɩ á Tɩɩna Yesu bee ʋ gaŋdarɩ hʋ buloŋ tɩyaŋ."
10,"This will happen on the day when the Lord returns to be praised and honored by all who have faith in him and belong to him. This includes you, because you believed what we said.","Haŋ Kyɛɛ hʋ ʋ aa sɩ mɩɩgɩ ko, nala hʋ buloŋ aa laa ʋ wɩya di a yaa tɩpʋlʋŋ tɩmma ba sɩ kyʋwalɩ ʋ a leŋ dɩ ʋ feŋ yɩrɩ. Ma mɛ pɛɛ nala no tɩyaŋ nɛ, beewɩya ma laa wɩya hʋ á basɩ tɩya ma dɩ rɛ."
11,"God chose you, and we keep praying that God will make you worthy of being his people. We pray for God's power to help you do all the good things you hope to do and your faith makes you want to do.","Ɛɛ rɛ tɩŋ á kyʋwalɩ Wɩɩsɩ kɩ tɩya ma saŋa buloŋ. Á aa sʋl Wɩɩsɩ rɛ dɩ ʋ leŋ ma maga bee wɩya hʋ wɩya ʋ aa yɩrɩ ma yayɩ, aŋ tɩya ma dee dɩ ma kɩ yaa wɩweliye hʋ buloŋ ma aa kyɛ dɩ ma yaa, ka dɩ ma tʋŋ tʋma hʋ mɛ ma aa tʋŋ ma laadii nyubaanɩŋ a mʋ teŋ."
12,"Then, because of the undeserved grace of God and our Lord Jesus Christ, you will bring honor to the name of our Lord Jesus, and he will bring honor to you.","Nyɛ rɛ sɩ leŋ dɩ á Tɩɩna Yesu feŋ tɩŋ ma tɩyaŋ a yɩrɩ, ka dɩ ʋ leŋ ma mɛ feŋ yɩrɩ. Á Kuwo Wɩɩsɩ abee á Tɩɩna Yesu Krisita lahɔrʋmɔ tɩyaŋ nɛ wɩɩ no sɩ yaa."
1,"When our Lord Jesus returns, we will be gathered up to meet him. So I ask you, my friends,","Ŋ naabalɩya, nyɛ kɛ ŋ aa kyɛ dɩ ŋ basɩ á Tɩɩna Yesu Krisita mɩɩgɩ koyi abee gɛɛ hʋ ʋ aa sɩ kaŋ á beel-ʋ buloŋ laŋŋɩ dɔmɔŋ haŋ kyɛɛ hʋ wɩya polli weliŋ nɛ a tɩya ma."
5,Don't you remember I told you this while I was still with you?,"Ma bɩ liise anɩɩ ŋ gyɩ aa we ma lee, ŋ gyɩ basɩ wɩya no buloŋ tɩya ma rɛ?"
6,You already know what is holding this wicked one back until it is time for him to come.,"Ma tɩɩ gyɩŋ wɩɩ hʋ aa tɔɔ tahaa tɩɩna no koyi ŋmanɩɩ rɛ? Amɛ dɩ saŋa hʋ rɛ ko pele, ʋ sɩ kana ʋ tɩɩ ko lɩɩ lɩgyalɩɩ dɩ nal buloŋ na ʋ."
7,"His mysterious power is already at work, but someone is holding him back. And the wicked one won't appear until this someone is out of the way.",Nala teŋ paalɩ piili lʋwɔlɩ kɩ yaa tahaa wɩya rɛ amɛ wɩɩ hʋ aa sɩ yaa bɩ sɩ wuwo yaa see dɩ ba aa kaŋ nal hʋ aa tɔɔ wɩya no yayɩ ŋmanɩɩ turi ta.
9,"When the wicked one appears, Satan will pretend to work all kinds of miracles, wonders, and signs.","Tahaa tɩɩna hʋ sɩ ko Sɩtaanɩ dee tɩyaŋ, a yaa wɩnyɩyɛ-wɩmagɩla abee wɩkperiye iriŋ buloŋ."
10,"Lost people will be fooled by his evil deeds. They could be saved, but they will refuse to love the truth and accept it.","Ʋ sɩ nyɩya tahaa wɩnyɩyɛ-iriŋ buloŋ a mʋrɩ nala hʋ aa nyʋgɩsɩ Wɩɩsɩ ŋmanɩɩ tɩyaŋ. Ba aa nyʋgɩsɩ rɛ, beewɩya ba vɩya ba aa sɩ kyo wɩtɩɩ hʋ aa sɩ leŋ dɩ Wɩɩsɩ laa ba ta rɛ."
11,So God will make sure they are fooled into believing a lie.,"Ɛɛwɩya, Wɩɩsɩ leŋ wɩnyɩyɛl kaŋ dee ba hakɩllɩ tɩyaŋ nɛ ba kɩ tɩŋ wɩnyɩyɛl dʋŋ."
13,"My friends, the Lord loves you, and it is only natural for us to thank God for you. God chose you to be the first ones to be saved. His Spirit made you holy, and you put your faith in the truth.","Á nɩmmabalɩya Wɩɩsɩ aa kyo, ʋ maga dɩ á kɩ kyʋwalɩ Wɩɩsɩ aŋgyʋwasʋ rɛ saŋa buloŋ ma wɩya beewɩya Wɩɩsɩ foŋ lɩɩ ma rɛ a lɩɩ piilii hʋ tɩyaŋ buloŋ dɩ ʋ laa ma ta. Wɩɩsɩ tɩŋ ʋ Wiyesi Welii hʋ dee tɩyaŋ nɛ a laa ma ta a leŋ ma yaa tɩpʋlʋŋ tɩmma ʋ sɩya tɩyaŋ akuu ma aa laa wɩtɩɩ hʋ dɩ wɩya."
14,God used our preaching as his way of inviting you to share in the glory of our Lord Jesus Christ.,Wɩɩsɩ tɩŋ ʋ wɩweliye hʋ á aa basɩ tɩya ma tɩyaŋ nɛ a yɩrɩ ma dɩ ma yaa ʋ nala a mɛ kaŋ tol á Tɩɩna Yesu Krisita gaŋdarɩ hʋ tɩyaŋ.
15,"My friends, this is why you must remain faithful and follow closely what we taught you in person and by our letters.","Ŋ naabalɩya, wɩtɩɩ hʋ á aa gʋnna rɛ á mɛ kpa kɩ daga ma. Ɛɛwɩya ma sɩŋ ʋ tɩyaŋ weliŋ, dɩ ʋ yaa á wɩbasɩɩ tɩyaŋ koo dɩ wɩya hʋ á saba tɩya ma tɩyaŋ nɛ."
16,God our Father loves us. He treats us with undeserved grace and has given us eternal comfort and a wonderful hope. We pray that our Lord Jesus Christ and God our Father,Á kuwo Wɩɩsɩ kyo ma rɛ. Ʋ bɔnyɛ tɩyaŋ nɛ ʋ leŋ á bembiye pɩŋ lɩdɩgɩ kɩ mʋ deŋdeŋ ka ʋ tɩya ma bayɩyɛla hʋ aa weliye.
1,"Finally, our friends, please pray for us. This will help the message about the Lord to spread quickly, and others will respect it, just as you do.","Á nɩmmabalɩya, wɩya hʋ ŋ aa basɩ kateŋsi rɛ nyɛ. Ma kyʋwalɩ Wɩɩsɩ kɩ tɩya ma dɩ á Tɩɩna Yesu Krisita wɩweliye hʋ taalɩ laa lee buloŋ lagɩ lagɩ, ka dɩ nala laa wɩweliye no dɩ abee gyɩrɩma anɩɩ ma mɛ gyɩ aa laa di abee gyɩrɩma gɛɛ."
2,"Pray that we may be kept safe from worthless and evil people. After all, not everyone has faith.","Ma bɩl kyʋwalɩ Wɩɩsɩ kɩ tɩya ma, dɩ ʋ lɩɩ ma tahaa tɩmma abee nɩbɔmɔ nosi tɩyaŋ, beewɩya nala buloŋ daa laa Wɩɩsɩ wɩya hʋ di."
3,But the Lord can be trusted to make you strong and protect you from harm.,Amɛ á Tɩɩna Yesu kaŋ yellii rɛ kɩŋkaŋ. Ʋ sɩ tɩya ma dee a pɔ ma dɩ nɩbɔmɔ ta wuwo ma.
4,He has made us sure that you are obeying what we taught you and that you will keep on obeying.,"Á Tɩɩna Wɩɩsɩ nyubaanɩŋ á laa ma di rɛ, anɩɩ wɩya hʋ á aa basɩ tɩya ma, ma aa yaa ba rɛ. Á ha laa di mɛ rɛ anɩɩ ma sɩ kaŋ gɛɛ kɩ mʋ deŋdeŋ."
5,I pray that the Lord will guide you to be as loving as God and as patient as Christ. Warnings against Laziness,"Ŋ aa sʋla á Tɩɩna rɛ dɩ ʋ leŋ dɩ ma wuwo gyɩŋ gɛɛ hʋ Wɩɩsɩ aa kyo ma, ka dɩ ma kaŋ mala anɩɩ Krisita tɩɩ aa kaŋ mala gɛɛ. Ʋ bɩ maga dɩ nal buloŋ kaŋ teŋwɩɩ"
6,"My dear friends, in the name of the Lord Jesus, I beg you not to have anything to do with any of your people who loaf around and refuse to obey the instructions we gave you.","Á nɩmmabalɩya, á basɩ kɩ tɩya ma rɛ abee sɩfɩyasɩ á Tɩɩna Yesu Krisita feŋ tɩyaŋ, Krisitabiisi hʋ aa kaŋ teŋwɩɩ aŋ bee tɩŋ wɩya hʋ á aa basɩ tɩya ba, ma lɩɩ ma tɩɩ ba tɩyaŋ."
7,"You surely know that you should follow our example. We didn't waste our time loafing,",Ma tɩɩ gyɩma rɛ weliŋ anɩɩ ʋ maga dɩ ma kɩ kyesi á wɩyaalɩya rɛ. Á gyɩ bɩ kaŋ teŋwɩɩ saŋa hʋ á aa we ma lee.
8,"and we didn't accept food from anyone without paying for it. We didn't want to be a burden to any of you, so night and day we worked as hard as we could.","Á gyɩ bɩ dii nal buloŋ kɩdiiliye dɩ á bɩ tuŋ ʋ tɩɩna. Amɛ á tʋma rɛ weliŋ a suwoli kyɛɛ bee ʋ nyʋwa buloŋ dɩ á wuwo na á kɩkyɛɛlɩya, dɩ á ta yaa kyʋga a tɩya ma kɩdɩgɩ buloŋ."
11,"Now we learn that some of you just loaf around and won't do any work, except the work of a busybody.","Wɩɩ hʋ aa tɩŋ á kɩ basɩ nyɛ, á nɩya anɩɩ teŋwɩɩ tɩmma we ma tɩyaŋ nɛ, a bee tʋŋ tʋŋ buloŋ, see dɩ ba gɔllɩ kpa ba nyʋʋsɩ we nala wɩya dʋŋ tɩyaŋ a basɩ kɩ baŋ."
12,"So, for the sake of our Lord Jesus Christ, we ask and beg these people to settle down and start working for a living.","Á Tɩɩna Yesu Krisita feŋ tɩyaŋ á aa kpaanɩ nala hʋ aa kaŋ gyogo no iriŋ nɛ abee sɩfɩyasɩ, a kɩ kʋrɩsɩ ba dɩgɩna mɛ, dɩ ba kaŋ ba tɩɩ weliŋ a tʋŋ tʋma a wuwo kɩ na ba kɩkyɛɛlɩya."
13,"Dear friends, you must never become tired of doing right.","Amɛ á nɩmmabalɩya, ma kɛ ta leŋ dɩ ma lɔgɩ lɩɩ wɩweliye yayɩ."
14,Be on your guard against any followers who refuse to obey what we have written in this letter. Put them to shame by not having anything to do with them.,"Dɩ nal lɛ we ma tɩyaŋ a bee tɩŋ wɩya hʋ á aa basɩ tɩya ma teŋ no tɩyaŋ, ma gyɩŋ ʋ tɩɩna wɩya weliŋ. Ma ta leŋ dɩ ma beel-ʋ pɛ wɩɩ buloŋ dɩ gɛɛ leŋ hɩɩsɩ kana ʋ."
15,"Don't consider them your enemies. Instead, speak kindly to them as you would to any other follower. Final Prayer",Amɛ ma ta kpaa ʋ anɩɩ ʋ yaa ma dɔŋ nɛ. Ma basɩ wɩya kʋrɩsɩ ʋ dɩgɩna anɩɩ ma krisitabii-dɔŋtɩɩna. Kyʋwala
16,"I pray that the Lord, who gives peace, will always bless you with peace. May the Lord be with all of you.","Á aa sʋl á Tɩɩna Krisita tɩɩ rɛ, nal hʋ aa yaa fɩyɛlʋʋ tɩɩna dɩ ʋ tɩya ma fɩyɛlʋʋ saŋa buloŋ wɩɩ buloŋ tɩyaŋ. Á Tɩɩna Krisita sɩ we ma buloŋ lee."
18,I pray that our Lord Jesus Christ will be kind to all of you.,Á Tɩɩna Yesu Krisita bɔnyɛ sɩ we ma lee.
1,"From Paul. God our Savior and Christ Jesus commanded me to be an apostle of Christ Jesus, who gives us hope.","Mɩyaŋ Pɔɔl lɛ sabɩ teŋ no a kɩ tɩya Ɩ Timoti. Wɩɩsɩ, á laataal abee Yesu Krisita, laataal hʋ tɩyaŋ á bayɩyɛla aa we, ba aa rɛ lɩɩ ŋ ba dee tɩyaŋ, ŋ yaa Yesu Krisita kpambɩya."
2,"Timothy, because of our faith, you are like a son to me. I pray that God our Father and our Lord Jesus Christ will be kind and merciful to you. May they bless you with peace! Warning against False Teaching","Timoti, akuu á buloŋ aa laa Krisita di wɩya, ɩ bɩrɩmɩ ŋ biye tɩɩ rɛ. Á Kuwo Wɩɩsɩ abee á Tɩɩna Yesu Krisita bɔnyɛ tɩyaŋ, ba sɩ fá ɩ sikii, a leŋ dɩ ɩ hɔŋ abee laaŋfɩya. Ma pɔ ma tɩɩma abee wɩnyɩyɛl-dɩdagɩla"
4,You needed to warn them to stop wasting their time on senseless stories and endless lists of ancestors. Such things only cause arguments. They don't help anyone to do God's work that can only be done by faith.,"Basɩ tɩya ba dɩ ba ta kpaa ba nyuni we ba faafaa lesiri wɩya basɩɩ abee ba naabaala fene dɩɩsɩɩ tɩyaŋ, beewɩya nyʋʋtaaduwo dʋŋ nɛ wɩya no iriŋ kaŋ kɩ ko. Ka wɩya no mɛ bɩ sɩ wuwo leŋ dɩ nal buloŋ tɩŋ Wɩɩsɩ kyɛrɩ see tɩɩna Wɩɩsɩ laadii dʋŋ nɛ sɩ leŋ dɩ ʋ wuwo tɩŋ Wɩɩsɩ kyɛrɩ."
6,There are some who have given up these for nothing but empty talk.,Nala badɔmɔŋ vɩya wɩya no tɩŋɩɩ rɛ aŋ mɩɩgɩ gɔllɩ we wɩvɩyagyɩmɩya basɩɩ tɩyaŋ.
7,"They want to be teachers of the Law of Moses. But they don't know what they are talking about, even though they think they do.","Ba aa kyɛ dɩ ba kɩ daga nala Wɩɩsɩ mɩrɩsɩ rɛ, amɛ ba tɩɩ mɛ gba bɩ gyɩŋ wɩya hʋ ba aa basɩ memii. Wɩya hʋ tɩyaŋ mɛ gba ba aa sɩna kpaŋkpaŋ, ba bɩ gyɩŋ ba memii."
8,"We know the Law is good, if it is used in the right way.",Á gyɩma anɩɩ mɩrɩsɩ hʋ weliye rɛ dɩ nala rɛ kɔnɩ aa tɩŋ ba anɩɩ gɛɛ hʋ aa maga.
9,"We also understand it wasn't given to control people who please God, but to control lawbreakers, criminals, godless people, and sinners. It is for wicked and evil people, and for murderers, who would even kill their own parents.","Á bɩl gyɩma rɛ anɩɩ nɩtɩɩma wɩya daa ba kɩ biŋ mɩrɩsɩ. Amɛ nala aa kyogi mɩrɩsɩ, abee nɩbɔmɔ, abee nala hʋ aa bee fá Wɩɩsɩ abee wɩbɔŋyaala, abee nala hʋ aa bee tɩŋ Wɩɩsɩ, abee nala hʋ aa kpʋ ba kuwoma abee ba nɩmma, abee nɩkpʋʋla kɛ iriŋ buloŋ,"
10,The Law was written for people who are sexual perverts or who live as homosexuals or are kidnappers or liars or won't tell the truth in court. It is for anything else that opposes the correct teaching,"abee sɔŋsɔnnɔ, abee baala aa gʋla kɩ kyɛ dɔmɔŋ, abee nala hʋ aa gɔllɩ gaa kasɩ nala mʋ kɩ yallɩ, abee wɩnyɩyɛla abee wɩnyɩyɛ-daŋsɩya diile, abee nala hʋ wɩyaalɩya aa bee tɩŋ Wɩɩsɩ wɩtɩɩ hʋ, nala no iriŋ wɩya rɛ ba kɩ biŋ mɩrɩsɩ."
12,"I thank Christ Jesus our Lord, who has given me the strength for my work because he knew he could trust me.","Ŋ aa kyʋwalɩ á Tɩɩna Yesu Krisita aŋgyʋwasʋ rɛ abee dee hʋ ʋ aa tɩya ŋ, ŋ kɩ tʋŋ tʋma no, a bɩl kɩ kyʋwalɩ ʋ aŋgyʋwasʋ mɛ ʋ aa naa dɩ ŋ maga ʋ lɩɩ ŋ dɩ ŋ yaa ʋ tʋŋtʋnnɩ."
13,"I used to say terrible and insulting things about him, and I was cruel. But Christ had mercy on me because I didn't know what I was doing, and I had not yet put my faith in him.","Faafaa hʋ tɩyaŋ, ŋ gyɩ paalɩ kyogi ʋ feŋ nɛ weliŋ, a tʋʋsɩ ʋ, aŋ ha bɩl dɔgɩsɩ ʋ hatɩnna hʋ mɛ pɛ. Amɛ abee gɛɛ buloŋ, Krisita ha fáá ŋ sikii rɛ beewɩya, ŋ fa bɩ gyɩŋ wɩɩ hʋ ŋ aa yaa, a fa bɩ laa ʋ wɩya mɛ di."
14,Christ Jesus our Lord treated me with undeserved grace and has greatly blessed my life with faith and love just like his own.,"Aŋka á Tɩɩna Wɩɩsɩ ha pɛɛ ŋ tɩyaŋ nɛ kɩŋkaŋ, a kpa ʋ bɔnyɛ wirisi ŋ, a leŋ ŋ laa Yesu Krisita wɩya di, aŋ pɛ kaŋ kyori hʋ mɛ ʋ aa kana."
15,"“Christ Jesus came into the world to save sinners.” This saying is true, and it can be trusted. I was the worst sinner of all!","Wɩɩ no ŋ aa kyɛ dɩ ŋ basɩ yaa wɩtɩɩ rɛ, a maga dɩ nal buloŋ laa ʋ di weliŋ. Ʋ rɛ nyɛ: Yesu Krisita ko tuu dʋnɩya dɩ ʋ laa wɩbɔŋyaala rɛ ta. Mɩyaŋ Pɔɔl lɛ yaa wɩbɔŋyaala buloŋ kuwori."
16,"But since I was worse than anyone else, God had mercy on me and let me be an example of the endless patience of Christ Jesus. He did this so that others would put their faith in Christ and have eternal life.","Amɛ ɛɛ tɩɩ rɛ tɩŋ Wɩɩsɩ fá mɩyaŋ wɩbɔŋyaala kuwori sikii, dɩ Krisita daga gɛɛ hʋ ʋ aa kaŋ kenyiri beel-ŋ a mʋ parɩ. Ʋ yaa gɛɛ ŋ tɩyaŋ nɛ dɩ ʋ leŋ dɩ ʋ yaa magɩl a tɩya nala hʋ buloŋ aa sɩ maakyiye ko laa ʋ wɩya di, a kaŋ mɩɩbol hʋ aa bɩ kaŋ tenni."
18,"Timothy, my son, the instructions I am giving you are based on what some prophets once said about you. If you follow these instructions, you will fight like a good soldier.","Ŋ biye Timoti, wɩya no ŋ aa kpaa kɩ we ɩ nosi tɩyaŋ nyɛ, ba yaa wɩya hʋ Wɩɩsɩ nala gyɩ aa basa a mʋ kɩ tile ɩ tɩyaŋ nɛ. Ɛɛwɩya, leŋ dɩ wɩya no yaa ɩ bayuwo kɩna dɩ ɩ kpa kyeŋ nala hʋ aa daga wɩnyɩyɛl ŋmaŋsɩ hʋ weliŋ."
19,You will be faithful and have a clear conscience. Some people have made a mess of their faith because they didn't listen to their consciences.,Sɩŋ wɩya hʋ ɩ aa laa di tɩyaŋ weliŋ aŋ kaŋ hakɩlwelii. Nala badɔmɔŋ vɩya wɩya no tɩŋɩɩ rɛ ɛɛ leŋ ba laadii vʋgɩmɩ.
20,"Two of them are Hymenaeus and Alexander. I have given these men over to the power of Satan, so they will learn not to oppose God.","Hamineyo abee Alizaŋda yaa nala no badɔmɔŋ nɛ. Ɛɛ wɩya, ŋ kpaa ba we Sɩtaanɩ nosi tɩyaŋ dɩ ʋ dɔgɩsɩ ba, dɩ ba gʋnnɩ wɩgyʋŋ, a ta bɩl kɩ kyogi Wɩɩsɩ feŋ."
1,"First of all, I ask you to pray for everyone. Ask God to help and bless them all, and tell God how thankful you are for each of them.","Sɩfɩyaŋ wɩɩ hʋ ŋ aa kyɛ dɩ ŋ basɩ tɩya ma rɛ nyɛ: Ŋ aa kpaanɩ ma, ma kyʋwalɩ Wɩɩsɩ kɩ tɩya nal buloŋ, a kɩ sʋla ʋ dɩ ʋ leŋ nal buloŋ na ʋ wɩkyɛɛlɩɩ, aŋ kɩ kyʋwalɩ ʋ aŋgyʋwasʋ wɩɩ hʋ ʋ aa yaa tɩya nal buloŋ wɩya."
2,"Pray for kings and others in power, so we may live quiet and peaceful lives as we worship and honor God.","Ma sʋla Wɩɩsɩ kɩ tɩya kuworo abee sɩlaala, dɩ ʋ leŋ dɩ á hɔŋ sɔmmm abee laaŋfɩya, a kaŋ gyogiweliye kɩ tɩŋ Wɩɩsɩ aŋ kɩ yaa wɩya hʋ buloŋ aa kpa Wɩɩsɩ ŋmanɩɩ mɛ."
3,"This kind of prayer is good, and it pleases God our Savior.","Wɩɩ no yaa wɩwelii rɛ a kɩ fɩyɛlɩ Wɩɩsɩ á laataal teŋ mɛ,"
4,"God wants everyone to be saved and to know the whole truth, which is,",beewɩya ʋ aa kyɛ dɩ ʋ laa nal buloŋ ta rɛ dɩ ba gyɩŋ ʋ wɩtɩɩ hʋ.
5,"There is only one God, and Christ Jesus is the only one who can bring us to God. Jesus was truly human, and he gave himself to rescue all of us.","Wɩɩdɩgɩ dʋŋ nɛ we doŋ, nɩdɩgɩ mɛ rɛ we Wɩɩsɩ bee nihuwobisi paga tɩyaŋ, a kɩ marɩ ba dɔmɔŋ. Nal no rɛ yaa Yesu Krisita."
7,This is why God chose me to be a preacher and an apostle of the good news. I am telling the truth. I am not lying. God sent me to teach the Gentiles about faith and truth.,"Wɩɩ no wɩya rɛ tɩŋ Wɩɩsɩ lɩɩ ŋ, ŋ yaa ʋ kpambɩya, a tɩma ŋ dɩ ŋ kaŋ wɩya mʋ daga nala hʋ aa bɩ yaa Gyuuma dɩ ba wuwo laa wɩya hʋ aa yaa wɩtɩɩ di. Wɩtɩɩ rɛ ŋ kɩ basɩ, ŋ bee nyɩya wɩya."
8,"I want everyone everywhere to lift innocent hands toward heaven and pray, without being angry or arguing with each other.","Dɩ Krisitabiisi rɛ ko laŋŋɩ dɩ ba kyʋwalɩ Wɩɩsɩ, ŋ aa kyɛ dɩ baala aa kpaa ba tɩɩ tɩya Wɩɩsɩ abee ba wɩtɩɩ buloŋ nɛ kaŋ ba nosi gye a kyʋwalɩ Wɩɩsɩ dɩ baaŋ koo nyʋʋtaaduwo tuwo ba tɩya."
9,"I would like for women to wear modest and sensible clothes. They should not have fancy hairdos, or wear expensive clothes, or put on jewelry made of gold or pearls.","Ɛɛ tɩɩ rɛ ŋ kɩ kyɛ dɩ haana hʋ mɛ fɩyɛlɩ ba sɩya weliŋ abee ba kɩlaalɩya tɩyaŋ. Ʋ bɩ maga dɩ ba marɩ ba nyuni marɩ-kperiye, koo dɩ ba kpɩyɛrɩ ba tɩɩ bee salma kɩna koo gannɩ yalɩɩ aa hayɛ kɩŋkaŋ."
10,"Women who claim to love God should do helpful things for others,",Amɛ ʋ maga dɩ ba kɩ yaa wɩweliye hʋ haana aa kpaa ba tɩɩ tɩya Wɩɩsɩ aa maga dɩ ba kɩ yaa rɛ.
12,They should be silent and not be allowed to teach or to tell men what to do.,"Ŋ bɩ tɩya haana ŋmanɩɩ dɩ ba kɩ daga, koo dɩ ba kaŋ dee baala nyuu tɩyaŋ. Ʋ maga dɩ ba tallɩ ba nyʋʋsɩ rɛ."
13,"After all, Adam was created before Eve,",Beewɩya Adama rɛ Wɩɩsɩ gyɩ laasɩya ta aŋ na ta Hawa.
14,and the man Adam wasn't the one who was fooled. It was the woman Eve who was completely fooled and sinned.,Adama mɛ daa Sɩtaanɩ gyɩ mʋrɩ. Hawa rɛ ʋ gyɩ mʋrɩ ʋ yaa wɩbɔŋ a kyogi Wɩɩsɩ mɩra hʋ ʋ aa biŋ tɩya ba.
3,"They must not be heavy drinkers or troublemakers. Instead, they must be kind and gentle and not love money.","Ʋ bɩ maga dɩ ʋ yaa sɩnyʋwal, koo ʋ kɩ di dee nala nyuni tɩyaŋ. Amɛ ʋ maga dɩ ʋ leŋ ʋ sɩya fɩyɛlɩ rɛ. Ʋ bɩ maga dɩ ʋ yaa kaakyɛɛl koo dɩ ʋ kyo molbiye."
4,"Church officials must be in control of their own families, and they must see that their children are obedient and always respectful.","Ʋ maga dɩ ɩ wuwo kɩ deŋ ʋ dɩya nala nyuu tɩyaŋ weliŋ nɛ, a maga dɩ ʋ wuwo leŋ dɩ ʋ biisi mɛ kɩ tɩŋ ʋ nyʋwa a kɩ tɩya ʋ gyɩrɩma wɩɩ buloŋ tɩyaŋ,"
5,"If they don't know how to control their own families, how can they look after God's people?","beewɩya, dɩ nal lɛ bɩ wuwo kɩ deŋ ʋ dɩya nala nyuu weliŋ, ɛɛ rɛ ʋ tɩɩna sɩ wuwo yaa a deŋ Krisitabiisi aa yaa Wɩɩsɩ nala nyuu tɩyaŋ?"
6,"They must not be new followers of the Lord. If they are, they might become proud and be doomed along with the devil.","Ʋ bɩ maga dɩ ʋ yaa nal ha aa laa Yesu wɩya di falɩŋ, beewɩya dɩ ʋ rɛ teŋ yaa sɩlaal ʋ sɩ kɩ daga ʋ tɩɩ a ko tele Wɩɩsɩ ŋmanɩɩ tɩyaŋ a laa kyogisi anɩɩ Sɩtaanɩ aa tele Wɩɩsɩ kpa kyogisi tɩya ʋ gɛɛ."
9,And they must have a clear conscience and hold firmly to what God has shown us about our faith.,Ʋ maga dɩ ba sɩŋ wɩtɩɩ hʋ Wɩɩsɩ aa kpaa daga ba ba laa di tɩyaŋ weliŋ nɛ abee hakɩlwelii
10,"They must first prove themselves. Then if no one has anything against them, they can serve as officers.","Ʋ maga dɩ Krisitabiisi hʋ laa sɩya sʋnnɩ ba weliŋ nɛ a na, dɩ ba yaŋ ko bɩ kaŋ wɩkyogii buloŋ, ba lɩɩ ba dɩ ba kɩ kyiyeli sɩlaala hʋ."
11,"Women must also be serious. They must not gossip or be heavy drinkers, and they must be faithful in everything they do.","Ɛɛ tɩɩ rɛ ʋ maga dɩ ba haana mɛ kaŋ gyɩrɩma nala sɩya tɩyaŋ a ta kɩ gaa nala hala. Ʋ maga dɩ ba kaŋ sʋnna rɛ, ka dɩ ba kaŋ wɩtɩɩ mɛ wɩɩ buloŋ ba aa yaa tɩyaŋ."
12,Church officers must be faithful in marriage. They must be in full control of their children and everyone else in their home.,Nala hʋ aa kyiyeli Krisitabiisi sɩlaala maga dɩ ba mɛ kaŋ hadɩgɩ dɩgɩ rɛ. Ʋ maga dɩ ba wuwo kɩ deŋ ba balɩya abee ba dɩya nala nyuu tɩyaŋ weliŋ nɛ.
13,Those who serve well as officers will earn a good reputation and will be highly respected for their faith in Christ Jesus. The Mystery of Our Religion,Krisitabiisi sɩlaala kyikyiyelle hʋ aa tʋŋ ba tʋma weliŋ sɩ na feŋwelii nala abee Wɩɩsɩ buloŋ sɩya tɩyaŋ. Ba bɩ sɩ kɩ fá kambɩŋ Yesu Krisita wɩya hʋ ba aa laa di basɩɩ tɩyaŋ.
15,"so if I am delayed, you will know how everyone who belongs to God's family ought to behave. After all, the church of the living God is the strong foundation of truth.",dɩ ma gyɩŋ ɛɛ hʋ Wɩɩsɩ nala aa maga dɩ ba kɩɩ ba mɩɩbol tɩyaŋ. Nala no rɛ yaa nala hʋ buloŋ aa laa Yesu Krisita wɩya di a yaa Wɩɩsɩ hʋ aa weye nala. Ba aa rɛ kaŋ wɩtɩɩ hʋ Wɩɩsɩ aa daga ba sɩgɩ anɩɩ dɩya memii aa kaŋ dɩya sɩgɩ gɛɛ.
16,"Here is the great mystery of our religion: Christ came as a human. The Spirit proved that he pleased God, and he was seen by angels. Christ was preached to the nations. People in this world put their faith in him, and he was taken up to glory.","Wɩya hʋ buloŋ fa aa yaa wɩfaŋɩya, ka Wɩɩsɩ ko kpa ba daga ma, ba kɔnɩ yaa wɩbala rɛ, á bɩ sɩ wuwo yaa ba sige. Ba aa rɛ nyɛ: Krisita bɩrɩmɩ nihuwobiŋ nɛ a ko tuu dʋnɩya Wɩɩsɩ Wiyesi Welii hʋ daga anɩɩ ʋ yaa Tɩpʋlʋŋ Tɩɩna rɛ. Malɩkasɩ mɛ na ʋ. Ba basɩ ʋ wɩya rɛ paalʋʋ paalʋʋ buloŋ tɩyaŋ, ba laa ʋ wɩya di dʋnɩya logiŋ buloŋ tɩyaŋ aŋka Wɩɩsɩ kpa ʋ gyɩŋ wɩɩsɩbee abee gaŋdarɩ."
1,God's Spirit clearly says that in the last days many people will turn from their faith. They will be fooled by evil spirits and by teachings that come from demons.,Wɩɩsɩ Wiyesi Welii hʋ paalɩ basɩ polli rɛ anɩɩ dɩ dʋnɩya rɛ ko kpaga tenii nala sɩ kpa ba Wɩɩsɩ laadii ta aŋ kɩ tɩŋ gyɩŋbɔmɔ aa mʋrɩ nala abee Sɩtaanɩ wɩdagɩya tɩyaŋ.
2,They will also be fooled by the false claims of liars whose consciences have lost all feeling. These liars,"Minaafigitɩmma hʋ aa gɔllɩ nyɩya wɩya kɩ baŋ nɛ aa daga wɩya no. Ba hakɩllɩ buloŋ sʋba rɛ, ba bɩl bɩ gyɩŋ dɩ wɩwelii rɛ nyɛ koo wɩbɔŋ nɛ nyɛ."
5,What God has said and your prayer will make it fit to eat. Paul's Advice to Timothy,Beewɩya Wɩɩsɩ wɩbii hʋ abee á kyʋwala hʋ aa leŋ ʋ yaa kɩdiwelii rɛ Wɩɩsɩ sɩya tɩyaŋ.
6,"If you teach these things to other followers, you will be a good servant of Christ Jesus. You will show you have grown up on the teachings about our faith and on the good instructions you have obeyed.","Dɩ ɩ rɛ kpaa wɩya no ŋ aa daga ɩ a kɩ daga nala hʋ buloŋ aa laa Krisita wɩya di, aŋ kaŋ Krisita wɩya hʋ ɩ aa laa di abee wɩtɩɩ hʋ á aa daga ɩ hakɩla tɩyaŋ weliŋ, ɩ sɩ yaa Yesu Krisita tʋŋtʋnnɩ aa kaŋ wɩtɩɩ. Ɩ foŋ paalɩ kɩ tɩŋ wɩya no abee ɩ wɩtɩɩ buloŋ nɛ."
7,"Don't have anything to do with worthless, senseless stories. Work hard to be truly religious.",Lɩɩ ɩ noŋ nɩlaaŋ lesiri wɩya hʋ basɩɩ aa bɩ kaŋ tɔnɔ tɩyaŋ. Gyɩŋ ɩ tɩɩ kanɩɩ a kɩ daŋsɩ ɩ tɩɩ gɛɛ ɩ aa sɩ tɩŋ Wɩɩsɩ ŋmanɩɩ weliŋ.
9,"As the saying goes, “Exercise is good for your body, but religion helps you in every way. It promises life now and forever.” These words are worthwhile and should not be forgotten.","Wɩɩ no ŋ aa basɩ yaa wɩtɩɩ rɛ, a maga dɩ nal buloŋ gyɩma ʋ, a laa ʋ di weliŋ."
10,"We have put our hope in the living God, who is the Savior of everyone, but especially of those who have faith. This is why we work and struggle so hard.","Ɛɛwɩya rɛ á kɩ lʋga, a kɩ tʋma abee sɩfɩyasɩ, beewɩya á kpaa á bayɩyɛla buloŋ we Wɩɩsɩ aa weye tɩyaŋ nɛ. Ʋ rɛ yaa nal buloŋ Laataal, amarɩkpatɩya nala hʋ aa laa Yesu wɩya di."
11,Teach these things and tell everyone to do what you say.,"Kpa wɩya no kɩ daga nala, aŋ sɩŋ pɔ dɩ nal buloŋ kɩ tɩŋ ba."
12,"Don't let anyone make fun of you, just because you are young. Set an example for other followers by what you say and do, as well as by your love, faith, and purity.",Ta leŋ dɩ nal buloŋ kpa sɩɩ gyʋʋ ɩ akuu ɩ aa yaa biibiye wɩya. Amɛ leŋ dɩ ɩ wɩyaalɩya abee ɩ wɩbasɩya abee ɩ kyori abee ɩ laadii abee tɩpʋlʋŋ hʋ ɩ aa kana yaa wɩya nala hʋ aa laa Krisita wɩya di aa sɩ wuwo kɩ kyesi.
13,"Until I arrive, be sure to keep on reading the Scriptures in worship, and don't stop preaching and teaching.","Ka dɩ ŋ na ko, kpa ɩ sɩfɩyaŋ buloŋ a kɩ karɩmɩ Wɩɩsɩ wɩbii hʋ gyamaa tɩyaŋ, aŋ basɩ Wɩɩsɩ wɩya kɩ tɩya ba aŋ kɩ daga ba mɛ saŋa buloŋ."
14,Use the gift you were given when the prophets spoke and the group of church leaders blessed you by placing their hands on you.,"Bɔnyɛ kɩŋ hʋ Wiyesi Welii hʋ aa kpaa tɩya ɩ saŋa hʋ nala hʋ aa basɩ wɩya Wiyesi Welii hʋ dee tɩyaŋ aa basɩ ɩ maakyiye wɩya, ka Krisitabiisi nɩhɩyasɩ hʋ mɛ kpa ba nosi a dɔbɔ ɩ tɩyaŋ, ta ko yeŋŋi ʋ wɩya."
15,"Remember these things and think about them, so everyone can see how well you are doing.",Kpa ɩ nyuu buloŋ we wɩya no yayɩ tɩyaŋ dɩ ɩ wɩkanɩya buloŋ kɩ mʋ sɩya dɩ nal buloŋ na.
16,"Be careful about the way you live and about what you teach. Keep on doing this, and you will save not only yourself, but the people who hear you.","Kana ɩ tɩɩ weliŋ, a pɔ ɩ tɩɩ abee ɩ wɩdagɩya tɩyaŋ, a leŋ dɩ ɩ sɩɩ fɩyɛsɩ gɛɛ yayɩ tɩyaŋ, beewɩya dɩ ɩ rɛ aa yaa gɛɛ, Wɩɩsɩ sɩ laa ɩ bee nala hʋ aa gyegile kɩ nɩɩ wɩya hʋ ɩ aa basɩ buloŋ ta."
1,"Don't correct an older man. Encourage him, as you would your own father. Treat younger men as you would your own brother,","Ta nɔsɩ nɩhɩyawʋ abee baaŋ, amɛ fɩyɛlɩ basɩ wɩya tɩya ʋ abee gyɩrɩma anɩɩ ɩ kuwo gɛɛ aŋ kaŋ bapʋwasɩya hʋ mɛ weliŋ anɩɩ ɩ tɩɩ nɩmmabalɩya."
2,and treat older women as you would your own mother. Show the same respect to younger women that you would to your sister.,"Kaŋ hanɩhɩyasɩ hʋ mɛ anɩɩ ba yaa ɩ naama rɛ, aŋ kaŋ hatoliye hʋ mɛ abee tɩpʋlʋŋ anɩɩ ɩ naatoliye."
4,"But if a widow has children or grandchildren, they should learn to serve God by taking care of her, as she once took care of them. This is what God wants them to do.","Amɛ dɩ lohaaŋ nɛ kaŋ biisi koo nihiye, ʋ maga dɩ ba laasɩya yaa wɩɩ hʋ ba wɩɩkyʋwal ŋmanɩɩ aa daga ba rɛ a deŋ ba dɩya nala nyuu tɩyaŋ. Nyɛ rɛ ba sɩ mɩɩgɩ tuŋ ba kuwoma bee ba nɩmma abee ba naabaala, beewɩya nyɛ yaa wɩɩ aa fɩyɛlɩ Wɩɩsɩ teŋ nɛ."
5,"A widow who is really in need is one who doesn't have any relatives. She has faith in God, and she keeps praying to him night and day, asking for his help.","Lohaaŋ hʋ aa bɩ kaŋ nal buloŋ ʋ kɩ deŋ ʋ, ʋ aa kpa ʋ bayɩyɛla buloŋ we Wɩɩsɩ tɩyaŋ nɛ, a kɩ sʋla ʋ wɩɩhaa abee tebine buloŋ dɩ ʋ pɛ ʋ."
6,"A widow who thinks only about having a good time is already dead, even though she is still alive.","Amɛ lohaaŋ hʋ aa kpaa ʋ hakɩla we dʋnɩya sʋma dʋŋ tɩyaŋ, ʋ kɛ paalɩ sʋba rɛ aŋ ta weye."
7,"Tell all this to everyone, so they will do the right thing.","Basɩ wɩya no polli kɩ tɩya Krisitabiisi hʋ, dɩ ba ta kaŋ wɩkyogii buloŋ nala sɩya tɩyaŋ."
8,"People who don't take care of their relatives, and especially their own families, have given up their faith. They are worse than someone who doesn't have faith in the Lord.","Dɩ nal buloŋ nɛ bee deŋ ʋ lʋlla nyuu tɩyaŋ, amarɩkpatɩya ʋ tɩɩ dɩya nala, ʋ tɩɩna vɩya wɩya hʋ ʋ aa laa di ta rɛ. Nal hʋ gba aa bɩ laa Yesu wɩya di rɛ kyo kpɩya ʋ."
9,"For a widow to be put on the list of widows, she must be at least","Dɩ lohaaŋ buloŋ nɛ bɩ para bɩsɩ mɔllɩ boto, a yaa nal hʋ mɛ fa aa bɩ lɩɩ ʋ bala hal, ba ta ko sabɩ ʋ feŋ we lohaana teŋ hʋ tɩyaŋ."
11,Don't put young widows on the list. They may later have a strong desire to get married. Then they will turn away from Christ,"Amɛ dɩ lohaaŋ buloŋ nɛ ha ko yaa halʋllɩ, ba ta ko sabɩ ʋ feŋ kɩ we lohaana teŋ hʋ tɩyaŋ. Beewɩya dɩ baala wɩya rɛ ko kyɩl ʋ te gɛɛ hʋ ʋ aa kpaa ʋ tɩɩ tɩya Krisita, ʋ bɩl aa kɩ kyɛ dɩ ʋ yala rɛ."
13,"Besides, they will become lazy and get into the habit of going from house to house. Next, they will start gossiping and become busybodies, talking about things that are none of their business.","Ɛɛ mɛ dʋŋ daa. Ba bɩl aa bee laa di ba tʋŋ tʋŋ buloŋ aŋ gɔllɩ kɩ gbɛ nala dɩɩsɩ. Wɩɩ hʋ yaŋ aa marɩ bɔmɔ rɛ yaa, ba aa kɩ gʋnnɩ hagaaha rɛ, a gɔllɩ kpa ba nyʋʋsɩ we nala wɩya tɩyaŋ a kɩ basɩ wɩya hʋ aa bɩ maga dɩ ba kɩ basɩ."
14,"I would prefer that young widows get married, have children, and look after their families. Then the enemy won't have any reason to say insulting things about us.","Ɛɛ wɩya, dɩ ŋ kɛ dʋŋ nɛ ŋ aa baa dɩ lohaana hʋ ha aa yaa halʋlla, ba yal balama, a lʋl biisi, aŋ kɩ deŋ ba dɩya nala nyuu weliŋ. Dɩ á dɔmɔ ta naa ŋmanɩɩ a basɩ wɩbɔŋ buloŋ á lugo tɩyaŋ."
15,Look what's already happened to some of the young widows! They have turned away to follow Satan.,Beewɩya lohaana badɔmɔŋ kɛ foŋ vɩya Krisita tɩŋɩɩ rɛ aŋ mɩɩgɩ mʋ kɩ tɩŋ Sɩtaanɩ.
16,"If a woman who is a follower has any widows in her family, she should help them. This will keep the church from having that burden, and then the church can help widows who are really in need. Church Leaders","Dɩ haaŋ buloŋ aa yaa Krisitabiye rɛ ko kaŋ lohaana ʋ dɩya tɩyaŋ, ʋ maga dɩ ʋ kɩ deŋ ba nyuu rɛ aŋ ta leŋ dɩ ba mɩɩgɩ yaa kyʋga tɩya Krisitabiisi hʋ buloŋ. Dɩ gɛɛ leŋ dɩ Krisitabiisi hʋ mɛ wuwo kyiyeli kɩ deŋ lohaana hʋ aa bɩ kaŋ nala ba kɩ deŋ ba."
17,"Church leaders who do their job well deserve to be paid twice as much, especially if they work hard at preaching and teaching.","Sɩlaala hʋ mɛ aa tʋŋ ba tʋma weliŋ, ʋ maga dɩ Krisitabiisi hʋ buloŋ kɩ tɩya ba gyɩrɩma rɛ aŋ kɩ tuŋ ba weliŋ. Amarɩkpatɩya ba nala hʋ aa yaa sɩfɩyaŋ a kɩ basɩ Wɩɩsɩ wɩya aŋ kɩ daga nala mɛ."
18,"It is just as the Scriptures say, “Don't muzzle an ox when you are using it to grind grain.” You also know the saying, “Workers are worth their pay.”","Beewɩya ba saba Wɩɩsɩ teŋ tɩyaŋ nɛ a baa, “Dɩ ɩ ko kaŋ nʋhʋ kɩ ŋmaa mɩya, ʋ bɩ maga dɩ ɩ vʋwa ʋ nyʋwa tɔ.” Ba bɩl saba rɛ anɩɩ tʋŋtʋnnɩ buloŋ maga dɩ ʋ kaŋ ʋ tuno rɛ."
19,"Don't listen to any charge against a church leader, unless at least two or three people bring the same charges.","Dɩ nal lɛ kpaa kyogisi a tɩya sɩlaal, ta gyegili nɩɩ tɩɩna nyʋwa, see dɩ ba yaa nala balɩya koo boto a yaa wɩɩ hʋ daŋsɩya."
20,"But if any of the leaders should keep on sinning, they must be corrected in front of the whole group, as a warning to everyone else.","Dɩ nal buloŋ nɛ ko yaa wɩbɔŋ, basɩ ʋ tɩɩna sɩya wɩya tɩya ʋ Krisitabiisi hʋ sɩɩ tɩyaŋ, dɩ gɛɛ kpa kambɩŋ we nɩkaalɩya hʋ."
21,"In the presence of God and Christ Jesus and their chosen angels, I order you to follow my instructions! Be fair with everyone, and don't have any favorites.","Á Tɩɩna Wɩɩsɩ abee Yesu Krisita abee malɩkasɩ hʋ ʋ aa lɩya sɩya tɩyaŋ, ŋ aa sʋla ɩ abee sɩfɩyasɩ dɩ ɩ tɩŋ wɩya no buloŋ ŋ aa basɩ kɩ tɩya ɩ. Kpa nal buloŋ dɩ ba yaa kɩdɩgɩ ɩ lee aŋ ta kɩ lugisi nala ɩ wɩyaalɩɩ buloŋ tɩyaŋ."
22,"Don't be too quick to accept people into the service of the Lord by placing your hands on them. Don't sin because others do, but stay close to God.","Fɩyɛlɩ ɩ sɩya, a ta pese kpa ɩ nosi dɔbɔ nal tɩyaŋ a lɩɩ ʋ dɩ ʋ tʋŋ Wɩɩsɩ tʋma. Ta kpaa ɩ noŋ pɛ nal buloŋ wɩbɔŋ wɩkanɩya tɩyaŋ. Kaŋ ɩ tɩɩ weliŋ, a ta leŋ dɩ bisiŋ buloŋ mal ɩ."
23,Stop drinking only water. Take a little wine to help your stomach trouble and the other illnesses you often have.,"Ta kɩ nyʋwa nɩɩ dʋŋ. Amɛ nyʋwa sɩŋ mʋhʋ mʋhʋ kɩ pɛ, akuu ɩ luwol aa kɩ wɩɩ saŋa buloŋ wɩya."
24,"Some people get caught in their sins almost at once, even before the time of judgment. But other people's sins don't show up until later.","Nala badɔmɔŋ wɩbɔmɔ bɩ kaŋ faŋɩɩ, ɛɛwɩya ka dɩ ba gba na di ba sarɩya nal buloŋ aa gyɩma nɩɩ ba laa kyogisi rɛ. Nala badɔmɔŋ wɩbɔmɔ kɛ aa faŋa rɛ amɛ maakyiye kɩdɩgɩ rɛ ba sɩ lɩɩ lɩgyalɩɩ."
25,"It is the same with good deeds. Some are easily seen, but none of them can be hidden.","Ɛɛ tɩɩ rɛ, wɩweliye mɛ bɩ kaŋ faŋɩɩ, koo dɩ ba yaŋ faŋa mɛ, ka ba sɩ maakyiye lɩɩ lɩgyalɩɩ."
1,"If you are a slave, you should respect and honor your owner. This will keep people from saying bad things about God and about our teaching.","Nala hʋ buloŋ aa yaa yosi, ʋ maga dɩ ba kɩ tɩya ba tɩmma gyɩrɩma rɛ wɩɩ buloŋ tɩyaŋ, dɩ nal buloŋ ta naa ŋmanɩɩ a kyogi Wɩɩsɩ feŋ koo á wɩdagɩya hʋ."
2,"If any of you slaves have owners who are followers, you should show them respect. After all, they are also followers of Christ, and he loves them. So you should serve and help them the best you can. False Teaching and True Wealth These are the things you must teach and tell the people to do.","Yosi tɩmma hʋ aa yaa Krisitabiisi ʋ bɩ maga dɩ ba yosi kpa sɩɩ gyʋʋ ba, akuu ba buloŋ aa yaa nɩmmabalɩya Krisita tɩyaŋ wɩya. Ʋ gba yaŋ maga dɩ ba marɩ tʋŋ weliŋ kɩ tɩya ba rɛ, beewɩya nala hʋ aa di ba tʋma hʋ tɔnɔ yaa Krisitabiisi rɛ a yaa ba nikyooliye mɛ. Timoti, wɩya no rɛ ɩ maga dɩ ɩ kpa kɩ daga ba aŋ kɩ kpaanɩ ba dɩ ba kɩ yaa ba. Wɩnyɩyɛl ŋmanɩɩ dɩdagɩla abee wɩtɩɩ ŋmanɩɩ dɩdagɩla"
4,"Those people who disagree are proud of themselves, but they don't really know a thing. Their minds are sick, and they like to argue over words. They cause jealousy, disagreements, unkind words, evil suspicions,","ʋ tɩɩna aa daga ʋ tɩɩ rɛ, aŋ bɩ gyɩŋ wɩɩ buloŋ. Ʋ tɩɩna kaŋ hakɩlbɔŋ nɛ a kyo nyʋʋtaaduwo kɩŋkaŋ aŋ kuu wɩtɔɔnɩ wɩya kɩ kaa kaasɩ. Nyɛ aa leŋ nala kaŋ tɩhɔllɩ rɛ abee dɔmɔŋ, a bee na dɔmɔŋ sɩɩ, aŋ we wɩbɔŋlɔrɩnɩ tɩyaŋ basɩ kɩ tʋʋsɩ dɔmɔŋ, a kɩ yaa dɔmɔŋ sige mɛ."
5,and nasty quarrels. They have wicked minds and have missed out on the truth. These people think religion is supposed to make you rich.,"Nala no nyuni bɩl bee tɩma, ɛɛ rɛ tɩŋ ba aa kaŋ wɩya kɩ tarɩ bee dɔmɔŋ saŋa buloŋ gɛɛ. Ba bɩl bɩ kaŋ wɩtɩɩ buloŋ. Ba aa bɩɩnɩ anɩɩ wɩɩkyʋwal yaa molbi-kyɛ naaŋ kɩdɩgɩ rɛ."
6,"And religion does make your life rich, by making you content with what you have.","Amɛ dɩ nal sɩɩ rɛ aa su kɩŋ hʋ ʋ aa kana, ɛɛ kɛ ʋ tɩɩna Wɩɩsɩ kyʋwalɩɩ mɛ aa kaŋ tɔnɔ rɛ ʋ tɩya ʋ,"
7,"We didn't bring anything into this world, and we won't take anything with us when we leave.","beewɩya á bɩ kaŋ kɩŋ buloŋ ko dʋnɩya. Ɛɛ wɩya, á bɩl bɩ sɩ kaŋ kɩŋ buloŋ mɛ lɩɩ dʋnɩya no tɩyaŋ."
8,So we should be satisfied just to have food and clothes.,"Ɛɛ wɩya, dɩ ámaa rɛ kaŋ kɩdiiliye abee gannɩ, ʋ maga dɩ á leŋ dɩ ba maga ma rɛ."
9,People who want to be rich fall into all sorts of temptations and traps. They are caught by foolish and harmful desires that drag them down and destroy them.,"Amɛ nala hʋ aa kyɛ dɩ ba kaŋ kɩna dʋnɩya no tɩyaŋ, Sɩtaanɩ aa wuwo mʋrɩ ba we wɩbɔmɔ iriŋ buloŋ yayɩ tɩyaŋ nɛ, a leŋ ba bambugi wɩkyɛɛlɩya hʋ aa kyogi ba bɩrɩmɩ barɩgɩ a kaŋ ba. Ba wɩkyɛɛlɩya no aa ko tarɩ ba mʋ we yalmɩɩ abee kyogisi tɩyaŋ nɛ."
10,The love of money causes all kinds of trouble. Some people want money so much they have given up their faith and caused themselves a lot of pain. Fighting a Good Fight for the Faith,"Dɩ nal lɛ kyo molbiye, wɩbɔŋ iriŋ buloŋ tuwo ʋ bɩ sɩ yaa dɩ ʋ na molbiye. Nala badɔmɔŋ kpaa ba haahii buloŋ we molbiye kyɛyɩ tɩyaŋ nɛ, a kpa ba Wɩɩsɩ laadii ta, ɛɛ leŋ tʋwarɩ-gyamaa gyʋʋ ba, tɩkyogi leŋ ba bembiye bori. Pɔɔl basɩ wɩya kyagɩlɩ Timoti"
11,"Timothy, you belong to God, so keep away from all these evil things. Try your best to please God and to be like him. Be faithful, loving, dependable, and gentle.","Amɛ ɩ kɛ aa yaa Wɩɩsɩ nal wɩya, ɩ maga dɩ ɩ lɩɩ ɩ tɩɩ wɩya no buloŋ tɩyaŋ nɛ. Leŋ dɩ ɩ sɩɩ fɩyɛsɩ dɩ ɩ yaa tɩpʋlʋŋ tɩɩna Wɩɩsɩ sɩya tɩyaŋ, a kɩ tɩŋ Wɩɩsɩ ŋmanɩɩ, a laa ʋ di weliŋ, a kyo nala, a kaŋ mala aŋ pɛ kaŋ sɩfɩyala nala sɩya tɩyaŋ."
12,"Fight a good fight for the faith and claim eternal life. God offered it to you when you clearly told about your faith, while so many people listened.","Kɩ lʋga lʋgʋ-welii hʋ ɩ aa lʋgɩ akuu ɩ aa laa Yesu Krisita di wɩya. Kaŋ weliŋ a mʋ na mɩɩbol hʋ aa bɩ kaŋ tenii, beewɩya mɩɩbol no wɩya rɛ Wɩɩsɩ yɩrɩ ɩ, saŋa hʋ ɩ aa suri ɩ nyʋwa nala sɩya tɩyaŋ a baa dɩ ɩ laa Wɩɩsɩ di rɛ."
13,"Now I ask you to make a promise. Make it in the presence of God, who gives life to all, and in the presence of Christ Jesus, who openly told Pontius Pilate about his faith.","Wɩɩsɩ, nal hʋ aa tɩya kɩŋ buloŋ mɩɩbol sɩya tɩyaŋ nɛ ŋ sɩŋ abee Yesu Krisita, laataal hʋ gyɩ aa sɩŋ nɩhɩyawʋ hʋ ba aa yɩrɩ Pɔŋtiyo Pilato sɩya tɩyaŋ basɩ wɩtɩɩ saŋa hʋ ba aa di ʋ sarɩya hʋ. Wɩɩ hʋ ŋ aa kpaa kɩ tɩya ɩ rɛ nyɛ:"
14,Promise to obey completely and fully all that you have been told until our Lord Jesus Christ returns.,Kaŋ wɩya no buloŋ weliŋ abee tɩdɩgɩ aŋ ta kaŋ wɩkyogii buloŋ a mʋ pele kyɛɛ hʋ á Tɩɩna Yesu Krisita aa sɩ mɩɩgɩ ko.
15,"The glorious God is the only Ruler, the King of kings and Lord of lords. At the time that God has already decided, he will send Jesus Christ back again.",Wɩɩsɩ rɛ sɩ leŋ dɩ Yesu ko saŋa hʋ Wɩɩsɩ tɩɩ aa naa dɩ ʋ maga tɩyaŋ. Wɩɩsɩ dʋŋ nɛ yaa nal hʋ aa maga dɩ á kɩ dannɩ ʋ. Ʋ dʋŋ nɛ yaa dee buloŋ Tɩɩna a kɩ deŋ kɩŋ buloŋ abee lee buloŋ. Ʋ rɛ yaa kuworo buloŋ Kuwori abee nɩbala buloŋ Nɩbal.
16,"Only God lives forever! And he lives in light that no one can come near. No human has ever seen God or ever can see him. God will be honored, and his power will last forever. Amen.","Ʋ dʋŋ nɛ bee sʋba, a we pʋlʋŋbal tɩyaŋ, lee hʋ nal buloŋ aa bɩ sɩ wuwo mʋ. Nal buloŋ ha bɩ maakyiye na ʋ, nal buloŋ mɛ bɩ sɩ maakyiye na ʋ. Ʋ maga dɩ nala buloŋ kɩ tɩya ʋ gyɩrɩma rɛ. Ʋ rɛ kaŋ dee maakyiye buloŋ. Amɩ."
17,"Warn the rich people of this world not to be proud or to trust in wealth that is easily lost. Tell them to have faith in God, who is rich and blesses us with everything we need to enjoy life.","Basɩ tɩya nala hʋ aa kaŋ kɩna dʋnɩya no tɩyaŋ abee sɩfɩyasɩ dɩ ba ta kɩ daga ba tɩɩ, a ta kpaa ba bayɩyɛla buloŋ we ba dʋwa tɩyaŋ. Beewɩya kɩna no bɩ sɩ we doŋ deŋdeŋ kɩ mʋ. Amɛ ba kpa ba bayɩyɛla we Wɩɩsɩ tɩyaŋ, ʋ rɛ aa tɩya ma á kɩkyɛɛlɩya buloŋ ʋ bɔnyɛ tɩyaŋ dɩ á kaŋ kɩ nɩɩ sʋma."
18,Instruct them to do as many good deeds as they can and to help everyone. Remind the rich to be generous and share what they have.,"Basɩ tɩya ba weliŋ dɩ ba kaŋ ba kɩna hʋ kɩ yaa wɩweliye, a leŋ dɩ ba wɩyaaweliye yayɩ marɩ yʋga aŋ ta kaŋ bɔŋ koo sɩɩ."
19,"This will lay a solid foundation for the future, so they will know what true life is like.","Dɩ ba aa rɛ aa yaa nyɛ, ba tɩɩ rɛ ba kyɛ kɩna biŋ kɩ pɔ maakyiye gɛɛ, ka dɩ ba maakyiye ko na mɩɩbol hʋ aa yaa mɩɩbol tɩɩ mɛ."
20,"Timothy, guard what God has placed in your care! Don't pay any attention to godless and stupid talk that sounds smart but really isn't.","Timoti, wɩɩ hʋ Wɩɩsɩ aa kpaa we ɩ nosi tɩyaŋ, kana ʋ weliŋ. Lɩɩ ɩ tɩɩ lɩɩ haŋ bambugi nyʋʋtaaduwo ŋmaala hʋ wɩbasɩya aa bee fɩyɛlɩ Wɩɩsɩ teŋ tɩyaŋ. Ba aa bɩɩnɩ nɩɩ gyɩmaa rɛ ba aa kɩ daga, amɛ ba bambugiliŋ nɛ ba aa kɩ daga gɛɛ."
21,Some people have even lost their faith by believing this talk. I pray that the Lord will be kind to all of you!,"Nala badɔmɔŋ baa dɩ ba kaŋ gyɩmaa no rɛ, ka ɛɛ tɩɩ leŋ ba nyʋgɩsɩ Krisita laadii ŋmanɩɩ tɩyaŋ. Wɩɩsɩ bɔnyɛ sɩ we ma buloŋ lee."
3,"Night and day I mention you in my prayers. I am always grateful for you, as I pray to the God my ancestors and I have served with a clear conscience.","Ŋ aa kyʋwalɩ Wɩɩsɩ hʋ ŋ bee ŋ naabaala buloŋ aa tɩŋ abee tɩdɩgɩ aŋgyʋwasʋ rɛ. Saŋa kɛ buloŋ dɩ mɩyaŋ nɛ ko kɩ kyʋwalɩ Wɩɩsɩ, ŋ aa kɩ liisi ɩ wɩya rɛ."
4,"I remember how you cried, and I want to see you, because this would make me truly happy.","Dɩ mɩyaŋ nɛ liisi gɛɛ hʋ ɩ gyɩ aa wɩɩ sɩnɩɩl saŋa hʋ ŋ beel-ɩ aa ta dɔmɔŋ, ŋ aa kyo dɩ ŋ bɩl na ɩ rɛ a kpʋ yʋwaŋ."
5,"I also remember the genuine faith of your mother Eunice. Your grandmother Lois had the same sort of faith, and I am sure you have it as well.",Ŋ aa liisi gɛɛ hʋ ɩ aa laa Krisita wɩya di abee ɩ wɩtɩɩ buloŋ nɛ. Ɛɛ tɩɩ rɛ ɩ naha Lɔwɩsɩ abee ɩ naa Yunisi mɛ fa laa Krisita wɩya di. Ŋ gyɩma anɩɩ ɩ ha yaŋ sɩŋ gɛɛ tɩyaŋ nɛ.
6,So I ask you to make full use of the gift God gave you when I placed my hands on you. Use it well.,"Ɛɛ rɛ tɩŋ ŋ kɩ liisi ɩ dɩ ɩ kaŋ Wɩɩsɩ bɔnyɛ kɩŋ hʋ kɩ tʋma weliŋ. Bɔnyɛ kɩŋ hʋ ʋ gyɩ aa kpaa tɩya ɩ saŋa hʋ ŋ gyɩ aa kpaa ŋ nosi dɔbɔ ɩ tɩyaŋ, a kyʋwalɩ Wɩɩsɩ tɩya ɩ hʋ."
8,"Don't be ashamed to speak for our Lord. And don't be ashamed of me, just because I am in jail for serving him. Use the power that comes from God and join with me in suffering for telling the good news.","Ɛɛ wɩya, ta leŋ dɩ á Tɩɩna Yesu wɩya basɩɩ yaa ɩ hɩɩsɩ. Aŋ ta leŋ dɩ mɩyaŋ, nal hʋ ba aa kuu ʋ wɩya kaŋ tɔ dɩya tɩyaŋ wɩya mɛ yaa ɩ hɩɩsɩ. Amɛ Wɩɩsɩ dee tɩyaŋ ɩ mɛ kaŋ weliŋ, a na ɩ tʋwara tol akuu ɩ aa basɩ Wɩɩsɩ wɩweliye hʋ wɩya."
9,"God saved us and chose us to be his holy people. We did nothing to deserve this, but God planned it because he is so kind. Even before time began God planned for Christ Jesus to show kindness to us.","Wɩɩsɩ laa ma ta rɛ, a yɩrɩ ma dɩ á yaa ʋ nala. Ʋ bɩ kɩɩ nɩɩ á wɩyaalɩɩ kɩdɩgɩ buloŋ nɛ tɩŋ, amɛ Wɩɩsɩ tɩɩ bampaga abee ʋ bɔnyɛ tɩyaŋ nɛ ʋ tɩŋ Yesu Krisita tɩyaŋ a laa ma ta. Ʋ vʋʋlɩ biŋ nɛ faafaa buloŋ anɩɩ ʋ sɩ yaa wɩɩ no tɩya ma, ka dʋnɩya na piili."
10,Now Christ Jesus has come to offer us God's gift of undeserved grace. Christ our Savior defeated death and brought us the good news. It shines like a light and offers life that never ends.,"Amɛ nyɛ kɛ, Wɩɩsɩ tɩŋ á laataal Yesu Krisita koyi tɩyaŋ nɛ a daga ma ʋ bɔnyɛ. Krisita laa sʋʋ dee buloŋ nɛ, aŋ tɩŋ ʋ wɩweliye hʋ tɩyaŋ a daga ma ŋmanɩɩ hʋ á aa sɩ tɩŋa a kaŋ mɩɩbol aa bɩ kaŋ tenii."
11,"My work is to be a preacher, an apostle, and a teacher.","Wɩweliye no wɩya rɛ Wɩɩsɩ lɩɩ ŋ dɩ ŋ yaa kpambɩya, a basɩ ba kɩ tɩya nala, a kpa ba kɩ daga nala mɛ."
12,"This is why I am suffering now. But I am not ashamed! I know the one I have faith in, and I am sure he can guard until the last day what he has trusted me with.","Ŋ aa basɩ wɩweliye no rɛ tɩŋ ŋ kɩ na tʋwara no. Amɛ abee tʋwara no ŋ aa naa buloŋ, ka hɩɩsɩ bɩ kana ŋ, beewɩya ŋ gyɩŋ nal hʋ ŋ aa laa di rɛ. Ŋ laa di rɛ anɩɩ ʋ aa wuwo ʋ deŋ wɩɩ hʋ ŋ aa kpaa we ʋ nosi tɩyaŋ weliŋ nɛ a mʋ pele kyɛɛ hʋ Yesu Krisita aa sɩ mɩɩgɩ ko."
13,"Now follow the example of the correct teaching I gave you, and let the faith and love of Christ Jesus be your model.","Wɩya hʋ buloŋ ŋ fa aa daga ɩ yaa wɩtɩɩ rɛ. Ɛɛ wɩya, kaŋ ba weliŋ a kɩ tɩŋ ba. Laadii hʋ bee kyori hʋ ɩ aa kana akuu á bee Yesu Krisita aa yaa kɩdɩgɩ wɩya, yaa kuwokeri aŋ kaŋ gɛɛ weliŋ."
14,"You have been trusted with a wonderful treasure. Guard it with the help of the Holy Spirit, who lives within us.","Wiyesi Welii hʋ aa we á tɩyaŋ dee tɩyaŋ, kaŋ wɩweliye hʋ Wɩɩsɩ aa kpaa we ɩ nosi tɩyaŋ weliŋ."
15,"You know that everyone in Asia has turned against me, especially Phygelus and Hermogenes.",Ɩ gyɩma anɩɩ Krisitabiisi hʋ buloŋ aa lɩɩ Esɩya paalʋʋ fáá vɩya ŋ ta rɛ. Haalɩ Figyɛlusi abee Hɛmogyinisi buloŋ mɛ gba fáá vɩya ŋ ta rɛ.
16,I pray that the Lord will be kind to the family of Onesiphorus. He often cheered me up and wasn't ashamed of me when I was put in jail.,"Amɛ ŋ aa sʋl Wɩɩsɩ rɛ dɩ ʋ fá Onisifɔrɔsɩ abee ʋ dɩya nala buloŋ sikii, beewɩya saŋa hʋ ŋ gyɩ aa we nɩtɔdɩya tɩyaŋ, ʋ gyɩ ville ko fɩyɛlɩ ŋ bembii rɛ weliŋ. Ʋ gyɩ bɩ fáá hɩɩsɩ anɩɩ ba aa kana ŋ tɔ nɩtɔdɩya tɩyaŋ wɩya."
17,"Then after he arrived in Rome, he searched everywhere until he found me.","Ʋ gyɩ aa ko dɩ ʋ pele Roma paalʋʋ, ʋ gyɩ gɔllɩ kyɛ ŋ nɛ abee sɩfɩyasɩ a mʋ na ŋ."
18,I pray that the Lord Jesus will ask God to show mercy to Onesiphorus on the day of judgment. You know how much he helped me in Ephesus.,Wɩɩsɩ sɩ leŋ dɩ á Tɩɩna Krisita fá ʋ sikii kyɛɛ hʋ ʋ aa sɩ mɩɩgɩ ko. Ka ɩ tɩɩ mɛ naa gɛɛ ʋ gyɩ aa kyiyeli ŋ nɛ saŋa hʋ ŋ gyɩ aa we Ɛfiso tɩyaŋ.
1,"Timothy, my child, you must let Christ Jesus make you strong by his gift of undeserved grace.","Ŋ biye, kɩ sʋl Wɩɩsɩ dɩ ʋ tɩŋ Krisita bɔnyɛ tɩyaŋ a tɩya ɩ dee."
2,You have often heard me teach. Now I want you to tell these same things to followers who can be trusted to tell others.,"Wɩya hʋ buloŋ ɩ aa nɩya dɩ ŋ basa nɩgyamaa tɩyaŋ, ɩ mɛ kpa ba tɩɩ a daga nala aa kaŋ wɩtɩɩ dɩ ba mɛ wuwo kpa ba a daga ba dɔŋtɩŋsɩ."
3,As a good soldier of Christ Jesus you must endure your share of suffering.,"Ɩ aa yaa Yesu Krisita laalyuwol aa kaŋ wɩtɩɩ wɩya, kaŋ weliŋ a mɛ na ɩ tʋwara tol."
6,And farmers who work hard are the first to eat what grows in their field.,"Pɩparɩ hʋ mɛ buloŋ aa yaa sɩfɩyaŋ tɩɩna, ʋ rɛ maga dɩ ʋ laa sɩya di ʋ baga kɩna."
7,"If you keep in mind what I have told you, the Lord will help you understand completely.",Kpa wɩya no ŋ aa basɩ kɩ tɩya ɩ a we ɩ nyuu tɩyaŋ a kɩ bɩɩnɩ beewɩya á Tɩɩna Yesu sɩ suri ɩ hakɩla dɩ ɩ wuwo gyɩŋ ba memii weliŋ.
8,"Keep your mind on Jesus Christ! He was from the family of David and was raised from death, just as my good news says.","Ta yeŋŋe anɩɩ Wɩɩsɩ kyisi Yesu Krisita aa yaa Deviti doho nal sʋʋ tɩyaŋ nɛ. Wɩweliye hʋ Wɩɩsɩ aa kpaa tɩya ŋ, ŋ kɩ basɩ rɛ gɛɛ."
9,"And because of this message, I am locked up in jail and treated like a criminal. But God's good news isn't locked in jail,","Wɩweliye no basɩɩ rɛ tɩŋ ŋ kɩ na tʋwara nyɛ, ba paalɩ vʋwa ŋ abee kyɔrʋmɔ anɩɩ ŋ aa yaa wɩbɔŋyaal. Amɛ ba bɩ sɩ wuwo kaŋ Wɩɩsɩ wɩbii hʋ kɛ vʋwa."
10,and so I am willing to put up with anything. Then God's special people will be saved and given eternal glory because they belong to Christ Jesus.,"Ɛɛwɩya, dɩ wɩɩ buloŋ aa yaa ŋ mɛ, ka ŋ aa kaŋ mala rɛ akuu nala hʋ Wɩɩsɩ aa lɩya wɩya, dɩ Wɩɩsɩ tɩŋ Yesu Krisita tɩyaŋ a laa ba mɛ ta dɩ ba we Wɩɩsɩ lee, a na ʋ gaŋdarɩ hʋ aa we doŋ kɩ mʋ deŋdeŋ."
11,"Here is a true message: “If we died with Christ, we will live with him.","Wɩɩ no ŋ aa basɩ kɩ tɩya ma yaa wɩtɩɩ rɛ, Dɩ á bee Yesu buloŋ nɛ sʋba, ɛɛ kɛ, á beel-ʋ buloŋ mɛ rɛ bɩl sɩ kaŋ mɩɩbol."
12,"If we don't give up, we will rule with him. If we deny that we know him, he will deny that he knows us.","Dɩ ámaa rɛ kaŋ mala, á beel-ʋ buloŋ nɛ sɩ di ʋ koro hʋ. Dɩ ámaa rɛ baa á bɩ gyɩŋ Yesu, ʋ mɛ sɩ maakyiye baa dɩ ʋ bɩ gyɩŋ ma."
13,"If we are not faithful, he will still be faithful. Christ cannot deny who he is.” An Approved Worker","Dɩ ámaa rɛ bee tɩŋa ʋ abee wɩtɩɩ, ʋ kɛ ha kaŋ wɩtɩɩ rɛ, beewɩya ʋ bɩ sɩ wuwo mʋrɩ ʋ tɩɩ. Wɩɩsɩ tʋŋtʋnnɩ hʋ tʋma aa fɩyɛlɩ Wɩɩsɩ teŋ"
14,"Don't let anyone forget these things. And with God as your witness, you must warn them not to argue about words. These arguments don't help anyone. In fact, they ruin everyone who listens to them.","Basɩ tɩya Krisitabiisi hʋ buloŋ anɩɩ ba ta ko kɩ yeŋŋi wɩya no kɩdɩgɩ buloŋ, aŋ kʋrɩsɩ ba dɩgɩna abee sɩfɩyasɩ Wɩɩsɩ sɩya tɩyaŋ dɩ ba leŋ nyʋʋtaaduwo wɩbasɩɩ bee dɔmɔŋ. Beewɩya wɩya no bɩ kaŋ tɔnɔ kɩdɩgɩ buloŋ tɩya nala hʋ aa nɩɩ ba see kyogisi dʋŋ."
16,Keep away from worthless and useless talk. It only leads people farther away from God.,Lɩɩ ɩ tɩɩ lɩɩ wɩya hʋ aa bee fɩyɛlɩ Wɩɩsɩ teŋ basɩɩ tɩyaŋ. Beewɩya wɩya no aa leŋ nala marɩ kpa ba hal yɩya Wɩɩsɩ rɛ.
17,That sort of talk is like a sore that won't heal. And Hymenaeus and Philetus have been talking this way,Nala no iriŋ wɩdagɩya aa pɩsa gɛɛ rɛ anɩɩ naawal aa kpa nal naŋpʋŋ buloŋ di gɛɛ. Hamineyo abee Filetusi rɛ yaa nala no badɔmɔŋ.
18,"by teaching that the dead have already been raised to life. This is far from the truth, and it is destroying the faith of some people.","Nala no balɩya nyʋgɩsa wɩtɩɩ hʋ ŋmanɩɩ tɩyaŋ nɛ, aŋ kaŋ nala hʋ aa laa Yesu wɩya di badɔmɔŋ mɛ hakɩllɩ kɩ vʋgɩmɩ abee wɩya hʋ ba aa basɩ tɩyaŋ. Beewɩya ba aa daga nala rɛ anɩɩ saŋa hʋ nala aa sɩ sii sʋʋ tɩyaŋ teŋ para rɛ."
19,"But the foundation God has laid is solid. On it is written, “The Lord knows who his people are. So everyone who worships the Lord must turn away from evil.”","Amɛ Wɩɩsɩ wɩtɩɩ hʋ kɛ sɩna gɛɛ rɛ anɩɩ gyememiduwo aa bɩ sɩ maakyiye gyigisi. Wɩɩ hʋ ba aa saba ʋ tɩyaŋ nɛ nyɛ: “Á Tɩɩna Wɩɩsɩ gyɩŋ nala hʋ aa yaa ʋ nala rɛ,” a bɩl baa, “Nal hʋ buloŋ aa baa ʋ yaa ʋ nal, ʋ tɩɩna maga dɩ ʋ leŋ wɩbɔmɔ yayɩ rɛ.”"
20,"In a large house some dishes are made of gold or silver, while others are made of wood or clay. Some of these are special, and others are not.","Dɩɩbal kɛ buloŋ tɩyaŋ, kɩdigbaŋsɩ iriŋ iriŋ buloŋ nɛ aa we doŋ. Badɔmɔŋ aa yaa salma kɩmarɩya rɛ, badɔmɔŋ yaa sɩlbasɩ, badɔmɔŋ mɛ yaa daasɩ kɩmarɩya, badɔmɔŋ mɛ yaa kyʋl kɩmɔɔlɩya. Ba aa kpa gbaŋsɩ no badɔmɔŋ biŋ nɛ a kaŋ kɩ we kɩdiiliye kyɛbala kyɛɛ dʋŋ, aŋ kaŋ badɔmɔŋ mɛ kɩ we kɩdiiliye kyɛɛ kɛ buloŋ."
21,"This is also how it is with people. The ones who stop doing evil and make themselves pure will become special. Their lives will be holy and pleasing to their Master, and they will be able to do all kinds of good deeds.","Ɛɛ tɩɩ rɛ dɩ nal lɛ lɩɩ ʋ tɩɩ wɩbɔmɔ yayɩ tɩyaŋ, Wɩɩsɩ sɩ kana ʋ tɩɩna kɩ tʋŋ ʋ sɩfɩyaŋ tʋma dʋŋ. Beewɩya ɛɛ daga nɩɩ Wɩɩsɩ leŋ ʋ yaa tɩpʋlʋŋ tɩɩna rɛ a bɩ kaŋ bisiŋ buloŋ ʋ sɩya tɩyaŋ. Ɛɛ wɩya, ʋ yaa siri rɛ dɩ Wɩɩsɩ kana ʋ tʋŋ tʋŋweliye kɛ iriŋ buloŋ."
22,"Run from temptations that capture young people. Always do the right thing. Be faithful, loving, and easy to get along with. Worship with people whose hearts are pure.",Lɩɩ ɩ tɩɩ a lɩɩ wɩbɔmɔ hʋ bapʋwasɩya bee hatoliye aa kɩ yaa tɩyaŋ. Amɛ ɩ bee nala hʋ aa kyʋwalɩ Wɩɩsɩ abee ma tɩdɩgɩ buloŋ maga dɩ ma kaŋ tɩpʋlʋŋ nɛ a sɩŋ ma laadii tɩyaŋ weliŋ a kaŋ kyori abee nyʋʋdɩgɩ.
23,"Stay away from stupid and senseless arguments. These only lead to trouble,","Ta kpaa ɩ tɩɩ kɩ mal nala hʋ aa kaŋ nyʋʋtaaduwo laama, beewɩya ɩ tɩɩ gyɩma anɩɩ kaasɩ rɛ yaa wɩya no kateŋ."
24,"and God's servants must not be troublemakers. They must be kind to everyone, and they must be good teachers and very patient.","Ka Wɩɩsɩ tʋŋtʋnnɩ mɛ bɩ maga dɩ ʋ kɩ kaa kaasɩ. Ʋ maga dɩ ʋ kaŋ bɔnyɛ bee nal buloŋ nɛ, a wuwo kɩ daga nala weliŋ, aŋ kaŋ kenyiri mɛ."
25,Be humble when you correct people who oppose you. Maybe God will lead them to turn to him and learn the truth.,Ʋ maga dɩ ʋ kpa sɩfɩyala rɛ a daga wɩya sɩya a kɩ tɩya nala hʋ aa bɩ sɩŋ ʋ wɩɩ tɩyaŋ. Kapuwo kyɛɛ kɩdɩgɩ Wɩɩsɩ sɩ suri ba sɩya dɩ ba bɩrɩmɩ lɩɩ ba wɩbɔmɔ tɩyaŋ a ko gyɩŋ wɩtɩɩ hʋ.
26,"They have been trapped by the devil, and he makes them obey him, but God may help them escape.","Nyɛ rɛ sɩ leŋ dɩ ba bɩrɩmɩ ba hakɩllɩ a marɩ kaŋ wɩgyʋŋ a kaŋ ba tɩɩ lɩɩ Sɩtaanɩ barɩgɩ hʋ tɩyaŋ, beewɩya ʋ fa bara kaŋ ba rɛ, a leŋ ba kɩ tɩŋ ʋ kyɛrɩ."
1,You can be certain that in the last days there will be some very hard times.,"Ŋ biye, laa wɩɩ no biŋ nɩɩ aa bee kyuwori doŋ: Saŋa hʋ dʋnɩya tenii aa sɩ ko kpaga, ba sɩ lɔrɩ kɩŋkaŋ a tɩya nala."
3,"heartless, and hateful. Their words will be cruel, and they will have no self-control or pity. These people will hate everything good.","Nala bɩ sɩ kaŋ kyori, a bɩ sɩ kpa wɩya kɩ kyɛ dɔmɔŋ. Ba sɩ kɩ kyogi dɔmɔŋ fene, a bɩ sɩ gyɩŋ ba tɩɩ kanɩɩ, nala sɩ bɔmɔ anɩɩ naakyige, aŋ ha haasɩ wɩɩ buloŋ aa yaa wɩwelii mɛ."
4,"They will be sneaky, reckless, and puffed up with pride. Instead of loving God, they will love pleasure.","Ba sɩ kɩ lɩɩ dɔmɔŋ hala, a bɩ sɩ kɩ yaa wɩya bee ba hakɩllɩ, aŋ kɩ daga ba tɩɩ kɩŋkaŋ, a kyo ba dʋŋʋ wɩyaalɩya a te Wɩɩsɩ."
5,"Even though they will make a show of being religious, their religion won't be real. Don't have anything to do with such people.","Ba aa kɩ yaa wɩya gɛɛ anɩɩ ba aa kyʋwalɩ Wɩɩsɩ, amɛ wɩtɩɩ tɩyaŋ, ba bɩ laa di anɩɩ Wɩɩsɩ kaŋ wɩɩ buloŋ dee rɛ. Ta leŋ dɩ ɩ bee nala no iriŋ pɛ wɩɩ buloŋ."
8,"Just as Jannes and Jambres opposed Moses, these people are enemies of the truth. Their minds are sick, and their faith isn't real.","Ɛɛ hʋ Gyaanisi bee Gyambɩrɩsɩ gyɩ aa yaŋ bɩ sɩŋ Moosi kɩŋ tɩyaŋ. Ɛɛ tɩɩ rɛ nala no mɛ bɩ sɩŋ gbala wɩtɩɩ hʋ. Nala no nyuni bee tɩma, ba aa fugo nyɩya wɩya baa ba laa Krisita wɩya di rɛ."
9,"But they won't get very far with their foolishness. Soon everyone will know the truth about them, just as Jannes and Jambres were found out. Paul's Last Instructions to Timothy","Amɛ ba bɩ sɩ wuwo yaa gɛɛ mʋ sɩya, beewɩya nal buloŋ sɩ na ba bambugiliŋ anɩɩ gɛɛ hʋ gyɩ aa puu Gyaanisi bee Gyambɩrɩsɩ. Pɔɔl basɩ wɩya kyagɩlɩ Timoti"
10,"Timothy, you know what I teach and how I live. You know what I want to do and what I believe. You have seen how patient and loving I am, and how in the past I put up with","Amɛ ɩ kɛ gyɩŋ ŋ wɩdagɩya abee ŋ wɩyaalɩya abee wɩɩ hʋ aa kyɩlɩ ŋ, ŋ mɩɩbol no tɩyaŋ buloŋ nɛ. Ɩ gyɩŋ ɛɛ ŋ aa laa Wɩɩsɩ di rɛ, a gyɩŋ gɛɛ ŋ aa kaŋ kenyiri mɛ. Ɩ gyɩŋ gɛɛ ŋ aa kyo nala rɛ, a bɩl gyɩŋ gɛɛ ŋ aa kaŋ mala mɛ."
12,"In fact, anyone who belongs to Christ Jesus and wants to live right will have trouble from others.","Ŋ aa kyɛ dɩ ɩ gyɩma rɛ anɩɩ nal hʋ buloŋ aa laa Yesu Krisita wɩya di, a kɩ kyɛ dɩ ʋ tɩŋ Wɩɩsɩ ŋmanɩɩ weliŋ, ba sɩ dɔgɩsɩ ʋ."
13,"But evil people who pretend to be what they are not will become worse than ever, as they fool others and are fooled themselves.","Amɛ nɩbɔmɔ abee nala hʋ aa gɔllɩ kɩ mʋrɩ nala, ba wɩbɔmɔ sɩ marɩ lɔrɩ. Ba sɩ marɩ kɩ mʋrɩ nala dɩ nala mɛ kɩ mʋrɩ ba."
14,"Keep on being faithful to what you were taught and to what you believed. After all, you know who taught you these things.","Amɛ ɩ kɛ ha kɩ yaa sɩfɩyaŋ, aŋ kaŋ wɩya hʋ ɩ aa gʋnna a laa di mɛ weliŋ, beewɩya ɩ gyɩŋ nala hʋ lee ɩ aa gʋnnɩ wɩya no rɛ."
15,"Since childhood, you have known the Holy Scriptures that are able to make you wise enough to have faith in Christ Jesus and be saved.","A piili ɩ biibiri tɩyaŋ buloŋ, ɩ gyɩŋ wɩya hʋ aa we Wɩɩsɩ Teŋ tɩyaŋ nɛ. Ɩ gyɩma anɩɩ wɩya no rɛ wuwo tɩya ɩ wɩgyʋŋ, a leŋ ɩ laa Yesu Krisita wɩya di, ʋ laa ɩ ta."
17,The Scriptures train God's servants to do all kinds of good deeds.,Nyɛ rɛ sɩ leŋ dɩ Wɩɩsɩ tʋŋtʋnnɩ wuwo sɩŋ kpaŋkpaŋ a wuwo tʋŋ tʋŋweliye iriŋ kɛ buloŋ.
3,"The time is coming when people won't listen to good teaching. Instead, they will look for teachers who will please them by telling them only what they are itching to hear.","Beewɩya saŋa kɩdɩgɩ sɩ ko pele dɩ nala bɩ sɩ yaa siri dɩ ba gyegili nɩɩ Krisita wɩtɩɩ hʋ. Amɛ ba sɩ kɩ tɩŋ ba tɩɩ hakɩllɩ wɩkyɛɛlɩya tɩyaŋ, a gɔllɩ kɩ kyɛ dɩdagɩla yʋga dɩ ba daga ba wɩya hʋ ba tɩɩ aa kyɛ dɩ ba nɩɩ."
6,Now the time has come for me to die. My life is like a drink offering being poured out on the altar.,Ŋ basɩ wɩɩ no kɩ tɩya ɩ rɛ beewɩya saŋa hʋ Wɩɩsɩ aa sɩ leŋ dɩ ŋ mɩɩbol teŋ dʋnɩya no tɩyaŋ pele rɛ. Ʋ kɩɩ gɛɛ anɩɩ ba aa kpaa ŋ kɩ lɩɩ wɩɩsʋlɩɩ.
8,"So a crown will be given to me for pleasing the Lord. He judges fairly, and on the day of judgment he will give a crown to me and to everyone else who wants him to appear with power. Personal Instructions","Lagɩlagɩ no, á Tɩɩna Krisita sarɩdiil hʋ aa kaŋ wɩtɩɩ, ʋ marɩ tɩpʋlʋŋ kuworinyupugi bine ŋ nɛ dɩ ʋ kpa siili ŋ kyɛɛ hʋ ʋ aa sɩ mɩɩgɩ ko. Ŋ dʋŋ mɛ yaŋ daa ʋ sɩ yaa gɛɛ tɩya amɛ abee nala hʋ buloŋ aa gyegili ʋ mɩɩgɩ koyi. Pɔɔl sʋl Timoti dɩ ʋ yaa wɩya badɔmɔŋ tɩya ʋ"
9,Come to see me as soon as you can.,Yaa ɩ kuwokeri buloŋ aŋ ko ŋ lee lagɩ.
10,"Demas loves the things of this world so much that he left me and went to Thessalonica. Crescens has gone to Galatia, and Titus has gone to Dalmatia.","Beewɩya Dimasɩ aa kyo dʋnɩya wɩkanɩya wɩya, ʋ vɩya ŋ ta rɛ aŋ fá mʋ Tesaloniika. Kiresikɛŋ mɛ mʋ Galetiya paalʋʋ rɛ, ka Titusi mɛ mʋ Dalmaatɩya paalʋʋ."
11,"Only Luke has stayed with me. Mark can be very helpful to me, so please find him and bring him with you.","Luka dʋŋ nɛ ha we ŋ lee daha. Dɩ ɩ rɛ ko kɩ ko ŋ lee, pɛ kaŋ Maakɩ mɛ kɩ ko, beewɩya ʋ kaŋ kyiyelii tɩya ŋ nɛ ŋ tʋma tɩyaŋ."
12,I sent Tychicus to Ephesus.,Ŋ tɩŋ Takikusi rɛ ʋ mʋ Ɛfiso.
13,"When you come, bring the coat I left at Troas with Carpus. Don't forget to bring the scrolls, especially the ones made of leather.","Ŋ gyɩ leŋ ŋ gabal hʋ ta Kaapusi lee rɛ Turowasɩ tɩyaŋ. Dɩ ɩ ko kɩ ko, laa ko tɩya ŋ. A paa ŋ tenni hʋ mɛ pɛ kaŋ kɩ ko, amarɩkpatɩya tenni hʋ ba aa kaŋ teŋtɩgɩsɩya marɩ hʋ."
14,"Alexander, the metalworker, has hurt me in many ways. But the Lord will pay him back for what he has done.","Lugil hʋ ba aa yɩrɩ Alizaŋda gyɩ kpʋʋ ŋ nɛ kɩŋkaŋ. Wɩɩ hʋ ʋ aa yaa ŋ, Wɩɩsɩ dʋŋ nɛ sɩ tun-ʋ."
15,"Alexander opposes what we preach, so you had better watch out for him.","Ɩ tɩɩ mɛ kɩ gyɩma ʋ wɩya weliŋ, beewɩya saŋa hʋ á gyɩ aa basɩ Wɩɩsɩ wɩya ʋ gyɩ kpaa nyʋʋtaaduwo kyeŋ ma rɛ weliŋ."
16,"When I was first put on trial, no one helped me. In fact, everyone deserted me. I hope it won't be held against them.","Saŋa hʋ tɩyaŋ ba gyɩ aa piile dɩ ba di ŋ sarɩya, nal buloŋ gyɩ bɩ sɩŋ ŋ hal. Ba buloŋ gyɩ fáá vɩya ŋ ta rɛ. Amɛ ŋ aa sʋl Wɩɩsɩ rɛ dɩ ʋ leŋ wɩɩ tɩya ba."
17,"But the Lord stood beside me. He gave me the strength to tell his full message, so that all Gentiles would hear it. And I was kept safe from hungry lions.","Amɛ á Tɩɩna Yesu Krisita gyɩ sɩŋ ŋ hal lɛ, a tɩya ŋ dee ŋ wuwo basɩ Wɩɩsɩ wɩya nala hʋ aa bɩ yaa Gyuuma buloŋ nɩɩ, aŋ lɩɩ ŋ sʋʋ bʋwa hʋ tɩyaŋ."
18,"The Lord will always keep me from being harmed by evil, and he will bring me safely into his heavenly kingdom. Praise him forever and ever! Amen. Final Greetings","Á Tɩɩna Yesu Krisita sɩ lɩɩ ŋ wɩbɔŋ buloŋ tɩyaŋ, a pɔ ŋ weliŋ, a kana ŋ gyɩŋ mʋ gyʋʋ ʋ koro hʋ tɩyaŋ wɩɩsɩbee tɩyaŋ. Ʋ sɩ na dannɩɩ a kaŋ kɩ mʋ deŋdeŋ. Amɩ. Kyʋwal kateŋse"
19,Give my greetings to Priscilla and Aquila and to the family of Onesiphorus.,"Kyʋwalɩ Pirisila abee Akula tɩya ŋ, a kyʋwalɩ Onisifɔrɔsɩ abee ʋ dɩya nala buloŋ mɛ."
20,Erastus stayed at Corinth. Trophimus was sick when I left him at Miletus.,"Irasitu gyɩ mɩɩgɩ hɔŋ Koriŋti tɩyaŋ nɛ, aŋka ŋ leŋ Turofimɔsɩ mɛ ta Miletu tɩyaŋ, beewɩya ʋ gyɩ bɩ kaŋ laaŋfɩya."
21,"Do your best to come before winter. Eubulus, Pudens, Linus, and Claudia send you their greetings, and so do the rest of the Lord's followers.","Yaa sɩfɩyaŋ aŋ ko daha, ka dɩ puwo na luri. Yubulusi abee Pudɛŋsɩ abee Liinusi abee Kulodɩya, abee á nɩmmabalɩya Krisitabiisi hʋ buloŋ aa kyʋwalɩ ɩ."
22,I pray that the Lord will bless your life and will be kind to you.,Á Tɩɩna Wɩɩsɩ sɩ we ɩ lee. Wɩɩsɩ bɔnyɛ sɩ we ma buloŋ lee.
3,"So, at the proper time, God our Savior gave this message and told me to announce what he had said.","Saŋa hʋ tɩyaŋ Wɩɩsɩ aa kyo rɛ, ʋ kpa mɩɩbol no wɩya daga ma ʋ wɩweliye hʋ tɩyaŋ. Wɩɩsɩ á laataal lɛ kpaa wɩɩ no we ŋ nosi tɩyaŋ, dɩ ŋ laa basɩ tɩya nala."
4,"Titus, because of our faith, you are like a son to me. I pray that God our Father and Christ Jesus our Savior will be kind to you and will bless you with peace! What Titus Was To Do in Crete","Ŋ sabɩ teŋ no a kɩ tɩya ɩ Titusi rɛ. Akuu á buloŋ aa laa Yesu wɩya di wɩya, ɩ yaa ŋ biye tɩɩ rɛ. Á Kuwo Wɩɩsɩ abee á Laataal Yesu Krisita sɩ kyiyeli ɩ a leŋ dɩ ɩ hɔŋ abee laaŋfɩya. Wɩɩ hʋ Titusi aa maga dɩ ʋ yaa Kiriti paalʋʋ tɩyaŋ"
5,"I left you in Crete to do what had been left undone and to appoint leaders for the churches in each town. As I told you,","Wɩɩ hʋ aa tɩŋ ŋ leme ɩ Kiriti paalʋʋ tɩyaŋ nɛ yaa dɩ ɩ wuwo kaŋ wɩya hʋ fa aa maga dɩ a yaa ka á bɩ wuwo yaa, a pɛ pɛ dɔmɔŋ. Ka dɩ tɔɔ buloŋ tɩyaŋ mɛ dɩ ɩ lɩɩ Krisitabiisi sɩlaala doŋ anɩɩ ŋ aa daga ɩ gɛɛ."
12,"It is like one of their own prophets once said, “The people of Crete always tell lies. They are greedy and lazy like wild animals.”","Kiriti tɩmma vʋgɩl kɩdɩgɩ tɩɩ gba gyɩ basɩ doŋ nala wɩya rɛ a baa, Kiriti tɩmma buloŋ yaa wɩnyɩyɛla rɛ, a yaa nɩbɔmɔ, a yaa naboliŋ tɩmma, a yaa teŋwɩɩ tɩmma mɛ."
13,"This surely is a true saying. And you should be hard on such people, so you can help them grow stronger in their faith.","Wɩɩ hʋ ʋ aa basa yaa wɩtɩɩ rɛ. Ɛɛwɩya, nɔsɩ ba abee sɩfɩyasɩ dɩ ba sɩŋ wɩtɩɩ hʋ ba aa laa di tɩyaŋ weliŋ."
14,Don't pay any attention to any of those senseless Jewish stories and human commands. These are made up by people who won't obey the truth.,"Bil basɩ tɩya ba dɩ ba ta kpaa ba nyuni we Gyuuma naabaala wɩkanɩya tɩyaŋ, a ta kɩ tɩŋ nala hʋ aa vɩya Wɩɩsɩ wɩtɩɩ hʋ nyʋwa mɛ."
15,Everything is pure for someone whose heart is pure. But nothing is pure for an unbeliever with a dirty mind. That person's mind and conscience are destroyed.,"Nala hʋ aa kaŋ tɩpʋlʋŋ, kɩŋ buloŋ mɛ weliye rɛ ba lee. Amɛ bisiŋ tɩmma hʋ aa bɩ laa Wɩɩsɩ wɩya di kɛ lee, kɩŋ buloŋ yaa kɩbɔŋ nɛ. Wɩtɩɩ rɛ, ba tɩsɩ bee ba hakɩllɩ buloŋ nɛ birise. Ba bɩ gyɩŋ wɩbɔŋ buloŋ."
16,"Such people claim to know God, but their actions prove they really don't. They are disgusting. They won't obey God, and they are too worthless to do anything good.","Ba aa basɩ anɩɩ ba gyɩŋ Wɩɩsɩ rɛ, amɛ ba wɩyaalɩya daga anɩɩ ba bɩ gyɩŋ Wɩɩsɩ. Ba wɩyaalɩya lɔrɔ, ba bee nɩɩ nal buloŋ nyʋwa, ba paalɩ bɩ sɩ wuwo yaa wɩwelii buloŋ mɛ."
3,"Tell the older women to behave as those who love the Lord should. They must not gossip about others or be slaves of wine. They must teach what is proper,","Basɩ tɩya hanɩhɩyasɩ hʋ mɛ dɩ ba kɩ yaa wɩya hʋ aa daga anɩɩ ba aa fá Wɩɩsɩ rɛ. Ʋ bɩ maga dɩ ba kɩ gaa nala hala, koo dɩ ba yaa sɩnyʋwala. Amɛ ʋ maga dɩ ba kɩ daga wɩya hʋ aa weliye rɛ, dɩ gɛɛ wuwo leŋ"
4,so the younger women will be loving wives and mothers.,"dɩ ba wuwo daga hatoliye mɛ dɩ ba kyo ba balama abee ba biisi,"
5,"Each of the younger women must be sensible and kind, as well as a good homemaker, who puts her own husband first. Then no one can say insulting things about God's message.","a wuwo kaŋ ba tɩɩ weliŋ, a ta kɩ yaa wɩlaama, aŋ kɩ deŋ ba dɩya nala nyuu tɩyaŋ weliŋ, a kaŋ bɔnyɛ, a kɩ tɩŋ ba balama nyʋʋsɩ weliŋ, dɩ nal buloŋ ta wuwo basɩ wɩbɔŋ buloŋ Wɩɩsɩ wɩweliye hʋ lugo tɩyaŋ."
8,"Use clean language that no one can criticize. Do this, and your enemies will be too ashamed to say anything against you.","Leŋ dɩ ɩ wɩbasɩya buloŋ yaa wɩtɩɩ, dɩ nal buloŋ ta wuwo kaŋ wɩɩ tarɩ ba tɩyaŋ. Nyɛ rɛ sɩ leŋ dɩ hɩɩsɩ kaŋ nala hʋ aa bɩ sɩŋ ma kɩŋ tɩyaŋ, beewɩya ba bɩ sɩ na wɩbɔŋ buloŋ á tɩyaŋ a basɩ."
9,Tell slaves always to please their owners by obeying them in everything. Slaves must not talk back to their owners,"Basɩ tɩya yosi mɛ dɩ ba kɩ tɩŋ ba tɩmma nyʋʋsɩ wɩɩ kɛ buloŋ tɩyaŋ, dɩ ba tɩmma tenni fɩyɛlɩ ba nyuu tɩyaŋ. Ʋ bɩ maga dɩ ba laa wɩya kɩ basɩ ba nyʋʋsɩ tɩyaŋ."
10,or steal from them. They must be completely honest and trustworthy. Then everyone will show great respect for what is taught about God our Savior. God's Kindness and the New Life,"Ba ta kɩ gaa ba tɩmma kɩna. Amɛ ba wɩyaalɩya buloŋ tɩyaŋ, ʋ maga dɩ ba leŋ dɩ ba tɩmma laa ba di rɛ anɩɩ ba kaŋ wɩtɩɩ rɛ. Dɩ ba aa rɛ aa yaa gɛɛ, ɛɛ rɛ sɩ leŋ dɩ nal buloŋ gyɩma anɩɩ á Laataal Wɩɩsɩ wɩweliye hʋ yaa wɩya aa kaŋ tɩŋɩɩ rɛ."
13,"We are filled with hope, as we wait for the glorious return of our great God and Savior Jesus Christ.","Á aa we dʋnɩya no tɩyaŋ nyɛ, á aa gyegili haŋ kyɛbal hʋ á Wɩɩbal abee á Laataal Yesu Krisita, aa sɩ ko abee ʋ gaŋdarɩ rɛ."
14,He gave himself to rescue us from everything evil and to make our hearts pure. He wanted us to be his own people and to be eager to do right.,"Á wɩya rɛ tɩŋ ʋ sʋba, dɩ ʋ laa ma ta á wɩbɔmɔ buloŋ tɩyaŋ a pɩɩsɩ á bisiŋ buloŋ ta, dɩ á yaa ʋ tɩɩ nala, a yaa nala hʋ aa kpaa ba nyuu we wɩweliye yayɩ dʋŋ tɩyaŋ."
1,Remind your people to obey the rulers and authorities and not to be rebellious. They must always be ready to do something helpful,"Bɩl marɩ basɩ tɩya Krisitabiisi hʋ anɩɩ ʋ maga dɩ ba kpa ba tɩɩ tɩya ba sɩlaala rɛ abee nala hʋ aa deŋ ba nyuu, a kɩ tɩŋ ba nyʋwa, aŋ yaa siri dɩ ba yaa wɩɩ kɛ buloŋ aa weliye."
4,God our Savior showed us how good and kind he is.,"Amɛ saŋa kɩdɩgɩ aa ko pele, á Laataal Wɩɩsɩ kaŋ ʋ bɔnyɛ abee ʋ kyori daga ma rɛ a laa ma ta."
5,"He saved us because of his mercy, and not because of any good things we have done. God washed us by the power of the Holy Spirit. He gave us new birth and a fresh beginning.","Ʋ bɩ kɩɩ anɩɩ á wɩyaaweliye yayɩ rɛ tɩŋ ʋ laa ma ta. Amɛ ʋ aa fáá á sikii wɩya rɛ tɩŋ ʋ laa ma ta. Ʋ Wiyesi Welii hʋ tɩyaŋ nɛ ʋ tɩŋa a sasɩ á wɩbɔmɔ buloŋ ta, aŋ tɩya ma mɩɩbofalɩɩ anɩɩ ba aa marɩ lʋl ma."
6,God sent Jesus Christ our Savior to give us his Spirit.,Wɩɩsɩ tɩŋ á Laataal Yesu Krisita tɩyaŋ nɛ a kpa ʋ Wiyesi Welii no we á tɩyaŋ weliŋ.
7,Jesus treated us much better than we deserve. He made us acceptable to God and gave us the hope of eternal life.,"Ʋ bɔnyɛ tɩyaŋ nɛ ʋ leŋ á yaa tɩpʋlʋŋ tɩmma ʋ sɩya tɩyaŋ, a yaa ʋ balɩya, a kaŋ bayɩyɛla anɩɩ á sɩ kaŋ mɩɩbol hʋ aa bɩ kaŋ tenii."
8,"This message is certainly true. These teachings are useful and helpful for everyone. I want you to insist that the people follow them, so that all who have faith in God will be sure to do good deeds.","Wɩɩ no paalɩ yaa wɩtɩɩ rɛ. Ɛɛwɩya, ŋ aa kyɛ dɩ ɩ marɩ basɩ wɩya no weliŋ nɛ a tɩya nala hʋ aa laa Wɩɩsɩ wɩya di, dɩ ba kpa ba nyuni we wɩweliye yayɩ tɩyaŋ saŋa buloŋ. Beewɩya wɩya no yaa wɩweliye rɛ, a kaŋ tɔnɔ tɩya nihuwobiŋ buloŋ."
9,But don't have anything to do with stupid arguments about ancestors. And stay away from disagreements and quarrels about the Law of Moses. Such arguments are useless and senseless.,"Amɛ ma ta kaŋ wɩtɔɔnɩ kɩ kpa dɔmɔŋ. Ma ta dɔgɩsɩ ma tɩɩ a kɩ dɩɩsɩ ma naabatuugo ma fene. Ma yaŋ leŋ hɩyawʋ-hɩyawʋ bee dɔmɔŋ, a ta kaŋ Wɩɩsɩ mɩrɩsɩ hʋ Moosi fa aa saba tɩya ma mɛ wɩya kɩ kaa dɔmɔŋ. Beewɩya, wɩya no buloŋ yaa wɩtɔɔnɩ rɛ, a bɩ kaŋ tɔnɔ buloŋ."
11,"You know their minds are twisted, and their own sins show how guilty they are. Personal Instructions and Greetings","Gyɩma weliŋ anɩɩ nal no tɩɩna yaa wɩbɔŋyaal lɛ a bee kyɛ wɩtɩɩ. Ʋ tɩɩ wɩyaalɩya di ʋ sarɩya rɛ, ʋ tele. Wɩkateŋse"
12,"I plan to send Artemas or Tychicus to you. After he arrives, please try your best to meet me at Nicopolis. I have decided to spend the winter there.","Ŋ sɩ tʋŋ Atɩmasɩ koo Takikusi dɩ ʋ ko ɩ lee. Dɩ ʋ rɛ ko ko, yaa kuwokeri aŋ ko kyem-ŋ Nikopoli tɩyaŋ, beewɩya ŋ yaa ŋ hakɩla rɛ anɩɩ ŋ sɩ hɔŋ doŋ dɩ puwo saŋa baŋ mʋ."
13,"When Zenas the lawyer and Apollos get ready to leave, help them as much as you can, so they won't have need of anything.","Dɩ Ziina, sarɩdiil hʋ, abee Apolo rɛ ko yaa siri dɩ ba vala ba ŋmanɩɩ hʋ, yaa kuwokeri aŋ pɛ ba tɩyaŋ weliŋ, a tɩya ba kɩŋ hʋ buloŋ ba aa kyɛ."
15,Greetings to you from everyone here. Greet all of our friends who share in our faith. I pray that the Lord will be kind to all of you!,Ŋ bee nala hʋ buloŋ aa we daha aa kyʋwalɩ ɩ. Kyʋwalɩ á kyaŋsɩ hʋ buloŋ mɛ aa laa Yesu wɩya di tɩya ma. Wɩɩsɩ sɩ kyiyeli ma buloŋ.
1,"From Paul, who is in jail for serving Christ Jesus, and from Timothy, who is like a brother because of our faith. Philemon, you work with us and are very dear to us. This letter is to you","Mɩyaŋ Pɔɔl ba aa kaŋ tɔ nɩtɔdɩyaŋ á tɩɩna Yesu Krisita wɩya, abee á nɩɩnabiye Timoti rɛ sabɩ teŋ no a kɩ tɩya ɩ Filemɔŋ, á kyaŋkyoolii, abee á tʋŋtʋnnɩ-dɔŋ,"
2,"and to the church that meets in your home. It is also to our dear friend Apphia and to Archippus, who serves the Lord as we do.","abee Krisitabiisi hʋ aa laŋŋɩ ɩ dɩya tɩyaŋ, abee á nɩɩnatoluu Afiya, abee Akipu, nal hʋ á beel-ʋ buloŋ aa lʋgɩ dɩ á leŋ dɩ nala gyɩma anɩɩ Wɩɩsɩ wɩweliye hʋ yaa wɩtɩɩ rɛ."
3,I pray that God our Father and our Lord Jesus Christ will be kind to you and will bless you with peace! Philemon's Love and Faith,Á Kuwo Wɩɩsɩ abee á Tɩɩna Yesu Krisita bɔnyɛ abee ba fɩyɛlʋʋ sɩ we ma lee.
4,"Philemon, each time I mention you in my prayers, I thank God.","Dɩ mɩyaŋ nɛ ko kɩ kyʋwalɩ Wɩɩsɩ saŋa kɛ buloŋ, ŋ aa liisi ɩ wɩya rɛ, a kyʋwalɩ Wɩɩsɩ aŋgyʋwasʋ."
5,I hear about your faith in our Lord Jesus and about your love for all God's people.,"Beewɩya, ŋ aa nɩɩ ɛɛ hʋ ɩ aa kyo Krisitabiisi buloŋ nɛ, abee ɛɛ hʋ ɩ aa laa á Tɩɩna Yesu Krisita wɩya di."
7,"My friend, your love has made me happy and has greatly encouraged me. It has also cheered the hearts of God's people. Paul Speaks to Philemon about Onesimus","Ŋ naabiikpɩyana, ɛɛ hʋ ɩ aa kyo Wɩɩsɩ nala, ʋ yaa ŋ teŋfɩyɛlʋʋ rɛ kɩŋkaŋ, a leŋ ŋ teŋ mɛ polli, beewɩya ɩ leŋ Wɩɩsɩ nala bembiye fɩyɛlɩ rɛ. Pɔɔl sʋl Filemɔŋ dɩ ʋ kaŋ Oniisimu weliŋ"
9,"But I would rather ask you to do it simply because of love. Yes, as someone in jail for Christ,","Ŋ fa sɩ wuwo kpa fɩlɩɩ beewɩya, ŋ yaa nal aa laa Yesu Krisita naasɩ sɩŋ nɛ, ka ba ha kana ŋ tɔ nɩtɔdɩyaŋ gyɩnaŋ ʋ wɩya. Amɛ kyori tɩyaŋ nɛ ŋ kpa sʋlɩɩ nyɛ."
10,I beg you to help Onesimus! He is like a son to me because I led him to Christ here in jail.,"Ŋ biibaal Oniisimu wɩya rɛ ŋ kɩ sʋla ɩ. Ʋ kɩɩ gɛɛ rɛ anɩɩ ŋ tɩɩ biye Krisita tɩyaŋ, beewɩya ŋ tɩyaŋ nɛ ʋ tɩŋa a laa Yesu wɩya di saŋa hʋ ŋ aa we nɩtɔdɩya tɩyaŋ."
11,"Before this, he was useless to you, but now he is useful both to you and to me.",Ʋ fa bɩ kaŋ tɔnɔ tɩya ɩ. Amɛ lagɩlagɩ no ʋ kaŋ tɔnɔ tɩya ŋ beel-ɩ buloŋ nɛ.
12,Sending Onesimus back to you makes me very sad.,"Ŋ leŋ ʋ mɩɩgɩ kɩ ko ɩ lee rɛ, amɛ ʋ wɩya dɔbɔ ŋ bembii tɩyaŋ weliŋ."
13,"I would like to keep him here with me, where he could take your place in helping me while I am here in prison for preaching the good news.","Ŋ ha aa we nɩtɔdɩya tɩyaŋ Yesu Krisita wɩweliye hʋ wɩya nyɛ, ŋ fa kyo dɩ ʋ we ŋ lee daha rɛ, a fa laa ɩ nyuu kɩ kyiyeli ŋ."
14,"But I won't do anything unless you agree to it first. I want your act of kindness to come from your heart, and not be something you feel forced to do.","Amɛ ŋ bee kyɛ dɩ ŋ fɩla ɩ dɩ ɩ kyiyeli ŋ. Ŋ aa kyɛ dɩ ɩ kyiyeli ŋ nɛ ɩ tɩɩ kyɛrɩ tɩyaŋ. Ɛɛwɩya, ŋ bɩ sɩ yaa wɩɩ buloŋ dɩ ɩ bɩ laa nyʋwa."
15,"Perhaps Onesimus was taken from you for a little while so you could have him back for good,",Kapuwo wɩɩ hʋ aa tɩŋ Oniisimu gyɩ lɩɩ ɩ lee kyɛyɛ baŋmana rɛ yaa dɩ ʋ mɩɩgɩ ko ɩ lee a we doŋ deŋdeŋ kɩ mʋ.
16,"but not as a slave. Onesimus is much more than a slave. To me he is a dear friend, but to you he is even more, both as a person and as a follower of the Lord.","Oniisimu fa yaa ɩ yoŋ nɛ. Amɛ lagɩlagɩ no, ʋ bɩl bɩ yaa ɩ yoŋ dʋŋ, ʋ tee ɩ yoŋ nɛ. Ʋ yaa á nɩɩnabiye tɩɩ rɛ Krisita wɩya. Ʋ wɩya dɔbɔ ŋ bembii tɩyaŋ nɛ weliŋ. Amɛ ŋ gyɩma anɩɩ ʋ wɩya gba kyɩla ɩ te ŋ nɛ, akuu ʋ aa yaa ɩ yoŋ abee ɩ naabiye buloŋ á Tɩɩna Yesu tɩyaŋ wɩya."
17,"If you consider me a friend because of Christ, then welcome Onesimus as you would welcome me.","Dɩ ɩ rɛ gyɩma anɩɩ ŋ yaa ɩ tʋŋtʋnnɩ-dɔŋ Krisita ŋmanɩɩ tɩyaŋ, ɛɛ kɛ dɩ ʋ rɛ ko mɩɩgɩ ko, kana ʋ weliŋ anɩɩ ɩ fa aa sɩ kana ŋ tɩɩ gɛɛ."
20,"My dear friend and follower of Christ our Lord, please cheer me up by doing this for me.","Ɛɛwɩya, ŋ naabiikpɩyana, ŋ aa sʋla ɩ á Tɩɩna nyubaanɩŋ, yaa wɩɩ no tɩya ŋ. Akuu á aa yaa kɩdɩgɩ Krisita tɩyaŋ wɩya leŋ dɩ ŋ teŋ fɩyɛlɩ."
23,"Epaphras is also here in jail for being a follower of Christ Jesus. He sends his greetings,",Ɛpafirasɩ mɛ ba aa kaŋ tɔ pɛ ŋ tɩyaŋ akuu Yesu Krisita wɩya mɛ aa kyʋwalɩ ɩ.
24,"and so do Mark, Aristarchus, Demas, and Luke, who work together with me.",Ŋ tʋŋtʋnnɩ-dɔŋtɩŋsɩ Maakɩ abee Arisitaakusi abee Dimasɩ abee Luka mɛ aa kyʋwalɩ ɩ.
25,I pray that the Lord Jesus Christ will be kind to you!,Á Tɩɩna Yesu Krisita bɔnyɛ sɩ we ma buloŋ lee.
1,Long ago in many ways and at many times God's prophets spoke his message to our ancestors.,"Faafaa hʋ tɩyaŋ, Wɩɩsɩ gyɩ leŋ ʋ tɩŋdaala tɩŋ ŋmaŋgyamaa rɛ a villi basɩ wɩya a tɩya á naabaala."
2,"But now at last, God sent his Son to bring his message to us. God created the universe by his Son, and everything will someday belong to the Son.","Amɛ gyɩnaŋ sɩgballɩya no kɛ, ʋ Biye tɩyaŋ nɛ ʋ tɩŋa, a basɩ wɩya tɩya ma. Wɩɩsɩ Biye no tɩyaŋ nɛ ʋ tɩŋa a marɩ dʋnɩya kɩŋ kɩŋ buloŋ a bɩl lɩɩ ʋ mɛ a kpa dʋnɩya kɩŋ kɩŋ buloŋ tɩya ʋ."
3,"God's Son has all the brightness of God's own glory and is like him in every way. By his own mighty word, he holds the universe together. After the Son had washed away our sins, he sat down at the right side of the glorious God in heaven.","Biye hʋ tɩyaŋ nɛ á kɩ na Wɩɩsɩ gaŋdarɩ aa maga gɛɛ. Ɛɛ Wɩɩsɩ aa kɩya, ɛɛ tɩɩ rɛ biye hʋ mɛ kɩɩ, ka ʋ kaŋ ʋ wɩbii hʋ aa kaŋ dee a kɩ deŋ dʋnɩya kɩna buloŋ. Ʋ aa sasɩ á wɩbɔmɔ ta hal tɩyaŋ, ʋ hɔŋ Bakɔɔ noduu logiŋ tɩyaŋ nɛ wɩɩsɩbee tɩyaŋ. Wɩɩsɩ Biye hʋ rɛ tee Wɩɩsɩ Malɩkasɩ"
4,"He had become much greater than the angels, and the name he was given is far greater than any of theirs. God's Son Is Greater than Angels","Ɛɛ wɩya Wɩɩsɩ Biye hʋ rɛ tee malɩkasɩ buloŋ. Feŋ hʋ mɛ Wɩɩsɩ aa kpaa tɩya ʋ, ʋ rɛ tee feŋ hʋ malɩkasɩ hʋ aa kana."
5,"God has never said to any of the angels, “You are my Son, because today I have become your Father!” Neither has God said to any of them, “I will be his Father, and he will be my Son!”","Beewɩya, Wɩɩsɩ ha bɩ maakyiye basɩ tɩya malɩka buloŋ a baa: “Ɩ yaa ŋ Biibaal lɛ, mɩyaŋ nɛ yaa ɩ kuwo gyɩnaŋ.” Ʋ bɩl bɩ basɩ tɩya malɩka kɩdɩgɩ buloŋ mɛ a baa: “Ŋ sɩ yaa ɩ Kuwo, dɩ ɩ mɛ yaa ŋ Biye.”"
6,"When God brings his first-born Son into the world, he commands all of his angels to worship him.","Amɛ saŋa hʋ ʋ aa kyɛ dɩ ʋ ta ʋ Biihɩyawʋ hʋ dɩ ʋ ko tuu dʋnɩya, ʋ basa rɛ a baa, “Malɩkasɩ buloŋ maga dɩ ba kɩ kyʋwalɩ ʋ rɛ.”"
7,"And when God speaks about the angels, he says, “I change my angels into wind and my servants into flaming fire.”","Wɩya hʋ Wɩɩsɩ aa basa a mʋ tile ʋ malɩkasɩ tɩyaŋ nɛ nyɛ: Ʋ baa, “Ŋ leŋ ŋ malɩkasɩ kɩɩ gɛɛ anɩɩ puwo a leŋ ŋ tʋŋtʋnna mɛ kɩɩ gɛɛ anɩɩ diŋgel.”"
8,"But God says about his Son, “You are God, and you will rule as King forever! Your royal power brings about justice.","Amɛ wɩɩ hʋ ʋ aa basa a tile ʋ Biye hʋ tɩyaŋ nɛ nyɛ: Ʋ baa, “Wɩɩsɩ, ɩ koro sɩ we doŋ a kaŋ kɩ mʋ deŋdeŋ. Tɩpʋlʋŋ nɛ sɩ yaa ɩ kuworidaatɩgɩɩ dɩ ɩ kaŋ kɩ deŋ ɩ nala.”"
9,"You loved justice and hated evil, and so I, your God, have chosen you. I appointed you and made you happier than any of your friends.”","“Ɩ kyo wɩweliye rɛ aŋ haasɩ wɩbɔmɔ. Ɛɛ rɛ tɩŋ mɩyaŋ ɩ Wɩɩsɩ kpa ɩ yohuŋ a te ɩ dɔŋtɩŋsɩ buloŋ, a leŋ ɩ teŋ fɩyɛlɩ."
10,"The Scriptures also say, “In the beginning, Lord, you were the one who laid the foundation of the earth and created the heavens.","Ʋ bɩl baa, “Ɩ á Tɩɩna, ɩ rɛ taa taŋha buŋbuŋ hʋ tɩyaŋ, a ta wɩɩsɩnyuu mɛ."
11,"They will all disappear and wear out like clothes, but you will last forever.","Wɩɩsɩnyuu abee taŋha buloŋ sɩ nyʋgɩsɩ, amɛ ɩ kɛ ha sɩ we doŋ. Ba buloŋ sɩ bɩrɩmɩ kɩbɩnɩya, a kɔsɩ anɩɩ gannɩ aa kɔsɩ gɛɛ."
12,"You will roll them up like a robe and change them like a garment. But you are always the same, and you will live forever.”",Ɩ sɩ kaŋ ba kpeme anɩɩ gal. Ba sɩ bɩrɩmɩ kɩbɩnɩya anɩɩ gannɩ. Amɛ ɩ kɛ bee bɩrɩmɩ. Ɩ mɩɩbol mɛ bɩ sɩ maakyiye teŋ.”
13,"God never said to any of the angels, “Sit at my right side until I make your enemies into a footstool for you!”","Wɩya hʋ Wɩɩsɩ bɩl aa basa tɩya ʋ rɛ nyɛ: Ʋ baa, “Ko hɔŋ ŋ noduu logiŋ, ka dɩ ŋ yuwo di ɩ dɔmɔ buloŋ teŋ.” Malɩka bee rɛ Wɩɩsɩ ha maakyiye basɩ wɩɩ no tɩya?"
1,"We must give our full attention to what we were told, so we won't drift away.","Akuu wɩɩ no wɩya, ʋ maga dɩ á kaŋ wɩweliye hʋ á aa nɩya weliŋ nɛ, dɩ wɩɩ buloŋ ta ko viisi ma mʋ gama."
2,"The message spoken by angels proved to be true, and all who disobeyed or rejected it were punished as they deserved.","Wɩya hʋ malɩkasɩ gyɩ aa basɩ tɩya á naabaala gyɩ yaa wɩtɩɩ rɛ. Dɩ nal lɛ gyɩ vɩya ba tɩŋɩɩ, koo dɩ nal lɛ gyɩ kyogi ba kɩdɩgɩ buloŋ, Wɩɩsɩ aa dɔgɩsɩ ʋ gɛɛ aa maga rɛ."
3,"So if we refuse this great way of being saved, how can we hope to escape? The Lord himself was the first to tell about it, and people who heard the message proved to us that it was true.","Dɩ nyɛ rɛ yaŋ we doŋ, wɩbee rɛ sɩ laa ma dɩ ámaa rɛ kpaa á hal yɩya wɩbal hʋ Wɩɩsɩ aa yaa a laa ma ta. Á Tɩɩna Yesu rɛ laa sɩya basɩ laatayɩ no wɩya, ka nala hʋ a nɩɩ wɩɩ hʋ mɛ kyosi basɩ tɩya ma anɩɩ ʋ yaa wɩtɩɩ rɛ."
4,God himself showed that his message was true by working all kinds of powerful miracles and wonders. He also gave his Holy Spirit to anyone he chose to. The One Who Leads Us To Be Saved,"Wɩɩsɩ tɩɩ mɛ daga anɩɩ wɩɩ hʋ ba aa basa yaa wɩtɩɩ rɛ, beewɩya ʋ kuu wɩɩ hʋ wɩya rɛ a yaa wɩkperiye abee wɩmagɩla aŋ kpa ʋ Wiyesi Welii bɔnyɛ kɩna mɛ tɩya nala ʋ kyɛrɩ tɩyaŋ. Nal hʋ tɩyaŋ á aa sɩ tɩŋa a na laatayɩ"
5,We know that God did not put the future world under the power of angels.,Malɩkasɩ nosi tɩyaŋ daa Wɩɩsɩ kpa taŋhafalɩɩ hʋ aa sɩ ko we. Taŋhafalɩɩ no wɩya rɛ á basɩ kɩ tɩya ma nyɛ.
6,"Somewhere in the Scriptures someone says to God, “What makes you care about us humans? Why are you concerned for weaklings such as we?","Wɩɩsɩ teŋ logiŋ kɩdɩgɩ tɩyaŋ ba baa, “Bekiŋ nɛ yaa nihuwobiŋ, ɩ kɩ bɩɩnɩ ʋ wɩya, bekiŋ nɛ yaa nihuwobiŋ biye mɛ ɩ kɩ deŋ ʋ nyuu tɩyaŋ?"
7,You made us lower than the angels for a while. Yet you have crowned us with glory and honor.,"Ɩ aa taa nihuwobiŋ, ɩ leŋ malɩkasɩ te ʋ mʋhʋ rɛ kyɛyɛ baŋmana, a leŋ nihuwobiŋ kaŋ feŋ abee yohuŋ."
8,And you have put everything under our power!” God has put everything under our power and has not left anything out of our power. But we still don't see it all under our control.,"Ka ɩ kpa kɩna buloŋ mɛ a we ʋ nosi tɩyaŋ. Ɩ aa kpaa kɩna buloŋ we nihuwobiŋ nosi tɩyaŋ gɛɛ, ɛɛ daga anɩɩ kɩŋ buloŋ bɩl tuwo ʋ aa bɩ kaŋ ʋ dee. Amɛ lagɩlagɩ no, á bɩ naa dɩ nihuwobiŋ kaŋ dee kɩna buloŋ nyuu tɩyaŋ."
9,"What we do see is Jesus, who for a little while was made lower than the angels. Because of God's gift of undeserved grace, Jesus died for everyone. And now that Jesus has suffered and died, he is crowned with glory and honor!","Wɩɩsɩ fa leŋ ʋ malɩkasɩ rɛ te Yesu mʋhʋ. Amɛ lagɩlagɩ no, á naa anɩɩ Wɩɩsɩ kpaa Yesu yohuŋ nɛ, a leŋ ʋ kaŋ feŋ mɛ, beewɩya ʋ naa tʋwara rɛ a sʋba. Wɩɩsɩ bɔnyɛ tɩyaŋ nɛ ʋ fa yaa gɛɛ, dɩ ʋ wuwo laa nihuwobisi buloŋ nyuu a sʋba."
10,"Everything belongs to God, and all things were created by his power. So God did the right thing when he made Jesus perfect by suffering, as Jesus led many of God's children to be saved and to share in his glory.","Wɩɩsɩ rɛ taa dʋnɩya kɩna buloŋ a kɩ deŋ ba mɛ. Ɛɛ rɛ tɩŋ ʋ maga dɩ ʋ leŋ dɩ ʋ biigyamaa ko ʋ lee, a mɛ yaa gaŋdaala. Ɛɛ wɩya rɛ tɩŋ ʋ leŋ Krisita, laataal hʋ tɩyaŋ ba aa sɩ tɩŋa a na laatayɩ sɩŋ lee hʋ aa maga beel-ʋ a na tʋwara, a sʋba, dɩ ʋ wuwo laa ba ta."
11,Jesus and the people he makes holy all belong to the same family. This is why he isn't ashamed to call them his brothers and sisters.,"Yesu rɛ aa pɩɩsɩ nala bisiŋ ta, ba yaa tɩpʋlʋŋ tɩmma. Nal hʋ aa pɩɩsɩ nala bisiŋ ta, abee nala hʋ bisiŋ ʋ aa pɩɩsa ta, ba buloŋ kuwo rɛ yaa Wɩɩsɩ. Ɛɛ rɛ tɩŋ ʋ fa bɩ yaa Yesu hɩɩsɩ abee ʋ aa sɩ yɩrɩ ba ʋ naabalɩya."
12,"He even said to God, “I will tell them your name and sing your praises when they come together to worship.”",Wɩya hʋ Yesu aa basɩ tɩya Wɩɩsɩ rɛ nyɛ: “Ŋ sɩ basɩ wɩya hʋ ɩ aa yaa a tɩya ŋ naabalɩya. “Ŋ sɩ dannɩ ɩ nala hʋ aa laŋŋa kɩ kyʋwalɩ ɩ tɩyaŋ
13,"He also said, “I will trust God.” Then he said, “Here I am with the children God has given me.”","Ʋ bɩl baa, “Ŋ sɩ laa ɩ di wɩɩ buloŋ tɩyaŋ.” A bɩl baa, “Na ŋ bee nala hʋ buloŋ ɩ aa kpaa tɩya ŋ.”"
14,"We are people of flesh and blood. This is why Jesus became one of us. He died to destroy the devil, who had power over death.","Nala hʋ Wɩɩsɩ aa kpaa tɩya Krisita hʋ yaa nihuwobisi rɛ a kaŋ kyal abee teŋbiye. Ɛɛ rɛ tɩŋ Krisita mɛ kaŋ ʋ tɩɩ bɩrɩmɩ nihuwobiŋ a kɩɩ ba, dɩ ʋ wuwo tɩŋ ʋ sʋʋ tɩyaŋ a yuwo di Sɩtaanɩ, nal hʋ aa kaŋ sʋʋ dee."
15,But he also died to rescue all of us who live each day in fear of dying.,"Ʋ yaa gɛɛ rɛ dɩ ʋ wuwo laa nala ta, nala hʋ aa fá sʋʋ, ɛɛ leŋ ba yaa sʋʋ yosi ba mɩɩbol buloŋ tɩyaŋ."
16,"Jesus clearly did not come to help angels, but he did come to help Abraham's descendants.","Ɛɛwɩya, ʋ bɩ kɩɩ nɩɩ malɩkasɩ tɩyaŋ nɛ ʋ ko dɩ ʋ pɛ amɛ ʋ ko dɩ ʋ pɛ Abɩraham doho nala tɩyaŋ nɛ."
17,"He had to be one of us, so he could serve God as our merciful and faithful high priest and sacrifice himself for the forgiveness of our sins.","Ɛɛ rɛ tɩŋ ʋ bɩrɩmɩ nihuwobiŋ a mɛ kɩɩ ʋ naabiisi hʋ ba wɩɩ buloŋ tɩyaŋ. Ʋ yaa gɛɛ rɛ dɩ ʋ wuwo ko yaa wɩɩkyʋwal sɩlaala nɩhɩyawʋ hʋ aa kaŋ wɩtɩɩ ʋ naabiisi tɩyaŋ, a fá ba sikii ʋ tʋma tɩyaŋ, dɩ gɛɛ leŋ dɩ Wɩɩsɩ kpa ba wɩbɔmɔ kyɛ ba."
18,"And now that Jesus has suffered and was tempted, he can help anyone else who is tempted.","Sɩtaanɩ magɩsɩ ʋ rɛ, ʋ na tʋwara weliŋ, ɛɛ wɩya, ʋ aa wuwo ʋ pɛ nala hʋ Sɩtaanɩ aa magɩsɩ tɩyaŋ nɛ."
1,"My friends, God has chosen you to be his holy people. So think about Jesus, the one we call our apostle and high priest!","Ɛɛwɩya, ŋ naabalɩya Krisitabiisi mɛ aa nɩɩ Wɩɩsɩ yɩra hʋ, ma kpa ma hakɩllɩ buloŋ we Yesu tɩyaŋ. Ʋ rɛ yaa nal hʋ Wɩɩsɩ aa tɩma dɩ ʋ ko yaa á wɩɩkyʋwal-naaŋ no sɩlaala buloŋ nɩhɩyawʋ."
2,"Jesus was faithful to God, who appointed him, just as Moses was faithful in serving all God's people.","Ʋ tɩŋ nal hʋ aa lɩɩ ʋ nyʋwa rɛ abee wɩtɩɩ ʋ tʋma tɩyaŋ, anɩɩ Moosi mɛ gyɩ aa tɩŋ Wɩɩsɩ nyʋwa gɛɛ tʋma hʋ Wɩɩsɩ gyɩ aa tɩya ʋ dɩ ʋ deŋ ʋ nala."
3,"But Jesus deserves more honor than Moses, just as the builder of a house deserves more honor than the house.",Á gyɩma anɩɩ nal hʋ aa saa dɩya rɛ maga dɩ ʋ laa feŋ a te dɩya hʋ ʋ aa saa. Ɛɛ tɩɩ rɛ feŋ hʋ Yesu aa laa mɛ yʋga te feŋ hʋ Moosi aa laa.
4,"Of course, every house is built by someone, and God is really the one who built everything.","Dɩya kɛ buloŋ aa we doŋ, nal lɛ saa. Amɛ Wɩɩsɩ rɛ taa kɩŋ kɩŋ buloŋ."
5,Moses was a faithful servant and told God's people what would be said in the future.,"Moosi fa yaa tʋŋtʋnnɩtɩɩ rɛ Wɩɩsɩ nala tɩyaŋ, a tʋma kɩ tɩya Wɩɩsɩ a fa laa sɩya basɩ wɩya hʋ Wɩɩsɩ aa sɩ maakyiye basɩ."
6,"But Christ is the Son in charge of God's people. And we are those people, if we keep on being brave and don't lose hope. A Rest for God's People","Amɛ Krisita kɛ yaa Wɩɩsɩ Biye rɛ a kaŋ wɩtɩɩ, a kɩ deŋ Wɩɩsɩ nala nyuu. Dɩ ámaa rɛ kaŋ bembiduwo, ka dɩ á bayɩyɛla mɛ deye, ɛɛ rɛ á sɩ wuwo yaa ʋ nala. Wiyese hʋ Wɩɩsɩ nala aa sɩ na"
7,"It is just as the Holy Spirit says, “If you hear God's voice today,","Ɛɛwɩya, Wɩɩsɩ Wiyesi Welii hʋ basɩ tɩya ma rɛ a baa, “Gyɩnaŋ, dɩ mamaa rɛ ko nɩɩ Wɩɩsɩ taal,"
8,don't be stubborn! Don't rebel like those people who were tested in the desert. *,"ma ta yaa faasɩŋ, anɩɩ ma naabaala gyɩ aa yaa faasɩŋ a lɩɩ Wɩɩsɩ hal pogo hʋ tɩyaŋ gɛɛ. Haŋ saŋa hʋ tɩyaŋ ba gyɩ magɩsɩ ʋ rɛ."
9,For forty years your ancestors tested God and saw the things he did.,"Doŋ tɩyaŋ, ma naabaala gyɩ magɩsɩ ʋ rɛ weliŋ, abee ba aa naa ʋ wɩyaalɩya bɩsɩ mɔllɩ balɩya buloŋ."
10,"“Then God got tired of them and said, ‘You people never show good sense, and you don't understand what I want you to do.’","Ɛɛ rɛ tɩŋ ʋ baaŋ gyɩ sii nala no buloŋ nyuu tɩyaŋ, ʋ baa, ‘Ba aa yaa ŋ dawarɩ rɛ, a bee tɩŋa ŋ nyʋwa mɛ.’"
11,"God became angry and told the people, ‘You will never enter my place of rest!’ ”","Ɛɛ rɛ ŋ na baaŋ a ŋmɩyɛsɩ a baa, ‘Ba bɩ sɩ maakyiye gyʋʋ lee hʋ ŋ fa aa sɩ leŋ ba na wiyese”’"
12,"My friends, watch out! Don't let evil thoughts or doubts make any of you turn from the living God.","Ŋ naabalɩya, ma pɔ ma tɩɩ weliŋ dɩ ma kɩdɩgɩ buloŋ ta ko kaŋ hakɩlbɔŋ koo hakɩlduwo aa sɩ leŋ dɩ ʋ lɩɩ Wɩɩsɩ hʋ aa weye hal."
13,"You must encourage one another each day. And you must keep on while there is still a time that can be called “today.” If you don't, then sin may fool some of you and make you stubborn.","Amɛ ma kɩ pɛ dɔmɔŋ ma aa we gyɩnaŋ sɩgballɩya no tɩyaŋ dɩ wɩbɔmɔ ta wuwo mʋrɩ ma kɩdɩgɩ buloŋ, a leŋ dɩ ʋ yaa faasɩŋ Wɩɩsɩ sɩya tɩyaŋ."
14,We were sure about Christ when we first became his people. So let's hold tightly to our faith until the end.,"Wɩya hʋ á aa laa di buŋbuŋ hʋ tɩyaŋ, dɩ ámaa rɛ kaŋ ba weliŋ a kaŋ kɩ mʋ á kyɛsʋʋ, ɛɛ daga anɩɩ á bee Krisita kɩŋ yaa kɩdɩgɩ rɛ."
16,Who were those people that heard God's voice and rebelled? Weren't they the same ones that came out of Egypt with Moses?,Kɩbeema rɛ gyɩ nɩɩ Wɩɩsɩ taal aŋ lɩɩ ʋ hal gɛɛ? Ba daa yaa nala hʋ Moosi gyɩ aa kaŋ lɩɩ Igyipiti paalʋʋ tɩyaŋ hʋ?
18,And who did God say would never enter his place of rest? Weren't they the ones that disobeyed him?,Kɩbeema rɛ Wɩɩsɩ gyɩ ŋmɩyɛsɩ tɩya anɩɩ ba bɩ sɩ gyʋʋ lee hʋ ʋ fa aa sɩ leŋ dɩ ba gyʋʋ a na wiyese? Ba aa rɛ yaa nala hʋ gyɩ aa bɩ tɩŋa ʋ nyʋwa.
19,We see that those people did not enter the place of rest because they did not have faith.,Á naa anɩɩ ba aa bɩ laa Wɩɩsɩ wɩya di rɛ tɩŋ ba bɩ wuwo gyʋʋ lee hʋ Wɩɩsɩ fa aa kyɛ dɩ ba gyʋʋ.
1,"The promise to enter the place of rest is still good, and we must take care that none of you miss out.","Wɩɩsɩ nyʋwa hʋ ʋ aa wee anɩɩ ʋ sɩ leŋ dɩ á ko ʋ lee á na wiyese hʋ, ʋ ha we doŋ nɛ. Ɛɛwɩya, ma leŋ dɩ á gyɩŋ tɩya á tɩɩ weliŋ, dɩ wiyese no ta ko buwo á kɩdɩgɩ buloŋ."
2,"We have heard the message, just as they did. But they failed to believe what they heard, and the message did not do them any good.","Beewɩya Wɩɩsɩ wɩweliye hʋ ba aa basɩ tɩya ma, ba gyɩ laa sɩya basɩ ba tɩya á naabaala mɛ rɛ, amɛ ba gyɩ aa bɩ laa di wɩya, wɩya hʋ gyɩ bɩ kaŋ tɔnɔ buloŋ tɩya ba."
3,"Only people who have faith will enter the place of rest. It is just as the Scriptures say, “God became angry and told the people, ‘You will never enter my place of rest!’ ” God said this, even though everything has been ready from the time of creation.","Amɛ á nala hʋ aa laa wɩya hʋ di, ámaa rɛ naa Wɩɩsɩ wiyese hʋ anɩɩ Wɩɩsɩ aa basɩ gɛɛ. Ʋ baa, “Ŋ gyɩ naa baaŋ nɛ, ɛɛ rɛ tɩŋ ŋ gyɩ ŋmɩyɛsɩ anɩɩ ba bɩ sɩ maakyiye gyʋʋ lee hʋ ŋ fa aa sɩ leŋ dɩ ba na wiyese.” Abee ʋ aa basɩ nyɛ buloŋ, ka á gyɩma anɩɩ ʋ yaa wɩɩ buloŋ teŋ nɛ a lɩɩ saŋa hʋ ʋ taa dʋnɩya buloŋ."
4,"In fact, somewhere the Scriptures say that by the seventh day, God had finished his work, and so he rested.","Wɩya hʋ ba aa basa Wɩɩsɩ teŋ tɩyaŋ a tile kyɛpɛɛ hʋ kyɛɛ rɛ nyɛ: Ba baa, “Wɩɩsɩ kpaa kyɛyɛ badʋ rɛ a marɩ dʋnɩya teŋ, aŋ wiyesi kyɛpɛɛ hʋ kyɛɛ.”"
5,"We also read that he later said, “You people will never enter my place of rest!”","Ʋ bɩl basɩ wiyese no tɩɩ wɩya rɛ Wɩɩsɩ teŋ logiŋ kɩdɩgɩ tɩyaŋ a baa, “Ba bɩ sɩ maakyiye gyʋʋ lee hʋ ŋ fa aa sɩ leŋ dɩ ba na wiyese.”"
6,"This means that the promise to enter is still good, because those who first heard about it disobeyed and did not enter.","Ɛɛ daga anɩɩ nala badɔmɔŋ nɛ sɩ na haŋ wiyese hʋ. Amɛ nala hʋ gyɩ aa laa sɩya nɩɩ Wɩɩsɩ wɩweliye hʋ, ba bɩ naa wiyese no beewɩya ba gyɩ bɩ tɩŋ wɩya hʋ ba aa nɩya."
8,"If Joshua had really given the people rest, there would not be any need for God to talk about another day of rest.","Saŋa hʋ tɩyaŋ Gyoosʋwa gyɩ aa yaa Iziral tɩmma sɩlaal, ʋ gyɩ bɩ wuwo tɩya haŋ wiyese hʋ. Dɩ ʋ rɛ fa wuwo tɩya ba haŋ wiyese hʋ, Wɩɩsɩ fa bɩl bɩ sɩ basɩ wiyese kyɛɛ kɩdɩgɩ wɩya gɛɛ hal tɩyaŋ."
9,"But God has promised us a Sabbath when we will rest, even though it has not yet come.","Nyɛ daga anɩɩ kyɛɛ kɩdɩgɩ rɛ we doŋ, Wɩɩsɩ nala aa sɩ wiyesi anɩɩ Wɩɩsɩ aa wiyese kyɛpɛɛ hʋ kyɛɛ gɛɛ."
10,"On that day God's people will rest from their work, just as God rested from his work.","Nal hʋ buloŋ Wɩɩsɩ aa sɩ leŋ ʋ na wiyese, dɩ ʋ tɩɩna ko tʋŋ tʋma teŋ ʋ sɩ wiyesi anɩɩ Wɩɩsɩ mɛ aa tʋŋ ʋ tʋma teŋ aŋ wiyesi gɛɛ."
11,"We should do our best to enter the place of rest, so none of us will disobey and miss going there, as they did.","Faafaa nala hʋ gyɩ aa bɩ tɩŋ ʋ nyʋwa wɩya, ba gyɩ bɩ naa wiyese no. Ɛɛwɩya, ma leŋ dɩ á kɛ we dee a kɩ tɩŋ ʋ nyʋwa dɩ wiyese no ta ko buwo ma mɛ."
12,"God's word is alive and powerful! It is sharper than any double-edged sword. His word can cut through our spirits and souls and through our joints and marrow, until it discovers the desires and thoughts of our hearts.","Wɩɩsɩ wɩbii hʋ aa tɩya mɩɩbol lɛ. Ʋ kɩɩ gɛɛ anɩɩ kɩweyi, a kaŋ dee mɛ, a di kɩ te takoobii aa di nyʋʋkpara. Ʋ aa wuwo tɔbɔ gyʋʋ nihuwobiŋ nɛ anɩɩ takoobii a tuu mʋ pele ʋ tɩya liluŋii buloŋ, a wuwo gyɩŋ ʋ hakɩla wɩɩ buloŋ abee ʋ tɩbɩɩna buloŋ."
13,"Nothing is hidden from God! He sees through everything, and we will have to tell him the truth. Jesus Is the Great High Priest",Dʋnɩya wɩɩ koo kɩŋ buloŋ tuwo a faŋa Wɩɩsɩ lee. Ʋ aa na ba buloŋ nɛ anɩɩ ba aa pɩŋ lɩgyalɩɩ tɩyaŋ penteeŋ. Ʋ rɛ á sɩ maakyiye daga á wɩyaalɩya buloŋ tɩya. Yesu rɛ yaa á wɩɩkyʋwal-sɩlaala buloŋ nɩhɩyawʋ
14,"We have a great high priest, who has gone into heaven, and he is Jesus the Son of God. This is why we must hold on to what we have said about him.","Akuu á wɩɩkyʋwal sɩlaal Yesu aa yaa Wɩɩsɩ Biye, a bɩl yaa wɩɩkyʋwal sɩlaala nɩhɩyasɩ buloŋ nɩhɩyawʋ wɩya, abee ʋ aa we Wɩɩsɩbee tɩyaŋ wɩya, ma leŋ dɩ á kaŋ wɩya hʋ á aa laa di weliŋ."
16,"So whenever we are in need, we should come bravely before the throne of our merciful God. There we will be treated with undeserved grace, and we will find help.","Ɛɛ wɩya ma leŋ dɩ á tarɩ pele Wɩɩsɩ abee tɩdɩgɩ, beewɩya á gyɩma anɩɩ ʋ sɩ fá á sikii, aŋ leŋ dɩ á na ʋ kyiyeli saŋa hʋ buloŋ aa maga."
1,Every high priest is appointed to help others by offering gifts and sacrifices to God because of their sins.,"Wɩɩkyʋwal sɩlaala nɩhɩyawʋ buloŋ, ba aa lɩɩ ʋ, ʋ nala tɩyaŋ nɛ, ʋ laa nala hʋ naasɩ sɩŋ Wɩɩsɩ wɩkanɩya tɩyaŋ a laa ba kɩna abee ba pʋsɩ kɩ sʋla Wɩɩsɩ, dɩ ʋ kpa ba wɩbɔmɔ kyɛ ba."
2,"A high priest has weaknesses of his own, and he feels sorry for foolish and sinful people.","Ʋ aa gyɩŋ kaŋ nala hʋ aa bɩ gyɩma aŋ yaa wɩbɔmɔ a kɩ nyʋgɩsɩ Wɩɩsɩ ŋmanɩɩ tɩyaŋ nɛ, beewɩya ʋ tɩɩ mɛ kaŋ gyomo rɛ."
4,"But no one can have the honor of being a high priest simply by wanting to be one. Only God can choose a priest, and God is the one who chose Aaron.",Nal buloŋ bɩ sɩ wuwo lɩɩ ʋ tɩɩ a yaa wɩɩkyʋwal sɩlaal. Wɩɩsɩ rɛ aa lɩɩ tɩɩna anɩɩ ʋ gyɩ aa lɩɩ Aarɔŋ gɛɛ.
5,"This is how it was with Christ. He became a high priest, but not just because he wanted the honor of being one. It was God who told him, “You are my Son, because today I have become your Father!”","Ɛɛ tɩɩ rɛ Krisita mɛ daa lɩɩ ʋ tɩɩ a yaa wɩɩkyʋwal sɩlaala nɩhɩyawʋ. Amɛ Wɩɩsɩ rɛ lɩɩ ʋ a basɩ nyɛ tɩya ʋ: Ʋ baa, “Ŋ biibaal lɛ yaa ɩ mɩyaŋ nɛ yaa ɩ kuwo gyɩnaŋ”"
6,"In another place, God says, “You are a priest forever just like Melchizedek.”","Wɩɩsɩ teŋ logiŋ kɩdɩgɩ tɩyaŋ mɛ ʋ baa, “Ɩ yaa wɩɩkyʋwal-sɩlaal lɛ a kaŋ kɩ mʋ deŋdeŋ anɩɩ Mɛlkisedɛki fa aa yaa wɩɩkyʋwal sɩlaal gɛɛ.”"
7,"God had the power to save Jesus from death. And while Jesus was on earth, he begged God with loud crying and tears to save him. He truly worshiped God, and God listened to his prayers.","Saŋa hʋ Yesu gyɩ aa we ʋ mɩɩbol tɩyaŋ dʋnɩya no tɩyaŋ, ʋ gyɩ suri nyʋwa rɛ a kyʋwalɩ Wɩɩsɩ abee sɩnɩɩl a kpa ʋ wɩkyɛɛlɩya buloŋ biŋ ʋ sɩya, beewɩya Wɩɩsɩ rɛ yaa nal hʋ aa sɩ wuwo laa ʋ ta sʋʋ nosi tɩyaŋ. Yesu gyɩ tɩŋ Wɩɩsɩ rɛ abee sɩfɩyala ʋ wɩɩ buloŋ tɩyaŋ, ɛɛ rɛ tɩŋ Wɩɩsɩ gyɩ laa ʋ wɩɩsʋlɩɩ."
8,"Jesus is God's own Son, but still he had to suffer before he could learn what it really means to obey God.","Yesu fa yaa Wɩɩsɩ Biye mɛ rɛ, amɛ abee gɛɛ buloŋ ʋ gyɩ naa tʋwara rɛ weliŋ, a tɩŋ tʋwara no tɩyaŋ a gʋnnɩ Wɩɩsɩ nyʋwa tɩŋɩɩ weliŋ."
10,This is because God chose him to be a high priest like Melchizedek. Warning against Turning Away,Ɛɛ rɛ Wɩɩsɩ lɩɩ ʋ dɩ ʋ yaa wɩɩkyʋwal sɩlaala nɩhɩyawʋ anɩɩ Mɛlkisedɛki gɛɛ. Ma ta ko bɩla hal ma Wɩɩsɩ ŋmanɩɩ tɩŋɩɩ tɩyaŋ.
11,"Much more could be said about this subject. But it is hard to explain, and all of you are slow to understand.","Á kaŋ wɩya yʋga rɛ á aa basɩ wɩɩ no lugo tɩyaŋ. Amɛ á bɩ gyɩŋ gɛɛ á aa sɩ basɩ wɩya hʋ dɩ ma wuwo nɩɩ ba memii, beewɩya ma wɩya memii gyɩmɩɩ hayɛ rɛ."
12,"By now you should have been teachers, but once again you need to be taught the simplest things about what God has said. You need milk instead of solid food.","Ma aa nɩɩ Wɩɩsɩ wɩweliye hʋ, ʋ saŋa pɩɩsa rɛ a fa maga dɩ ma mɛ kɩ daga nala, amɛ ma ha hɔŋ kɩ kyɛ nal lɛ dɩ ʋ bɩl marɩ daga ma Wɩɩsɩ wɩya lipiilii wɩgʋnnɩya. Ʋ kɩɩ gɛɛ rɛ anɩɩ ma aa maga dɩ ma kɩ di kɩdiyoho ka ma ha hɔŋ kɩ kyɛ ɩl dɩ ma ɔsɩ."
13,People who live on milk are like babies who don't really know what is right.,"Nal hʋ buloŋ aa ɔsɩ ɩl dʋŋ ha yaa biifɩla rɛ, a ha bɩ gyɩŋ wɩɩ hʋ aa yaa wɩwelii ko wɩbɔŋ Wɩɩsɩ sɩya tɩyaŋ."
14,Solid food is for mature people who have been trained to know right from wrong.,"Amɛ kɩdiyoho kɛ, nɩhɩyasɩ rɛ wuwo kɩ di ba beewɩya, akuu ba aa gyʋʋ wɩgyamaa tɩyaŋ saŋa buloŋ wɩya, ba wuwo gyɩŋ wɩɩ hʋ aa yaa wɩwelii koo wɩbɔŋ nɛ."
1,We must try to become mature and start thinking about more than just the basic things we were taught about Christ. We shouldn't need to keep talking about why we ought to turn from deeds that bring death and why we ought to have faith in God.,"Ɛɛwɩya, ma leŋ dɩ á leŋ wɩya hʋ á aa gʋnna á Krisita laadii falɩŋ tɩyaŋ, ka dɩ á gyʋʋ wɩya hʋ nala hʋ laadii aa bɩra Krisita tɩyaŋ aa maga dɩ ba gyɩma. Ma ta leŋ dɩ á bɩl piili kɩ basɩ sʋʋkpʋŋ wɩbɔmɔ tɩyaŋ bɩrɩmɩ lɩɩ wɩya abee Wɩɩsɩ laadii wɩya."
6,But what about people who turn away after they have already seen the light and have received the gift from heaven and have shared in the Holy Spirit? What about those who turn away after they have received the good message of God and the powers of the future world? There is no way to bring them back. What they are doing is the same as nailing the Son of God to a cross and insulting him in public!,"dɩ nala no rɛ yaŋ gyɩŋ wɩya no buloŋ aŋ ko mɩɩgɩ kpa hal yɩya Wɩɩsɩ wɩweliye hʋ, wɩɩ buloŋ tuwo nal bɩl aa sɩ yaa dɩ ba bɩl mɩɩgɩ ko Wɩɩsɩ lee. Ba bɩl bɩ sɩ wuwo bɩrɩmɩ lɩɩ ba wɩbɔmɔ tɩyaŋ a mɩɩgɩ ko Wɩɩsɩ lee. Ʋ kɩɩ gɛɛ rɛ anɩɩ ba bɩl aa marɩ kpaasɩ Wɩɩsɩ Biye hʋ mal daagarɩɩ tɩyaŋ, a leŋ ʋ bɩl di hɩɩsɩ nala sɩya tɩyaŋ."
7,"A field is useful to farmers, if there is enough rain to make good crops grow. In fact, God will bless such a field.",Wɩɩsɩ aa leŋ taŋha hʋ tɩyaŋ duwoŋ aa nɩɩ kɩ we weliye rɛ. Taŋha no aa lɩɩ kɩweliye aa kaŋ tɔnɔ rɛ a tɩya nala hʋ aa pala ʋ.
8,"But land that produces only thornbushes is worthless. It is likely to fall under God's curse, and in the end it will be set on fire.","Amɛ dɩ ɔhɔ abee sɔsɩ dʋŋ nɛ ko mɩɩgɩ nyʋ taŋha hʋ tɩyaŋ, ɛɛ daga anɩɩ taŋha hʋ bɩl bɩ kaŋ tɔnɔ buloŋ. Amɛ dɩ ɩ ko bɩ gyɩma Wɩɩsɩ sɩ ŋmɩyɛsɩ we taŋha hʋ tɩyaŋ, a leŋ dɩ diŋ kpa ʋ di."
9,"My friends, we are talking this way. But we are sure that you are doing those really good things people do when they are being saved.","Á kyaŋkpɩyanama, abee á aa basɩ wɩya no buloŋ mɛ, ka á gyɩma anɩɩ ma we ŋmaŋwelii hʋ tɩyaŋ nɛ. Ma sɩ na kɩweliye hʋ buloŋ aa we laatayɩ ŋmanɩɩ no tɩyaŋ."
10,"God is always fair. He will remember how you helped his people in the past and how you are still helping them. You belong to God, and he won't forget the love you have shown his people.","Wɩɩsɩ kaŋ wɩtɩɩ rɛ. Ʋ bɩ sɩ yeŋŋi tʋma hʋ ma aa tʋma tɩya ʋ abee kyori hʋ ma aa daga beel-ʋ, beewɩya ma kyiyele ma dɔŋtɩŋsɩ hʋ aa laa Yesu wɩya di rɛ aŋ ha kɩ kyiyeli ba abee gyɩnaŋ."
11,We wish each of you would always be eager to show how strong and lasting your hope really is.,"Á yaŋ kyo dɩ ma kɩdɩgɩ buloŋ kaŋ sɩfɩyasɩ no rɛ, a mʋ teŋ. Ɛɛ rɛ ma sɩ gyɩma weliŋ anɩɩ kɩna hʋ wɩya ma aa yɩyɛlɩ, ma kɔnɩ sɩ na ba."
15,"Then after Abraham had been very patient, he was given what God had promised.",Ɛɛ rɛ Abɩraham gyɩ gyegili bee kenyiri a ko mʋ na wɩɩ hʋ Wɩɩsɩ fa aa wee nyʋwa dɩ ʋ sɩ yaa tɩya ʋ.
16,"When anyone wants to settle an argument, they make a vow by using the name of someone or something greater than themselves.","Dɩ nihuwobiŋ nɛ aa kyɛ dɩ ʋ daga anɩɩ wɩtɩɩ rɛ ʋ kɩ basɩ ʋ aa ŋmɩyɛsɩ nal aa te ʋ rɛ. Dɩ ʋ rɛ ko ŋmɩyɛsɩ gɛɛ, nyʋʋtaaduwo buloŋ aa teŋ doŋ nɛ."
18,God cannot tell lies! And so his promises and vows are two things that can never be changed. We have run to God for safety. Now his promises should greatly encourage us to take hold of the hope that is right in front of us.,"Wɩɩsɩ aa wee nyʋwa aŋ bɩl ŋmɩyɛsɩ pɛ, ʋ bɩ sɩ maakyiye kaŋ wɩya no balɩya kɩdɩgɩ buloŋ bɩrɩmɩ, beewɩya Wɩɩsɩ bee nyɩya wɩya. Ɛɛwɩya, á nala hʋ aa fáá gyʋʋ Wɩɩsɩ ʋ kɩ deŋ á nyuu, nyɛ leŋ á tenni polli rɛ á marɩ kaŋ bayɩyɛla hʋ Wɩɩsɩ aa kpaa tɩya ma weliŋ."
19,"This hope is like a firm and steady anchor for our souls. In fact, hope reaches behind the curtain and into the most holy place.","Bayɩyɛla no á aa kana rɛ kaŋ á mɩɩbolo sɩgɩ weliŋ. Ʋ rɛ leŋ á wuwo gyʋʋ Wɩɩsɩ liweelii, lee hʋ patɩɩsɩbal hʋ fa aa boro, nɩwaasɩma bee gyʋʋ doŋ hʋ."
1,"Melchizedek was both king of Salem and priest of God Most High. He was the one who went out and gave Abraham his blessing, when Abraham returned from killing the kings.","Mɛlkisedɛki no gyɩ yaa tɔɔ kɩdɩgɩ ba aa yɩrɩ Salɛm kuwori rɛ, aŋ fa pɛ yaa Gyoribaŋa Bakɔɔ Wɩɩsɩ nala wɩɩkyʋwal sɩlaal mɛ. Saŋa kɩdɩgɩ, Mɛlkisedɛki gyɩ kyeŋ Abɩraham nɛ dɩ ʋ mʋʋ yuwo yuwo di taŋhasɩ badɔmɔŋ kuworo aŋ mɩɩgɩ kɩ ko. Ɛɛ rɛ ʋ sʋla Wɩɩsɩ tɩya Abɩraham."
2,"Then Abraham gave him a tenth of everything he had. The meaning of the name Melchizedek is “King of Justice.” But since Salem means “peace,” he is also “King of Peace.”","Doŋ nɛ Abɩraham kaŋ kɩna hʋ buloŋ ʋ aa yuwo laa yuwo hʋ tɩyaŋ kpaa leye fi, a kpa lɩdɩgɩ tɩya ʋ. Mɛlkisedɛki feŋ hʋ memii rɛ yaa kuwori hʋ aa kaŋ tɩpʋlʋŋ Wɩɩsɩ sɩya tɩyaŋ. Ʋ bɩl aa yaa Salɛm kuwori hʋ mɛ, ʋ feŋ hʋ memii rɛ yaa kuwori hʋ aa leŋ fɩyɛlʋʋ we ʋ paalʋʋ tɩyaŋ."
3,We are not told he had a father or mother or ancestors or beginning or end. He is like the Son of God and will be a priest forever.,"Nal buloŋ fa bɩ gyɩŋ Mɛlkisedɛki kuwo koo ʋ naa. Nal buloŋ mɛ fa bɩ gyɩŋ ʋ doho aa lɩɩ doŋ. Nal buloŋ bɩ gyɩŋ saŋa hʋ ba aa lʋla ʋ, koo saŋa hʋ ʋ aa sʋba. Ʋ kɩɩ Wɩɩsɩ Biye hʋ rɛ, beewɩya ʋ mɛ yaa wɩɩkyʋwal sɩlaal lɛ a kaŋ kɩ mʋ deŋdeŋ."
4,Notice how great Melchizedek was! Our famous ancestor Abraham gave him a tenth of what he had taken from his enemies.,"Ma bɩ naa anɩɩ ʋ fa yaa nɩbal lɛ koo? Á naabaa Abɩraham tɩɩ aa yaa nɩbal á lee gyɩ aa lɩɩ yuwo hʋ ko kyeme ʋ, ʋ gyɩ kaŋ ʋ kɩna buloŋ kpaa leye fi rɛ, a kpa lɩdɩgɩ tɩya ʋ."
5,"The Law teaches that even Abraham's descendants must give a tenth of what they possess. And they are to give this to their own relatives, who are the descendants of Levi and are priests.","Levi doho nala hʋ aa yaa Iziral tɩmma wɩɩkyʋwal sɩlaala, Wɩɩsɩ mɩra daga anɩɩ Iziral tɩɩna kɩdɩgɩ buloŋ kaŋ ʋ kɩna kpaa leye fi rɛ, a kpa lɩdɩgɩ tɩya ba. Amɛ á gyɩma anɩɩ Levi doho nala hʋ abee Iziral tɩmma nɩkaalɩya hʋ buloŋ yaa Abɩraham doho nala rɛ, ka Wɩɩsɩ ha basɩ gɛɛ."
6,"Although Melchizedek wasn't a descendant of Levi, Abraham gave him a tenth of what he had. Then Melchizedek blessed Abraham, who had been given God's promise.","Mɛlkisedɛki fa bɩ yaa Levi doho nal, aŋ laa kpaal hʋ Abɩraham, nal hʋ Wɩɩsɩ fa aa wee nyʋwa tɩya lee, aŋ sʋla Wɩɩsɩ tɩya ʋ."
7,Everyone agrees a person who gives a blessing is greater than the one who receives the blessing.,Nal buloŋ gyɩma rɛ anɩɩ nɩbal lɛ aa sʋla Wɩɩsɩ tɩya nɩbiye.
13,"The person we are talking about is our Lord, who came from a tribe that had never had anyone to serve as a priest at the altar.","Wɩya no buloŋ, á Tɩɩna Krisita wɩya rɛ ba kɩ basɩ gɛɛ, beewɩya ʋ bɩ lɩɩ Levi doho nala tɩyaŋ. Ʋ doho nala mɛ we ba dʋŋ nɛ, ba kɩdɩgɩ buloŋ ha gyɩ bɩ maakyiye yaa Iziral tɩmma wɩɩkyʋwal sɩlaal aŋka."
15,"All of this becomes clearer, when someone who is like Melchizedek is appointed to be a priest.","Nyɛ kɛ wɩya hʋ á aa basɩ marɩ kyaanɩ tɩya ma rɛ, beewɩya nɩdɩma rɛ ko, a yaa wɩɩkyʋwal sɩlaal anɩɩ Mɛlkisedɛki aa yaa gɛɛ."
16,"That person wasn't appointed because of his ancestors, but because his life can never end.","Ɛɛ tɩɩna aa ko yaa wɩɩkyʋwal sɩlaal, ʋ bɩ kɩɩ nɩɩ ʋ doho wɩɩ rɛ. Amɛ ɛɛ dee lɩɩ ʋ mɩɩbol aa bɩ kaŋ tenii dee tɩyaŋ nɛ."
17,"The Scriptures say about him, “You are a priest forever, just like Melchizedek.”","Wɩɩsɩ Teŋ tɩyaŋ, Wɩɩsɩ basɩ tɩya ʋ rɛ a baa, “Ɩ sɩ yaa wɩɩkyʋwal sɩlaal a kaŋ kɩ mʋ deŋdeŋ anɩɩ Mɛlkisedɛki gɛɛ.”"
18,"In this way a weak and useless command was put aside,","Lagɩlagɩ no, á kpaa mɩrɩbɩnɩya hʋ Moosi aa bine ta rɛ, beewɩya ba bɩl bɩ kaŋ tɔnɔ koo yohuŋ buloŋ."
19,"because the Law cannot make anything perfect. At the same time, we are given a much better hope, and it can bring us close to God.","Beewɩya mɩrɩsɩ hʋ Moosi fa aa bine bɩ wuwo leŋ nal buloŋ bɩl yaa tɩpʋlʋŋ tɩɩna anɩɩ Wɩɩsɩ gyɩ aa buŋ marɩ ʋ, ʋ kɩɩ gɛɛ. Amɛ lagɩlagɩ no, Wɩɩsɩ tɩya ma bayɩyɛl-falɩɩ aa kpɩya rɛ, bayɩyɛla no leŋ á kpaga Wɩɩsɩ."
21,"God himself made a promise when this priest was appointed. But he did not make a promise like this when the other priests were appointed. The promise he made is, “I, the Lord, promise that you will be a priest forever! And I will never change my mind!”","Á Tɩɩna Wɩɩsɩ aa lɩɩ Yesu dɩ ʋ yaa wɩɩkyʋwal sɩlaal, ʋ ŋmɩyɛsa rɛ a basɩ tɩya ʋ a baa, “Ŋ ŋmɩyɛsa rɛ, ŋ bɩ sɩ maakyiye bɩrɩmɩ ŋ hakɩla, ‘Ɩ sɩ yaa wɩɩkyʋwal sɩlaal a kaŋ kɩ mʋ deŋdeŋ.”’"
24,"But Jesus will never die, and so he will be a priest forever!","Amɛ Yesu kɛ aa yaa nal aa we doŋ kɩ mʋ deŋdeŋ wɩya, ʋ yaa wɩɩkyʋwal sɩlaal mɛ rɛ a kaŋ kɩ mʋ deŋdeŋ."
25,"He is forever able to save the people he leads to God, because he always lives to speak to God for them.","Ɛɛwɩya, nala hʋ aa tɩŋa ʋ tɩyaŋ a ko Wɩɩsɩ lee, ʋ aa wuwo laa ba ta rɛ lagɩlagɩ no abee maakyiye buloŋ, beewɩya ʋ we doŋ nɛ saŋa buloŋ, a sʋla Wɩɩsɩ kɩ tɩya ba."
26,"Jesus is the high priest we need. He is holy and innocent and faultless, and not at all like us sinners. Jesus is honored above all beings in heaven,","Yesu aa yaa á wɩɩkyʋwal sɩlaala nɩhɩyawʋ wɩya, ʋ wuwo yaa á wɩkyɛɛlɩya buloŋ kɩ tɩya ma rɛ. Yesu yaa tɩpʋlʋŋ tɩɩna rɛ, a bɩ kaŋ wɩkyogii koo wɩbɔŋ buloŋ. Wɩɩsɩ kana ʋ porigi wɩbɔŋyaala tɩyaŋ nɛ, a kana ʋ gyɩŋ Wɩɩsɩbee, a leŋ ʋ yaa nɩbal doŋ."
27,"and he is better than any other high priest. Jesus doesn't need to offer sacrifices each day for his own sins and then for the sins of the people. He offered a sacrifice once for all, when he gave himself.",Yesu bɩ kɩɩ Gyuuma wɩɩkyʋwal sɩlaala nɩhɩyasɩ hʋ. Nala no gyɩ aa kpʋ pʋsɩ kɩ sʋla Wɩɩsɩ rɛ kyɛɛ kɛ buloŋ. Ʋ gyɩ yaa fɩlɩɩ rɛ dɩ ba kpʋ pʋsɩ sʋla Wɩɩsɩ ba tɩɩ wɩbɔmɔ wɩya aŋ bɩl kpʋ badɔmɔŋ mɛ nala hʋ wɩbɔmɔ wɩya kyɛɛ bee ʋ nyʋwa buloŋ. Amɛ ʋ bɩ yaa falɩɩ dɩ Yesu kɛ yaa gɛɛ. Ʋ kɛ gyɩ kpaa ʋ tɩɩ rɛ a sʋla Wɩɩsɩ dɩgɩ dʋŋ ʋ nala wɩya.
1,What I mean is we have a high priest who sits at the right side of God's great throne in heaven.,"Wɩya hʋ buloŋ á aa basɩ ba wɩnyuu rɛ nyɛ. Á kaŋ wɩɩkyʋwal sɩlaala nɩhɩyawʋ rɛ, ʋ we wɩɩsɩbee tɩyaŋ, a hɔŋ Gyoribaŋa Bakɔɔ Wɩɩsɩ kuworikpasa hʋ noduu logiŋ."
2,"He also serves as the priest in the most holy place inside the real tent there in heaven. This tent of worship was set up by the Lord, not by humans.","Ʋ yaa wɩɩkyʋwal sɩlaala nɩhɩyawʋ rɛ Wɩɩsɩ Liwelii hʋ tɩyaŋ. Doŋ nɛ yaa wɩɩkyʋwaldɩya tɩɩ, beewɩya nihuwobiŋ daa saa ʋ. Á Tɩɩna Wɩɩsɩ tɩɩ rɛ saa ʋ."
4,"If he were here on earth, he would not be a priest at all, because here the Law appoints other priests to offer sacrifices.","Dɩ ʋ rɛ fa we dʋnɩya tɩyaŋ, ʋ fa bɩ sɩ yaa wɩɩkyʋwal sɩlaal, beewɩya nala we dʋnɩya tɩyaŋ a yaa wɩɩkyʋwal sɩlaala, a laa nala kɩna kɩ sʋla Wɩɩsɩ anɩɩ Wɩɩsɩ mɩrɩsɩ hʋ Moosi aa bine aa daga gɛɛ."
5,"But the tent where they serve is just a copy and a shadow of the real one in heaven. Before Moses made the tent, he was told, “Be sure to make it exactly like the pattern you were shown on the mountain!”","Wɩɩkyʋwal sɩlaala tʋma hʋ ba aa tʋŋ dʋnɩya no tɩyaŋ, wɩya hʋ aa yaa wɩɩsɩbee tɩyaŋ nɛ ba kyesi kɩ yaa, amɛ wɩya hʋ tɩɩ daa, ɛɛ tɩɩ rɛ ba gyɩ kɩɩ Moosi mɛ tɩyaŋ. Saŋa hʋ ʋ gyɩ aa kyɛ dɩ ʋ saa Wɩɩsɩ dɩya hʋ, Wɩɩsɩ gyɩ basɩ tɩya ʋ rɛ a baa, “Fɩyɛlɩ sɩya weliŋ aŋ saa dɩya hʋ dɩ ʋ kɩɩ kɩŋ hʋ ŋ aa daga ɩ dogimo hʋ nyuu tɩyaŋ.”"
7,"If the first agreement with God had been all right, there would not have been any need for another one.","Dɩ laasɩya nyʋwa hʋ Wɩɩsɩ aa wee tɩya ʋ nala hʋ fa bɩ kaŋ gyoŋ buloŋ, ʋ fa bɩl bɩ sɩ we nyʋʋfalɩɩ tɩya ba."
8,"But the Lord found fault with it and said, “I tell you the time will come, when I will make a new agreement with the people of Israel and the people of Judah.","Amɛ ʋ naa anɩɩ laasɩya nyʋwa hʋ bɩ leŋ ʋ nala wuwo yaa niweliye hʋ ʋ aa kyɛ, ɛɛ rɛ tɩŋ ʋ basɩ ba wɩya aŋ baa, “Saŋa kɩdɩgɩ sɩ pele dɩ ŋ bɩl we nyʋʋfalɩɩ tɩya ŋ nala Iziral tɩmma abee Gyuda doho nala."
9,"It won't be like the agreement that I made with their ancestors, when I took them by the hand and led them out of Egypt. They broke their agreement with me, and I stopped caring about them!","Nyʋʋfalɩɩ no bɩ sɩ kɩɩ laasɩya nyʋwa hʋ ŋ gyɩ aa wee tɩya ba naabaala saŋa hʋ ŋ gyɩ aa kaŋ ba lɩɩ Igyipiti paalʋʋ tɩyaŋ. Ba gyɩ bɩ tɩŋ wɩya hʋ ŋ aa biŋ tɩya ba ŋ beel-ba nyʋwa hʋ tɩyaŋ, ɛɛ rɛ tɩŋ ŋ gyɩ kpa hal yɩya ba."
10,"“But now I tell the people of Israel this is my new agreement: ‘The time will come when I, the Lord, will write my laws on their minds and hearts. I will be their God, and they will be my people.","Nyɛ kɛ, nyʋʋfalɩɩ hʋ ŋ aa sɩ maakyiye we tɩya Iziral tɩmma, nyɛ rɛ ʋ sɩ kɩɩ: Ŋ sɩ leŋ dɩ ba gyɩŋ ŋ nyʋwa wɩya weliŋ, a kpa we ba nyuni abee ba tɩsɩ buloŋ tɩyaŋ. Ɛɛ rɛ ŋ sɩ yaa ba Wɩɩsɩ, dɩ ba mɛ yaa ŋ nala."
11,"Not one of them will have to teach another to know me, their Lord.’ “All of them will know me, no matter who they are.","Saŋa no tɩyaŋ, nal buloŋ bɩl bɩ sɩ daga ʋ dɔŋtɩɩna koo ʋ naabiye gɛɛ ʋ aa sɩ yaa a gyɩma ŋ. Beewɩya, nal nal buloŋ nɛ sɩ gyɩma ŋ, biibiisi abee nɩhɩyasɩ buloŋ."
12,"I will treat them with kindness, even though they are wicked. I will forget their sins.”",Ŋ sɩ kpa ba wɩbɔmɔ kyɛ ba. Ŋ bɩl bɩ sɩ kɩ liisi wɩya hʋ ba aa yaa kyogi ŋ.”
13,"When the Lord talks about a new agreement, he means that the first one is out of date. And anything that is old and useless will soon disappear.","Wɩɩsɩ aa basɩ nyʋʋfalɩɩ hʋ wɩya gɛɛ, ʋ daga anɩɩ laasɩya nyʋwa hʋ kɛ bɩrɩmɩ kɩbɩnɩɩ rɛ gɛɛ. Kɩŋ buloŋ yaŋ aa bɩnɩya, a kyogi, ʋ kpatayɩ rɛ kpaga."
2,"The first part of the tent was called the holy place, and a lampstand, a table, and the sacred loaves of bread were kept there.",Ba gyɩ saa wɩɩkyʋwaldɩya rɛ a kaŋ bori dɩɩsɩ balɩya. Ba gyɩ aa yɩrɩ laasɩya lee hʋ ɩ aa mʋ gyʋʋ Dɩɩwelii rɛ. Doŋ nɛ fɩŋtɩŋdaaŋ hʋ abee teebʋl hʋ abee paanʋʋ hʋ ba aa kpa kɩ tɩya Wɩɩsɩ gyɩ we.
4,"The gold altar for burning incense was in this holy place. The gold-covered sacred chest was also there, and inside it were three things. First, there was a gold jar filled with manna. Then there was Aaron's walking stick that sprouted. Finally, there were the flat stones with the Ten Commandments written on them.",Dɩɩsɩya no tɩyaŋ nɛ salma kogu hʋ tɩyaŋ ba gyɩ aa nyɔgɔ wɩsɩnaaŋ sʋwala aa sʋma a kɩ tɩya Wɩɩsɩ hʋ gyɩ sɩŋ. Daga hʋ aa yaa Wɩɩsɩ bee ʋ nala nyʋʋfalɩɩ hʋ magɩl mɛ gyɩ sɩŋ doŋ nɛ. Ba gyɩ kpaa salma rɛ a waalɩ tɔ daga no buloŋ. Salma viibiye hʋ gyɩ we daga no tɩyaŋ. Viibiye no tɩyaŋ nɛ ba gyɩ kpa paanʋʋ hʋ gyɩ aa lɩɩ wɩɩsɩbee ko tuu a we. Aarɔŋ daatɩgɩɩ hʋ gyɩ aa tɔsɔ mɛ fa we daga hʋ tɩyaŋ. Bʋtala hʋ balɩya tɩyaŋ Wɩɩsɩ fa aa sabɩ ʋ mɩrɩsɩ we mɛ fa we daga hʋ tɩyaŋ nɛ.
6,But this is how everything was when the priests went each day into the first part of the tent to do their duties.,Nyɛ rɛ ba gyɩ sɩgɩ wɩɩkyʋwaldɩya hʋ tɩya kɩna buloŋ. Wɩɩkyʋwal sɩlaala hʋ aa villi Laasɩya dɩya hʋ rɛ a kɩ tʋŋ ba tʋma.
7,"However, only the high priest could go into the second part of the tent, and he went in only once a year. Each time he carried blood to offer for his sins and for any sins that the people had committed without meaning to.","Amɛ wɩɩkyʋwal sɩlaala nɩhɩyawʋ hʋ dʋŋ nɛ gyɩ maga dɩ ʋ gyʋʋ sɩya dɩya hʋ. Ʋ mɛ gba, dɩgɩ dʋŋ nɛ ʋ aa gyʋʋ doŋ bɩna buloŋ. Ʋ aa kaŋ kyal lɛ gyʋʋ sʋla Wɩɩsɩ, ʋ tɩɩ wɩbɔmɔ abee nala hʋ buloŋ wɩbɔmɔ ba aa yaa aŋ bɩ gyɩma wɩya."
8,All of this is the Holy Spirit's way of saying no one could enter the most holy place while the tent was still the place of worship.,"Wɩya no buloŋ tɩyaŋ, Wɩɩsɩ Wiyesi Welii hʋ kyaasa daga anɩɩ ŋmanɩɩ hʋ ba aa tɩŋ kɩ gyʋʋ Dɩɩweliye buloŋ Dɩɩweliye hʋ ha bɩ suro, beewɩya laasɩya wɩɩkyʋwaldɩya hʋ ha we doŋ nɛ."
10,These rules are merely about such things as eating and drinking and ceremonies for washing ourselves. And rules about physical things will last only until the time comes to change them for something better.,"Beewɩya, kɩdiiliye abee kɩnyʋwalɩya abee bisiŋ pɩɩsɩɩ ŋmaŋsɩ dʋŋ nɛ wɩya no kɩ daga. Wɩya no buloŋ yaa wɩya hʋ á aa kaŋ á nosi abee á sɩya dʋŋ kɩ yaa rɛ. Ba sɩ we doŋ a mʋ pele saŋa hʋ Wɩɩsɩ bɩl aa sɩ biŋ wɩfalɩya."
11,Christ came as the high priest of the good things that are now here. He also went into a much better tent that wasn't made by humans and that doesn't belong to this world.,"Amɛ lagɩlagɩ no, Krisita yaa wɩɩkyʋwal sɩlaala nɩhɩyawʋ rɛ. Wɩɩ hʋ ʋ aa kaŋ ko, ʋ rɛ weliye a te faafaa wɩya hʋ. Wɩɩkyʋwaldɩya hʋ tɩyaŋ mɛ ʋ aa tʋŋ ʋ tʋma, doŋ nɛ yaa lɩbal, a bɩ kaŋ bisiŋ, a weliye mɛ a te laa sɩya kɩŋ hʋ. Ʋ bɩ yaa wɩɩkyʋwaldɩya nihuwobisi aa saa. Ɛɛ daga anɩɩ ʋ paalɩ bɩ yaa dʋnɩya no kɩŋ."
12,Then Christ went once for all into the most holy place and freed us from sin forever. He did this by offering his own blood instead of the blood of goats and bulls.,"Saŋa hʋ Krisita aa gyʋʋ wɩɩkyʋwaldɩya hʋ, ʋ gyɩ mʋʋ gyʋʋ dɩɩsɩya hʋ rɛ dɩgɩ dʋŋ. Bʋʋna koo nɔbolli kyal daa ʋ gyɩ kaŋ gyʋʋ sʋla Wɩɩsɩ. Amɛ ʋ tɩɩ kyal lɛ ʋ gyɩ kaŋ gyʋʋ tuŋ á wɩbɔmɔ kyɩŋ, a laa ma ta a kaŋ kɩ mʋ maakyiye buloŋ."
13,"According to the Law of Moses, those people who become unclean are not fit to worship God. Yet they will be considered clean, if they are sprinkled with the blood of goats and bulls and with the ashes of a sacrificed calf.","Faafaa hʋ tɩyaŋ, dɩ nal lɛ fa ko yaa wɩbɔŋ koo bisiŋ wɩɩ, ba aa kpa bʋʋŋ abee nɔboliye kyal lɛ a pɛ nɔpɛbiye ba aa fise tʋwɔl tɩyaŋ a mɩsɩ tɩɩna, a pɩɩsɩ ʋ wɩbɔmɔ koo ʋ bisiŋ ta."
14,"But Christ was sinless, and he offered himself as an eternal and spiritual sacrifice to God. This is why his blood is much more powerful and makes our consciences clear. Now we can serve the living God and no longer do things that lead to death.","Dɩ wɩya no yayɩ rɛ wuwo pɩɩsɩ nala bisiŋ kɩ ta, ɛɛ daga anɩɩ Krisita kyal kɛ rɛ yaŋ sɩ wuwo pɩɩsɩ nala bisiŋ ta a te bʋʋna koo nʋsɩ kyal. Beewɩya Krisita fa bɩ kaŋ bisiŋ buloŋ. Wɩɩsɩ Wiyesi Welii hʋ aa we doŋ maakyiye buloŋ dee tɩyaŋ, ʋ kpaa ʋ tɩɩ mɩɩbol lɛ a sʋla Wɩɩsɩ á wɩya. Ʋ kyal hʋ rɛ sɩ wuwo sasɩ ŋmaŋtɔɔnɩ tɩŋɩɩ ta á hakɩllɩ tɩyaŋ, aŋ leŋ dɩ á wuwo kɩ tɩŋ Wɩɩsɩ hʋ aa weye."
16,"In fact, making an agreement of this kind is like writing a will. This is because the one who makes the will must die before it is of any use.","Dɩ ɩ ko baa dɩ nal kyaŋ nɛ ɩ di, ɛɛ daga anɩɩ tɩɩna sʋba rɛ, beewɩya dɩ nal bɩ sʋba, ɩ bɩ sɩ wuwo di ʋ kyaŋ."
17,"In other words, a will doesn't go into effect as long as the one who made it is still alive.","Dɩ kɩŋ tɩɩna rɛ weye, nal hʋ ʋ aa baa ʋ sɩ di ʋ kyaŋ bɩ sɩ wuwo di kyaŋ hʋ, see dɩ kɩŋ hʋ tɩɩna sʋba."
18,Blood was also used to put the first agreement into effect.,Ɛɛ rɛ tɩŋ Wɩɩsɩ gyɩ kpa kyal a we laasɩya nyʋwa hʋ mɛ.
19,Moses told the people all the Law said they must do. Then he used red wool and a hyssop plant to sprinkle the people and the book of the Law with the blood of bulls and goats and with water.,"Wɩya hʋ buloŋ Wɩɩsɩ aa kyɛ dɩ ʋ nala kɩ tɩŋa, ba aa rɛ Moosi gyɩ laa sɩya heeli basɩ tɩya nala hʋ Mɩrɩsɩ hʋ ʋ aa saba tɩyaŋ. Ɛɛ hal tɩyaŋ ʋ yaŋ kpa nʋsɩ abee bʋʋna kyal, a guwosi nɩɩ tɩyaŋ, aŋ kpa paaponni bee pʋŋfɩyɛsɩ ba aa kaŋ vʋwa pɛ dɔmɔŋ, a yuu kyal hʋ, a mɩsɩ nala hʋ buloŋ abee teŋ hʋ tɩyaŋ ʋ aa sabɩ mɩrɩsɩ hʋ we."
20,"He told the people, “With this blood God makes his agreement with you.”","Aŋ basɩ tɩya nala hʋ a baa, “Kyal no rɛ Wɩɩsɩ kpa we nyʋwa hʋ ʋ aa biŋ tɩya ma dɩ ma kɩ tɩŋa.”"
21,Moses also sprinkled blood on the tent and on everything else used in worship.,Ɛɛ rɛ ka Moosi bɩl yaa kyal hʋ a mɩsɩ wɩɩkyʋwaldɩya hʋ abee kɩna hʋ buloŋ ba aa kaŋ kɩ tʋŋ Wɩɩsɩ tʋma wɩɩkyʋwaldɩya hʋ tɩyaŋ mɛ.
22,"The Law says that almost everything must be sprinkled with blood, and no sins can be forgiven unless blood is offered. Christ's Great Sacrifice","Wɩtɩɩ, Wɩɩsɩ mɩrɩsɩ hʋ buloŋ Moosi aa saba biŋ dɩ nala kɩ tɩŋa, ba daga anɩɩ kyal lɛ sɩ wuwo sasɩ wɩbɔŋ koo bisiŋ wɩɩ buloŋ ta. Dɩ kyal lɛ bɩ lɩya, wɩbɔmɔ kpakyɛyɩ mɛ bee we doŋ."
23,"These things are only copies of what is in heaven, and so they had to be made holy by these ceremonies. But the real things in heaven must be made holy by something better.","Ɛɛwɩya, kɩna hʋ buloŋ ba aa kyesi Wɩɩsɩbee kɩna a marɩ, ʋ maga dɩ ba kpa pʋsɩ kyal lɛ a sasɩ ba bisiŋ ta. Amɛ kɩtɩɩma hʋ aa we Wɩɩsɩbee tɩyaŋ kɛ, ʋ maga dɩ ba kpa kɩŋ aa weliye te pʋsɩ kyal lɛ a lɩɩ wɩɩsʋlɩɩ a sasɩ ba bisiŋ ta."
24,"This is why Christ did not go into a tent made by humans and was only a copy of the real one. Instead, he went into heaven and is now there with God to help us.","Beewɩya Krisita gyɩ bɩ gyʋʋ Wɩɩsɩ Liwelii hʋ nihuwobisi aa saa. Wɩɩsɩbee wɩɩkyʋwaldɩya rɛ ba gyɩ kyesi a saa dʋnɩya kɩŋ hʋ. Amɛ Wɩɩsɩbee tɩɩ rɛ Krisita gyʋʋ, a sɩŋ Wɩɩsɩ sɩya á wɩya, a sʋla ʋ kɩ tɩya ma."
25,Christ did not have to offer himself many times. He wasn't like a high priest who goes into the most holy place each year to offer the blood of an animal.,"Bɩna buloŋ Gyuuma wɩɩkyʋwal sɩlaala nɩhɩyawʋ hʋ gyɩ aa kpa pʋna kyal lɛ gyʋʋ wɩɩkyʋwaldɩya hʋ dɩɩsɩya, a sʋla Wɩɩsɩ. Amɛ Krisita kɛ gyɩ bɩ ville kɩ gyʋʋ doŋ bɩna buloŋ, a kpa ʋ tɩɩ kɩ sʋla Wɩɩsɩ."
26,"If he had offered himself every year, he would have suffered many times since the creation of the world. But instead, near the end of time he offered himself once and for all, so he could be a sacrifice that does away with sin.","Dɩ ʋ rɛ fa yaa gɛɛ, ʋ fa sɩ na tʋwara bɩna kɛ buloŋ a lɩɩ dʋnɩya lipiilii a kaŋ kɩ ko bee gyɩnaŋ. Amɛ ba aa sɩŋ maga nyɛ, dʋnɩya buloŋ tenii kpaga rɛ. Ɛɛ rɛ ʋ ko dɩgɩ dʋŋ, a kpa ʋ tɩɩ mɩɩbol a sʋla Wɩɩsɩ, a laa nala wɩbɔmɔ ta."
27,"We die only once, and then we are judged.","Dɩgɩ dʋŋ nɛ nal buloŋ sɩ sʋba, ka dɩ gɛɛ hal tɩyaŋ Wɩɩsɩ di ʋ tɩɩna sarɩya."
28,"So Christ died only once to take away the sins of many people. But when he comes again, it will not be to take away sin. He will come to save everyone who is waiting for him.","Ɛɛ tɩɩ rɛ ba kpʋ Krisita mɛ dɩgɩ dʋŋ dɩ ʋ wuwo laa nɩgyamaa wɩbɔmɔ ta. Ʋ sɩ bɩl mɩɩgɩ ko. Dɩ ʋ rɛ ko ko, ʋ bɩl bɩ sɩ laa nala wɩbɔmɔ amɛ nala hʋ aa yaa siri a gbala ʋ rɛ ʋ sɩ laa ta."
1,"The Law of Moses is like a shadow of the good things to come. This shadow isn't the good things themselves, because it cannot free people from sin by the sacrifices offered year after year.","Wɩɩsɩ mɩrɩsɩ hʋ Moosi fa aa saba biŋ yaa wɩweliye hʋ aa sɩ ko daaliiŋ nɛ, ba bɩ yaa wɩweliye hʋ tɩɩ. Ɛɛwɩya, ɛɛ hʋ nala aa kaŋ pʋsɩ bee kɩna ko kɩ sʋla Wɩɩsɩ bɩna bɩna buloŋ bɩ sɩ wuwo leŋ dɩ ba yaa tɩpʋlʋŋ tɩmma a bɩ kaŋ bisiŋ buloŋ."
4,But the blood of bulls and goats cannot take away sins. It only reminds people of their sins from one year to the next.,beewɩya nʋsɩ abee bʋʋna kyal bɩ sɩ wuwo maakyiye sasɩ nal wɩbɔmɔ ta.
7,"Then Christ said, “And so, my God, I have come to do what you want, as the Scriptures say.”","Ɛɛ rɛ ŋ baa, ‘Ŋ Tɩɩna Wɩɩsɩ, na mɩyaŋ, ŋ ko rɛ dɩ ŋ yaa wɩya hʋ aa fɩyɛlɩ ɩ teŋ, anɩɩ ba aa saba gɛɛ biŋ ɩ teŋ tɩyaŋ a tile ŋ tɩyaŋ.”’"
9,"Well, it was to do away with offerings and sacrifices and to replace them. This is what he meant by saying to God, “I have come to do what you want.”","Ɛɛ rɛ ka ʋ bɩl baa, “Na mɩyaŋ! Ŋ ko rɛ dɩ ŋ yaa wɩya hʋ aa fɩyɛlɩ ɩ teŋ.” Ɛɛ daga anɩɩ Wɩɩsɩ paa faafaa wɩɩsʋllɩ-ŋmaŋsɩ hʋ buloŋ ta rɛ, aŋ mɩɩgɩ kpa Krisita wɩɩsʋlɩɩ hʋ we ba bol tɩyaŋ."
10,So we are made holy because Christ obeyed God and offered himself once for all.,"Akuu Krisita aa yaa Wɩɩsɩ kyɛrɩ wɩya, ʋ aa kpaa ʋ tɩɩ sʋla Wɩɩsɩ dɩgɩ hʋ dʋŋ wuwo sasɩ á buloŋ wɩbɔmɔ ta rɛ."
11,"The priests do their work each day, and they keep on offering sacrifices that can never take away sins.","Gyuuma wɩɩkyʋwal sɩlaala hʋ aa kɩ tʋŋ ba tʋma rɛ kyɛɛ bee ʋ nyʋwa buloŋ. Ba gyɩ aa we wɩɩsʋlɩ-dɩgɩ dʋŋ tɩyaŋ nɛ a villi kɩ sʋla Wɩɩsɩ, amɛ wɩɩsʋlɩɩ no bɩ sɩ wuwo sasɩ nala wɩbɔmɔ ta."
12,"But Christ offered himself as a sacrifice that is good forever. Now he is sitting at God's right side,","Amɛ Krisita kɛ kpa ʋ tɩɩ mɩɩbol lɛ a sʋla Wɩɩsɩ dɩgɩ dʋŋ, a sasɩ nala wɩbɔmɔ ta. Ʋ aa yaa gɛɛ teŋ, ʋ mɩɩgɩ gyɩŋ wɩɩsɩbee rɛ, a hɔŋ Wɩɩsɩ noduu logiŋ tɩyaŋ."
13,and he will stay there until his enemies are put under his power.,Ʋ hɔŋ doŋ nɛ a kɩ gyegili Wɩɩsɩ dɩ ʋ kpa ʋ dɔmɔ buloŋ we ʋ nosi tɩyaŋ.
14,By his one sacrifice he has forever set free from sin the people he brings to God.,"Ʋ aa kpaa ʋ tɩɩ sʋla Wɩɩsɩ dɩgɩ gɛɛ, ʋ leŋ nala hʋ bisiŋ ʋ aa sasa ta yaa tɩpʋlʋŋ tɩmma rɛ Wɩɩsɩ sɩya tɩyaŋ, a kaŋ kɩ mʋ maakyiye buloŋ."
15,"The Holy Spirit also speaks of this by telling us that the Lord said,","Wɩɩsɩ Wiyesi Welii hʋ mɛ dii wɩɩ no daŋsɩya rɛ. Beewɩya,"
16,"“When the time comes, I will make an agreement with them. I will write my laws on their minds and hearts.","ʋ baa dɩ Wɩɩsɩ basɩ baa, “Saŋa kɩdɩgɩ sɩ pele, dɩ ŋ kpa ŋ nyʋwa tɩya ŋ nala. Ŋ sɩ leŋ dɩ ba gyɩŋ ŋ nyʋwa wɩya, a kpa ba we ba hakɩllɩ abee ba nyuni buloŋ tɩyaŋ.”"
17,Then I will forget about their sins and no longer remember their evil deeds.”,"Aŋ bɩl baa, “Ŋ bɩl bɩ sɩ kɩ liisi ba wɩbɔmɔ abee ba wɩyaakyogiye buloŋ.”"
18,"When sins are forgiven, there is no more need to offer sacrifices. Encouragement and Warning","Dɩ Wɩɩsɩ rɛ kpaa á wɩbɔmɔ buloŋ kyɛ ma, ʋ bɩl bɩ maga dɩ á kpa kɩna kɩ sʋla Wɩɩsɩ á wɩbɔmɔ wɩya. Ma leŋ dɩ á ko kpaga Wɩɩsɩ"
19,"My friends, the blood of Jesus gives us courage to enter the most holy place","Ɛɛwɩya, ŋ naabalɩya, á kaŋ ŋmanɩɩ rɛ á aa sɩ wuwo gyʋʋ Wɩɩsɩ Dɩɩweliye buloŋ Dɩɩwelii hʋ, beewɩya Yesu sʋba á wɩya rɛ,"
21,We have a great high priest who is in charge of God's house.,"Á paalɩ kaŋ wɩɩkyʋwal sɩlaala nɩhɩyabal lɛ, ʋ kɩ deŋ ámaa Wɩɩsɩ nala nyuu tɩyaŋ."
22,"So let's come near God with pure hearts and a confidence that comes from having faith. Let's keep our hearts pure, our consciences free from evil, and our bodies washed with clean water.","Ɛɛwɩya, ma leŋ dɩ á mʋ Wɩɩsɩ lee abee tɩdɩgɩ aŋ leŋ dɩ á bembiye mɛ sɩŋ lɩdɩgɩ abee wɩɩ hʋ á aa laa di tɩyaŋ. Ma leŋ dɩ á yaa nala hʋ wɩbɔmɔ ba aa sasa ta ba tɩsɩ tɩyaŋ, ba bɩl bee liisi ba wɩya, a leŋ dɩ á yaa nala ba aa kpaa nɩɩwelii fo ba bisiŋ buloŋ ta."
23,"We must hold tightly to the hope we say is ours. After all, we can trust the one who made the agreement with us.","Bayɩyɛla hʋ á aa kana wɩya hʋ á aa laa di tɩyaŋ, ma leŋ dɩ á marɩ kana ʋ weliŋ, beewɩya á laa Wɩɩsɩ di rɛ anɩɩ wɩya hʋ ʋ aa baa dɩ ʋ sɩ yaa tɩya ma, ʋ kɔnɩ sɩ yaa ba tɩya ma, ʋ wɩtɩɩ nyuniŋ."
24,We should keep on encouraging each other to be thoughtful and to do helpful things.,"Ɛɛwɩya, ma leŋ dɩ á kyɩl dɔmɔŋ wɩya, a kɩ pɛ dɔmɔŋ tɩyaŋ abee kyori, a yaa wɩweliye kɩ tɩya dɔmɔŋ."
25,"Some people have given up the habit of meeting for worship, but we must not do that. We should keep on encouraging each other, especially since you know that the day of the Lord's coming is getting closer.","Ma ta leŋ dɩ á kɩ vɩya dɔmɔŋ laŋŋɩɩ anɩɩ nala badɔmɔŋ aa yaa gɛɛ. Amɛ ma leŋ dɩ á ha kɩ laŋŋɩ, a marɩ basɩ wɩya kɩ pɛ dɔmɔŋ tɩyaŋ weliŋ, amarɩkpatɩya ma aa naa anɩɩ á Tɩɩna Yesu mɩɩgɩ koyi aa kpaga nyɛ."
26,No sacrifices can be made for people who decide to sin after they find out about the truth.,"Dɩ ámaa rɛ ko gyɩŋ wɩtɩɩ hʋ aŋ vɩya ʋ tɩŋɩɩ, aŋ kɩ yaa wɩbɔmɔ, wɩɩsʋlɩɩ buloŋ bɩl tuwo aa sɩ leŋ dɩ Wɩɩsɩ kpa á wɩbɔmɔ kyɛ ma."
27,"They are God's enemies, and all they can look forward to is a terrible judgment and a furious fire.","Amɛ wɩɩ hʋ aa kaa rɛ yaa, see dɩ á leŋ kambɩŋ kaŋ ma, dɩ á kɩ gyegili kyɛɛ hʋ Wɩɩsɩ aa sɩ di á sarɩya, a leŋ nala hʋ buloŋ aa vɩya ʋ nyʋwa gyʋʋ diŋbal."
30,We know that God has said he will punish and take revenge. We also know that the Scriptures say the Lord will judge his people.,"Á gyɩma rɛ anɩɩ Wɩɩsɩ rɛ baa, “Wɩbɔmɔ hʋ nala aa yaa ŋ, ŋ sɩ yaa tuŋ ba kyɩŋ.” Ba bɩl baa, “Tɩɩna hʋ sɩ di ʋ nala sarɩya.”"
31,It is a terrible thing to fall into the hands of the living God!,"Dɩ ɩ rɛ ko gyʋʋ Wɩɩsɩ hʋ aa weye noŋ, ba sɩ lɔrɩ tɩya ɩ."
34,"You were kind to people in jail. And you gladly let your possessions be taken away, because you knew you had something better, something that would last forever.","Ma fáá nala hʋ ba aa kaŋ tɔ dɩya tɩyaŋ wulo rɛ. Ka abee ba aa kaŋ ma kɩna fasɩ buloŋ, ma leŋ ma tenni fɩyɛlɩ rɛ, beewɩya ma gyɩma anɩɩ ma kaŋ kɩna aa weliye te dʋnɩya no kɩna rɛ, ba bɩl yaa kɩna aa sɩ we doŋ kɩ mʋ deŋdeŋ mɛ."
37,"As the Scriptures say, “God is coming soon! It won't be very long.","Wɩɩsɩ teŋ tɩyaŋ ba saba baa, “Mʋhʋ sʋwaa nal hʋ aa sɩ ko sɩ ko. Ʋ bɩ sɩ pɩɩsɩ."
38,The people God accepts will live because of their faith. But he isn't pleased with anyone who turns back.”,"Amɛ nala hʋ buloŋ aa yaa tɩpʋlʋŋ tɩmma mɩyaŋ Wɩɩsɩ sɩya tɩyaŋ, ba sɩ laa ŋ di, a kaŋ mɩɩbol. Amɛ dɩ ba kɩdɩgɩ buloŋ nɛ ko mɩɩgɩ hal, ŋ teŋ bɩ sɩ fɩyɛlɩ ʋ nyuu tɩyaŋ.”"
39,We are not like those people who turn back and get destroyed. We will keep on having faith until we are saved.,"Á bɩ yaa nala aa mɩɩga hal, a sʋba ta waasʋ. Amɛ á yaa nala aa laa Wɩɩsɩ di rɛ, ʋ laa ma ta."
2,It was their faith that made our ancestors pleasing to God.,Faafaa nala hʋ fa aa laa Wɩɩsɩ di rɛ tɩŋ Wɩɩsɩ teŋ gyɩ fɩyɛlɩ ba nyuu tɩyaŋ.
3,"Because of our faith, we know that the world was made at God's command. We also know that what can be seen was made out of what cannot be seen.","Á aa laa Wɩɩsɩ di rɛ tɩŋ á gyɩma anɩɩ Wɩɩsɩ kaŋ ʋ nyʋwa dʋŋ nɛ a basɩ wɩya dʋnɩya kɩŋ kɩŋ buloŋ we doŋ. Ɛɛwɩya, kɩna á sɩɩ aa bee na rɛ Wɩɩsɩ kaŋ marɩ dʋnɩya kɩna hʋ buloŋ á sɩɩ aa naa."
4,"Because Abel had faith, he offered God a better sacrifice than Cain did. God was pleased with him and his gift, and even though Abel is now dead, his faith still speaks for him.","Abɛl gyɩ aa laa Wɩɩsɩ di rɛ tɩŋ ʋ gyɩ kpa kɩŋ aa weliye te Keeŋ kɩŋ a sʋla Wɩɩsɩ. Ɛɛ mɛ rɛ tɩŋ Wɩɩsɩ teŋ gyɩ fɩyɛlɩ ʋ wɩɩsʋllɩ-kɩŋ hʋ tɩyaŋ, ka ʋ leŋ ʋ yaa tɩpʋlʋŋ tɩɩna ʋ sɩya tɩyaŋ. Abɛl sʋba rɛ, amɛ ʋ aa laa Wɩɩsɩ di nyubaanɩŋ, wɩɩ hʋ ʋ aa yaa ha pɩna rɛ."
5,"Enoch had faith and did not die. He pleased God, and God took him up to heaven. This is why his body was never found.","Ɛnɔkɩ mɛ gyɩ aa laa Wɩɩsɩ di wɩya ʋ gyɩ bɩ sʋba, aŋka Wɩɩsɩ gyɩ kpa ʋ, a kaŋ gyɩŋ Wɩɩsɩbee, nal buloŋ bɩl bɩ na ʋ. Wɩɩsɩ teŋ gyɩ fɩyɛla ʋ nyuu tɩyaŋ nɛ, ka ʋ na kpa ʋ a kaŋ gyɩŋ Wɩɩsɩbee."
8,"Abraham had faith and obeyed God. He was told to go to the land that God had said would be his, and he left for a country he had never seen.","Abɩraham mɛ gyɩ laa Wɩɩsɩ di rɛ. Ɛɛ rɛ tɩŋ Wɩɩsɩ gyɩ aa yɩrɩ ʋ a basɩ tɩya ʋ dɩ ʋ lɩɩ mʋ paalʋʋ kɩdɩgɩ ʋ aa wee nyʋwa dɩ ʋ sɩ kpa tɩya ʋ. Ʋ gyɩ sii lɩɩ ʋ bee tɩyaŋ nɛ a kɩ mʋ paalʋʋ hʋ, aŋ bɩ gyɩŋ lee hʋ ʋ aa mʋʋ."
10,"Abraham did this, because he was waiting for the eternal city God had planned and built.",Beewɩya Abɩraham fa aa gyegili dɩ ʋ maakyiye gyʋʋ bee hʋ Wɩɩsɩ tɩɩ aa tii naaŋ a saa rɛ. Bee no sɩ we doŋ a kaŋ kɩ mʋ maakyiye buloŋ.
11,"Even when Sarah was too old to have children, she had faith that God would do what he had promised, and she had a son.","Abɩraham gyɩ aa laa Wɩɩsɩ di rɛ tɩŋ ʋ gyɩ wuwo lʋl biye, abee ʋ gyɩ aa hɩyasa kɩŋkaŋ, ka ʋ haaŋ Saara mɛ bɩl yaa hapɩrɩ buloŋ. Ʋ gyɩ laa di anɩɩ Wɩɩsɩ kaŋ wɩtɩɩ rɛ aa sɩ yaa wɩɩ hʋ ʋ aa wee nyʋwa anɩɩ ʋ sɩ yaa."
12,"Her husband Abraham was almost dead, but he became the ancestor of many people. In fact, there are as many of them as there are stars in the sky or grains of sand along the seashore.","Abɩraham gyɩ hɩyasa rɛ a mʋ kpaga sʋʋ, amɛ abee gɛɛ buloŋ, nala aa lɩɩ badɩgɩ no dʋŋ doho tɩyaŋ wala rɛ a bɩ kaŋ dɩɩsɩɩ anɩɩ wɩɩsɩnyuu kyɩŋwʋlɩya koo fuwobal nyʋwa bumbugulo."
13,"Every one of those people died. But they still had faith, even though they had not received what they had been promised. They were glad just to see these things from far away, and they agreed that they were only strangers and foreigners on this earth.","Nala no buloŋ gyɩ laa Wɩɩsɩ wɩya di rɛ aŋ na sʋba. Kɩna hʋ Wɩɩsɩ gyɩ aa wee nyʋwa baa dɩ ʋ sɩ kpa tɩya ba, ba gyɩ bɩ naa ba aŋ sʋba. Ba gyɩ naa ba rɛ dɩ ba we libolii tɩyaŋ, ba tenni gyɩ fɩyɛlɩ kɩŋkaŋ, aŋ gyɩ leŋ nal buloŋ gyɩma anɩɩ ba yaa nɩhʋwala abee gyʋgyʋʋlɩya rɛ dʋnɩya no tɩyaŋ."
14,"When people talk this way, it is clear they are looking for a place to call their own.",Nala hʋ aa baa ba yaa nɩhʋwala bee gyʋgyʋʋlɩya hʋ daga anɩɩ ba aa kyɛ ba tɩɩ taŋha rɛ dɩ ba hɔŋ.
15,"If they had been talking about the land where they had once lived, they could have gone back at any time.","Ba bɩl bee bɩɩnɩ taŋha hʋ tɩyaŋ ba aa lɩya wɩya. Dɩ ba aa rɛ fa aa bɩɩnɩ ʋ wɩya, ba fa kaŋ ŋmanɩɩ rɛ dɩ ba mɩɩgɩ mʋ doŋ."
16,But they were looking forward to a better home in heaven. This is why God wasn't ashamed for them to call him their God. He even built a city for them.,"Amɛ ba fa aa kyɛ dɩ ba hɔŋ taŋha hʋ aa weliye te taŋhasɩ buloŋ tɩyaŋ nɛ, doŋ nɛ yaa Wɩɩsɩbee. Ɛɛwɩya, ʋ bɩ yaa Wɩɩsɩ hɩɩsɩ abee ba aa yɩrɩ ʋ ba Wɩɩsɩ, beewɩya ʋ tɩɩ marɩ bee biŋ ba rɛ."
21,"Later, when Jacob was about to die, he leaned on his walking stick and worshiped. Then because of his faith he blessed each of Joseph's sons.","Gyeekɔbɩ mɛ gyɩ aa laa Wɩɩsɩ di rɛ tɩŋ, ʋ sʋʋ gyɩ aa ko kpaga, ʋ mɛ gyɩ tɩga ʋ daatɩgɩɩ sɩŋ, aŋ kyʋwalɩ Wɩɩsɩ, a sʋla ʋ dɩ ʋ pɛ ʋ nihiye Gyosɛfʋ biisi tɩyaŋ."
22,"And right before Joseph died, he had faith that God would lead the people of Israel out of Egypt. So he told them to take his bones with them.","Gyosɛfʋ mɛ gyɩ aa laa Wɩɩsɩ di wɩya, ʋ sʋʋ gyɩ aa ko kpaga, ʋ gyɩ basɩ Iziral tɩmma aa sɩ maakyiye lɩɩ Igyipiti paalʋʋ tɩyaŋ wɩya rɛ, aŋ daga ba gɛɛ mɛ ba aa sɩ yaa ʋ hogo."
23,"Because Moses' parents had faith, they kept him hidden until he was three months old. They saw that he was a beautiful child, and they were not afraid to disobey the king's orders.","Moosi nɩɩna abee ʋ kuwo mɛ gyɩ laa Wɩɩsɩ di rɛ. Ɛɛ rɛ tɩŋ ba gyɩ kpa ʋ faŋa peŋsi boto ba aa lʋla ʋ hal tɩyaŋ. Ba gyɩ naa anɩɩ ʋ yaa Biiwelii rɛ, ɛɛ wɩya ba gyɩ bɩ fáá Igyipiti tɩmma kuwori aŋ vɩya ʋ nyʋwa hʋ ʋ aa bine dɩ Iziral tɩmma kpʋ ba biifɩllɩ buloŋ aa yaa boyoŋbiisi."
24,"Then after Moses grew up, his faith made him refuse to be called the king's grandson.","Moosi gyɩ aa ko waa teŋ, ʋ mɛ gyɩ laa Wɩɩsɩ wɩya di rɛ. Ɛɛ rɛ tɩŋ ʋ gyɩ bɩ laa nyʋwa dɩ ba kana ʋ yɩrɩ kuwori Faaro toluu biye."
25,He chose to be mistreated with God's people instead of having the good time that sin could bring for a little while.,"Ʋ gyɩ kpaa nɩɩ ʋ aa naa tʋwara hʋ Wɩɩsɩ nala aa naa, ʋ rɛ kpɩya ʋ aa we Faaro dɩya tɩyaŋ a kɩ nɩɩ sʋma hʋ aa bɩ sɩ pɩɩsɩ aŋ ha bɩl leŋ dɩ ʋ yaa wɩbɔmɔ mɛ."
26,"Moses knew that the treasures of Egypt were not as wonderful as what he would receive from suffering for the Messiah, and he looked forward to his reward.","Moosi gyɩ naa anɩɩ dɩ ʋ rɛ pɛɛ na tʋwara hʋ Wɩɩsɩ nala aa naa, akuu Nal hʋ Wɩɩsɩ aa lɩya wɩya, ʋ rɛ kaŋ tɔnɔ yʋga a te kɩweliye hʋ buloŋ ʋ fa aa sɩ na Igyipiti tɩyaŋ. Ʋ gyɩ kpaa ʋ hakɩla buloŋ we tuno hʋ ʋ aa sɩ maakyiye na tɩyaŋ nɛ."
28,"His faith also made him celebrate Passover. He sprinkled the blood of animals on the doorposts, so that the first-born sons of the people of Israel would not be killed by the destroying angel.","Moosi gyɩ aa laa Wɩɩsɩ di mɛ rɛ tɩŋ ʋ gyɩ leŋ Iziral tɩmma di Dɩɩsɩ-parɩ-banɩɩ Kyɛbal hʋ. Ʋ gyɩ leŋ ba kpʋ pʋsɩ rɛ, a yaa kyal hʋ taa ba dimbeenyʋʋsɩ buloŋ. Ba gyɩ aa yaa gɛɛ, malɩka hʋ Wɩɩsɩ gyɩ aa tɩma dɩ ʋ ko tuu a kpʋ Igyipiti tɩmma biibumo buloŋ Igyipiti paalʋʋ tɩyaŋ gyɩ ko parɩ Iziral tɩmma biibumo ta rɛ."
30,"God's people had faith, and when they had walked around the city of Jericho for seven days, its walls fell down.","Iziral tɩmma hʋ gyɩ bɩl aa laa Wɩɩsɩ di rɛ tɩŋ ba gyɩ vala baarɩ tɔɔ kɩdɩgɩ ba aa yɩrɩ Gyɛriko kyɛyɛ bapɛ, gyebii hʋ ba aa saa baarɩ bee hʋ buloŋ tele."
32,"What else can I say? There isn't enough time to tell about Gideon, Barak, Samson, Jephthah, David, Samuel, and the prophets.","Ŋ fa sɩ wuwo dɩɩsɩ wɩya no kɩ mʋ, amɛ ŋ bɩ kaŋ sɩnɩɩ ŋ aa sɩ basɩ Gidiyɔŋ, abee Baraki, abee Samsɩŋ, abee Gyefita, abee Deviti, abee Samuwɛl abee Wɩɩsɩ tɩŋdaala hʋ buloŋ wɩya lagɩlagɩ no."
34,"and put out raging fires and escaped from the swords of their enemies. Although they were weak, they were given the strength and power to chase foreign armies away.","Ba badɔmɔŋ dɩsɩ diŋbala rɛ. Wɩɩsɩ lɩɩ ba nala hʋ fa aa kyɛ dɩ ba kpʋ ba bee takoobiye nosi tɩyaŋ. Ba gyɩ bɩ kaŋ dee, amɛ Wɩɩsɩ rɛ gyɩ tɩya ba dee ba gyɩ ko yaa bembiduwoni tɩmma, a yuwo yuwoni a di taŋhasɩ badɔmɔŋ nala, ba laalyuwolo fá nyʋgɩsɩ."
35,"Some women received their loved ones back from death. Many of these people were tortured, but they refused to be released. They were sure they would get a better reward when the dead are raised to life.","Haana badɔmɔŋ gyɩ aa laa Wɩɩsɩ di wɩya, Wɩɩsɩ gyɩ leŋ ba lʋlla sii sʋʋ tɩyaŋ nɛ. Nala badɔmɔŋ mɛ gyɩ aa laa Wɩɩsɩ di wɩya, ba gyɩ naa ŋmanɩɩ rɛ ba aa sɩ lɩɩ tʋwara tɩyaŋ, ka ba vɩya aŋ leŋ ba dɔgɩsɩ ba kpʋ, dɩ Wɩɩsɩ kyisi ba a kpa mɩɩbol aa weliye te dʋnɩya no mɩɩbol a tɩya ba."
36,"Others were made fun of and beaten with whips, and some were chained in jail.",Dʋnɩya nala gyɩ mʋŋ badɔmɔŋ nɛ. Ba gyɩ vɩɩrɩ badɔmɔŋ mɛ a vʋwa badɔmɔŋ mɛ abee kyɔrʋmɔ aŋ kaŋ ba tɔ dɩya tɩyaŋ.
37,"Still others were stoned to death or sawed in two or killed with swords. Some had nothing but sheep skins or goat skins to wear. They were poor, mistreated, and tortured.","Ba gyɩ yaga badɔmɔŋ nɛ abee bʋwa, a kaŋ badɔmɔŋ keri balɩya balɩya, aŋ kpʋ badɔmɔŋ mɛ abee takoobiye. Ba badɔmɔŋ gyɩ laalɩ piyese abee bʋʋna tenni rɛ, beewɩya ba gyɩ yaa nyaaba rɛ, ba kɩ dɔgɩsɩ ba, ba kɩ na tʋwara."
38,"The world did not deserve these good people, who had to wander in deserts and on mountains and had to live in caves and holes in the ground.","Dʋnɩya no gyɩ bɩ weliye maga ba weyi. Ba gyɩ kɩɩ gɛɛ anɩɩ gyʋgyʋʋlɩya a kɩ gɔllɩ taŋhahɩlɩya tɩyaŋ abee dogiŋsi nyuni tɩyaŋ, a gyɩ kɩ gyʋʋ bʋbʋʋsɩ abee taŋha bʋʋsɩ."
39,All of them pleased God because of their faith! But still they died without being given what had been promised.,Wɩɩsɩ teŋ tɩyaŋ ba basa anɩɩ Wɩɩsɩ teŋ fɩyɛla nala no buloŋ aa laa ʋ di nyuu tɩyaŋ nɛ. Amɛ ba kɩdɩgɩ buloŋ gyɩ bɩ na kɩŋ hʋ Wɩɩsɩ aa wee nyʋwa dɩ ʋ sɩ kpa tɩya ba.
40,This was because God had something better in store for us. And he did not want them to reach the goal of their faith without us.,Beewɩya Wɩɩsɩ mɩɩgɩ kyɛ kɩŋ aa weliye te faafaa kɩŋ hʋ rɛ a biŋ gbala á buloŋ. Wɩɩsɩ wɩkyɛɛlɩɩ rɛ yaa dɩ á beel-ba buloŋ laŋŋɩ yaa niweliye aa bɩ kaŋ wɩbɔŋ anɩɩ gɛɛ hʋ ʋ aa kyɛ dɩ á kɩɩ.
1,"Such a large crowd of witnesses is all around us! So we must get rid of everything that slows us down, especially the sin that just won't let go. And we must be determined to run the race that is ahead of us.","Nɩgyamaa no buloŋ gyɩ aa laa Wɩɩsɩ di yaa daŋsɩya tɩmma rɛ a tɩya ma anɩɩ Wɩɩsɩ kaŋ wɩtɩɩ rɛ. Ɛɛwɩya, á Wɩɩsɩ ŋmanɩɩ tɩŋɩɩ tɩyaŋ ma leŋ dɩ á paa wɩya hʋ buloŋ aa tɔ á ŋmanɩɩ ta, a leŋ wɩbɔmɔ hʋ buloŋ aa vʋwa ma mɛ yayɩ. Ma leŋ dɩ á kɩ mʋ sɩya a kɩ yaa wɩya hʋ Wɩɩsɩ aa baa dɩ á kɩ yaa abee mala."
5,"But you have forgotten that the Scriptures say to God's children, “When the Lord punishes you, don't make light of it, and when he corrects you, don't be discouraged.","Teŋpolli wɩya hʋ Wɩɩsɩ aa basɩ tɩya ʋ biisi, ma yeŋŋi ba rɛ? Wɩɩsɩ baa, “Ŋ biye, dɩ Tɩɩna hʋ rɛ ko kɩ kyagɩlɩ ɩ gyegili nɩɩ weliŋ. Dɩ ʋ rɛ ko na baaŋ ɩ nyuu tɩyaŋ a basɩ ɩ sɩya wɩya tɩya ɩ, ta leŋ dɩ ɩ teŋ kɩ yʋwɔrɩ, dɩ ɩ kpa laadii hʋ ta."
8,"God corrects all his children, and if he doesn't correct you, then you don't really belong to him.","Wɩɩsɩ aa kɩ dɔgɩsɩ ʋ biisi buloŋ nɛ. Ɛɛwɩya, dɩ ʋ ko bee dɔgɩsɩ ma, ɛɛ daga anɩɩ ma bɩ yaa ʋ biisi tɩɩ."
9,"Our earthly fathers correct us, and we still respect them. Isn't it even better to be given true life by letting our spiritual Father correct us?","Á buloŋ kaŋ kuwoma rɛ dʋnɩya no tɩyaŋ ba kɩ dɔgɩsɩ ma, á kɩ tɩya ba gyɩrɩma ɛɛ wɩya. Ɛɛ daga anɩɩ á kuwo Wɩɩsɩ aa we Wɩɩsɩbee tɩyaŋ kɛ rɛ yaŋ maga dɩ á kpa á tɩɩma buloŋ tɩya ʋ, a kaŋ mɩɩbol."
10,"Our human fathers correct us for a short time, and they do it as they think best. But God corrects us for our own good, because he wants us to be holy, as he is.","Á dʋnɩya kuwoma mɛ gba aa lʋl ma, ba aa dɔgɩsɩ ma kyɛyɛ baŋmana dʋŋ nɛ ba kyɛrɩ tɩyaŋ. Amɛ á tɩɩ weliŋ wɩya rɛ Wɩɩsɩ kɩ dɔgɩsɩ ma, beewɩya ʋ aa kyɛ dɩ á mɛ ko yaa nɩtɩɩma rɛ, a bɩ kaŋ bisiŋ buloŋ anɩɩ ʋ tɩɩ aa kɩɩ gɛɛ."
11,"It is never fun to be corrected. In fact, at the time it is always painful. But if we learn to obey by being corrected, we will do right and live at peace.","Dɩ ba aa rɛ aa dɔgɩsɩ nal, ʋ tɩya aa kyogi rɛ, beewɩya, dɔgɩsɩɩ hʋ aa hayɛ tɩya ʋ rɛ. Amɛ dɩ ʋ rɛ laa dɔgɩsɩɩ hʋ, a kɩ tɩŋ ba abee kenyiri ba sɩ ko leŋ dɩ ʋ wɩyaalɩya degini, dɩ ʋ hɔŋ bee laaŋfɩya. Ma pɔ ma tɩɩ dɩ wɩbɔŋ buloŋ ta ko gyʋʋ ma paga"
12,Now stand up straight! Stop your knees from shaking,"Ɛɛwɩya, ma sii sɩŋ bɩŋbaŋ aŋ leŋ dɩ ma tenni polli."
14,"Try to live at peace with everyone! Live a clean life. If you don't, you will never see the Lord.","Ma yaa sɩfɩyaŋ dɩ ma bee nal buloŋ wɩya weliye, a yaa nɩtɩɩma. Beewɩya nal hʋ buloŋ aa bɩ yaa nɩtɩɩ ʋ bɩ sɩ wuwo na Wɩɩsɩ."
15,Make sure no one misses out on God's wonderful kindness. Don't let anyone become bitter and cause trouble for the rest of you.,"Ma pɔ ma tɩɩ dɩ Wɩɩsɩ bɔnyɛ hʋ ta ko buwo ma kɩdɩgɩ buloŋ. Aŋ bɩl pɔ ma tɩɩ dɩ nɩbɔŋ buloŋ ta ko we ma tɩyaŋ a kɩ dɔŋ ma, a mʋrɩ ma gyeniŋ buloŋ we wɩbɔmɔ tɩyaŋ."
22,"You have now come to Mount Zion and to the heavenly Jerusalem. This is the city of the living God, where thousands and thousands of angels have come to celebrate.","Amɛ ma nala hʋ aa laa Yesu wɩya di, ma ko pele dogimo hʋ ba aa yɩrɩ Zaayɔŋ nɛ. Ma ko pele tɔɔ hʋ ba aa yɩrɩ Gyerusalɛm aa we Wɩɩsɩbee tɩyaŋ nɛ. Wɩɩsɩ hʋ aa weye sɩya rɛ gɛɛ. Malɩkasɩ tusi tusi tusi mɛ laŋŋa doŋ nɛ abee teŋfɩyɛlʋʋ."
23,"Here you will find all of God's dearest children, whose names are written in heaven. And you will find God himself, who judges everyone. Here also are the spirits of those good people who have been made perfect.","Ma ko lee hʋ Wɩɩsɩ-biihɩyasɩ aa ko laŋŋɩ abee teŋ fɩyɛlʋʋ rɛ. Ba sabɩ ba fene rɛ a biŋ wɩɩsɩbee tɩyaŋ. Ma ko Wɩɩsɩ lee rɛ, nal hʋ aa sɩ di dʋnɩya nal buloŋ sarɩya. Lee no tɩyaŋ nɛ tɩpʋlʋŋ tɩmma hʋ aa tɩŋ Wɩɩsɩ bee wɩtɩɩ a mʋ teŋ mɛ we."
24,"And Jesus is here! He is the one who makes God's new agreement with us, and his sprinkled blood says much better things than the blood of Abel.","Ma ko Yesu lee rɛ, nal hʋ tɩyaŋ Wɩɩsɩ aa tɩŋa a we nyʋʋfalɩɩ tɩya nihuwobisi. Ʋ sʋba rɛ ʋ kyal gyaasɩ nal buloŋ wɩya. Ʋ kyal hʋ aa gyaasa tɩyaŋ nɛ wɩweliye sɩ tɩŋa a ko, a te Abɛl kyal hʋ gyɩ aa gyaasa."
25,"Make sure you obey the one who speaks to you. The people did not escape, when they refused to obey the one who spoke to them at Mount Sinai. Do you think you can possibly escape, if you refuse to obey the one who speaks to you from heaven?","Ma kɩ gyɩma dɩ ma ta ko vɩya nal hʋ aa basɩ wɩya hʋ nyʋwa. Beewɩya nala hʋ gyɩ aa vɩya ʋ nyʋwa taŋha nyuu daha gyɩ bɩ wuwo fá lɩɩ dɔgɩsɩɩ tɩyaŋ. Ɛɛwɩya, dɩ ámaa rɛ yaŋ vɩya nal hʋ aa we Wɩɩsɩbee tɩyaŋ taal, á bɩŋ bɩ sɩ kyaŋlɩ."
26,"When God spoke the first time, his voice shook only the earth. This time he has promised to shake the earth once again, and heaven too.","Haŋ saŋa hʋ, Wɩɩsɩ taal hʋ gyɩ leŋ taŋha buloŋ gyigili rɛ. Lagɩlagɩ no, Wɩɩsɩ wee nyʋwa rɛ anɩɩ ʋ sɩ leŋ dɩ taŋha bɩl gyigili, amɛ taŋha dʋŋ daa sɩ gyigili. Wɩɩsɩnyuu abee taŋha buloŋ nɛ sɩ gyigili."
28,We should be grateful we were given a kingdom that cannot be shaken. And in this kingdom we please God by worshiping him and by showing him great honor and respect.,"Wɩɩsɩ leŋ á we ʋ koro hʋ aa bee gyigisi tɩyaŋ nɛ. Ɛɛwɩya, ma leŋ dɩ á kɩ fá ʋ, a kɩ kyʋwalɩ ʋ aŋgyʋwasʋ, aŋ pɛ kɩ kyʋwalɩ ʋ gɛɛ ʋ aa kyɛ."
29,Our God is like a destructive fire!,Beewɩya Wɩɩsɩ kɩɩ gɛɛ rɛ anɩɩ diŋ aa dii.
1,Keep being concerned about each other as the Lord's followers should.,Ma kyo dɔmɔŋ kɩ mʋ deŋdeŋ akuu ma aa yaa nɩmmabalɩya Krisita tɩyaŋ wɩya.
2,"Be sure to welcome strangers into your home. By doing this, some people have welcomed angels as guests, without even knowing it.","Ma yaa kuwokeri a kɩ deŋ nɩhʋwala weliŋ beewɩya, nala gyɩ aa yaa gɛɛ rɛ, a laa malɩkasɩ biŋ ba dɩɩsɩ tɩyaŋ aŋ bɩ gyɩma."
3,"Remember the Lord's people who are in jail and be concerned for them. Don't forget those who are suffering, but imagine you are there with them.","Ma kpa nala hʋ ba aa kaŋ tɔ dɩya tɩyaŋ wɩya anɩɩ ma beel-ba buloŋ nɛ ba kaŋ tɔ dɩya tɩyaŋ gɛɛ. Nala hʋ ba aa dɔgɩsɩ mɛ, ma kpa ʋ anɩɩ ma beel-ba buloŋ nɛ ba kɩ dɔgɩsɩ gɛɛ."
5,Don't fall in love with money. Be satisfied with what you have. The Lord has promised that he will not leave us or desert us.,"Ma ta kyo molbiye kɩŋkaŋ a mʋ parɩ. Ma leŋ dɩ kɩna hʋ ma aa kana su ma sɩɩ. Beewɩya Wɩɩsɩ basa ʋ teŋ tɩyaŋ nɛ a baa, “Ŋ bɩ sɩ maakyiye vɩya ma ta. Ŋ bɩ sɩ maakyiye lɩɩ ma hal.”"
6,"This should make you feel like saying, “The Lord helps me! Why should I be afraid of what people can do to me?”","Ɛɛwɩya, á sɩ wuwo ŋmaa á bembiye a baa, “Á tɩɩna Wɩɩsɩ rɛ yaa nal hʋ aa pɛ ŋ tɩyaŋ, Ɛɛ nyuniŋ, ŋ bɩ sɩ fá kambɩŋ wɩɩ buloŋ tɩyaŋ. Nihuwobiŋ bɩ sɩ wuwo yaa ŋ wɩɩ buloŋ.”"
7,Don't forget about your leaders who taught you God's message. Remember what kind of lives they lived and try to have faith like theirs.,"Ma liisi ma sɩlaala hʋ gyɩ aa basɩ Wɩɩsɩ wɩya kɩ tɩya ma wɩya. Ma liisi mʋ pele gɛɛ ba gyɩ aa tɩŋ Wɩɩsɩ ba mɩɩbol buloŋ tɩyaŋ, a ko mʋ sʋba. Ma kɩ tɩŋ ba naabʋʋsɩ ma Wɩɩsɩ tɩŋɩɩ tɩyaŋ."
9,"Don't be fooled by any kind of strange teachings. It is better to receive strength from God's gift of undeserved grace than to depend on certain foods. After all, these foods don't really help the people who eat them.","Ma ta leŋ dɩ wɩdʋŋsɩ hʋ nala badɔmɔŋ aa daga ma ko leŋ dɩ ma vɩya Wɩɩsɩ ŋmaŋtɩɩ hʋ ta. Dee hʋ aa sɩ wuwo leŋ dɩ á tɩŋ Wɩɩsɩ kyɛrɩ, ʋ lɩɩ Wɩɩsɩ tɩɩ bɔnyɛ tɩyaŋ nɛ. Ʋ bɩ lɩɩ á aa tɩŋ kɩdiiliye sɩŋsɩ tɩyaŋ, beewɩya, nal hʋ aa tɩŋ sɩŋsɩ no, ʋ bɩ sɩ na tɔnɔ buloŋ a lɩɩ ba tɩyaŋ."
10,But we have an altar where even the priests who serve in the place of worship have no right to eat.,"Gyuuma wɩɩkyʋwal sɩlaala hʋ gyɩ aa tʋma kɩ tɩya Wɩɩsɩ taŋtɩ-dɩya hʋ tɩyaŋ, ba kɩdɩgɩ buloŋ gyɩ bɩ kaŋ ŋmanɩɩ ʋ aa sɩ di wɩɩsʋllɩ-kɩna hʋ á aa kpa sʋla Wɩɩsɩ a kɩ kyʋwalɩ ʋ aŋgyʋwasʋ."
13,This is why we should go outside the camp to Jesus and share in his disgrace.,"Yesu gyɩ dii hɩɩsɩ rɛ weliŋ bee hʋ samanɩ tɩyaŋ. Ɛɛwɩya, ma leŋ dɩ á lɩɩ mʋ doŋ, dɩ á beel-ʋ buloŋ di haŋ hɩɩsɩ hʋ."
14,"On this earth we don't have a city that lasts forever, but we are waiting for such a city.","Beewɩya, á bɩ kaŋ bee aa sɩ we doŋ kɩ mʋ deŋdeŋ dʋnɩya no tɩyaŋ. Amɛ á aa yɩyɛlɩ á bee hʋ tɩyaŋ á aa sɩ maakyiye we a kaŋ kɩ mʋ deŋdeŋ wɩya rɛ."
16,But don't forget to help others and to share your possessions with them. This too is like offering a sacrifice that pleases God.,"Saŋa kɛ buloŋ, ma yaa kuwokeri aŋ yaa wɩweliye kɩ tɩya ma dɔŋtɩŋsɩ, a kɩ kyiyeli dɔmɔŋ mɛ. Wɩɩsʋlɩɩ no rɛ aa fɩyɛlɩ Wɩɩsɩ teŋ."
17,"Obey your leaders and do what they say. They are watching over you, and they must answer to God. So don't make them sad as they do their work. Make them happy. Otherwise, they won't be able to help you at all.","Ʋ maga dɩ ma kɩ tɩŋ ma sɩlaala nyʋwa rɛ, a kɩ yaa wɩya hʋ ba aa baa dɩ ma yaa. Beewɩya ba aa rɛ aa deŋ ma nyuu tɩyaŋ. Maakyiye kɩdɩgɩ ba sɩ daga gɛɛ ba aa deŋ ma nyuu a tɩya Wɩɩsɩ. Dɩ mamaa rɛ aa tɩŋ ba nyʋwa, ba sɩ tʋŋ ba tʋma weliŋ abee teŋfɩyɛlʋʋ. Amɛ dɩ mamaa rɛ bee tɩŋ ba nyʋwa, ba tɩsɩ sɩ kyogi ma tɩyaŋ. Ʋ gɛɛ bɩ sɩ kaŋ tɔnɔ buloŋ a tɩya ma."
19,I especially want you to pray that I can visit you again soon. Final Prayers and Greetings,Ŋ aa sʋla ma rɛ abee ŋ hakɩla buloŋ dɩ ma kyʋwalɩ Wɩɩsɩ dɩ ŋ mɩɩgɩ ko ma lee lagɩ. Wɩkateŋse
22,"My friends, I have written only a short letter to encourage you, and I beg you to pay close attention to what I have said.","Ŋ naabalɩya, ŋ teŋ no ŋ aa saba tɩya ma kɛ bɩ doliye. Ɛɛ wɩya, ŋ aa sʋl ma dɩ ma di kenyiri aŋ gyegili nɩɩ wɩya hʋ ŋ aa saba tɩya ma dɩ ma kɩ tɩŋa."
23,"By now you surely must know that our friend Timothy is out of jail. If he gets here in time, I will bring him with me when I come to visit you.","Ŋ aa kyɛ dɩ ma gyɩma anɩɩ á nɩɩnabiye Timoti ba fa aa kaŋ tɔ dɩya tɩyaŋ, ba lɩɩ ʋ rɛ. Dɩ ʋ rɛ ko ŋ lee lagɩ, ŋ beel-ʋ buloŋ sɩ ko ma lee."
24,Please give my greetings to your leaders and to the rest of the Lord's people. His followers from Italy send you their greetings.,Ma kyʋwalɩ ma nɩhɩyasɩ abee Wɩɩsɩ nala hʋ buloŋ tɩya ma. Á tɩyaŋ nala hʋ aa lɩɩ Itali paalʋʋ mɛ aa kyʋwalɩ ma.
25,I pray that God will be kind to all of you!,Wɩɩsɩ bɔnyɛ sɩ we ma lee a leŋ dɩ ma hɔŋ bee laaŋfɩya.
1,"From James, a servant of God and of our Lord Jesus Christ. Greetings to the twelve tribes scattered all over the world. Faith and Wisdom","Mɩyaŋ Gyemsi aa yaa Wɩɩsɩ abee á Tɩɩna Yesu Krisita tʋŋtʋnnɩ rɛ saba teŋ no a kɩ tɩya nala hʋ buloŋ aa laa Yesu Krisita wɩya di, aŋ pɩsa we dʋnɩya no logiŋ buloŋ tɩyaŋ. Ŋ aa kyʋwalɩ ma buloŋ. Á tɩɩ kanɩɩ wɩgyʋʋlɩya abee tʋwara tɩyaŋ"
2,"My friends, be glad, even if you have a lot of trouble.","Ŋ naabalɩya, dɩ wɩɩ kɛ buloŋ nɛ ko gyʋʋ ma, ma leŋ dɩ ʋ yaa ma teŋfɩyɛlʋʋ,"
4,"But you must learn to endure everything, so you will be completely mature and not lacking in anything.","Ma leŋ di kenyiri vɔgɔ ma, dɩ ma kaŋ mala a mʋ teŋ. Ɛɛ rɛ sɩ leŋ dɩ ma wuwo yaa tɩpʋlʋŋ tɩmma, a bɩ sɩ nyaa gyogiweliye tɩyaŋ."
8,"If you are that kind of person, you can't make up your mind, and you surely can't be trusted. So don't expect the Lord to give you anything at all. Poor People and Rich People","Nal hʋ buloŋ aa yaa Wɩɩsɩ sige, aŋ bɩ sɩŋ wɩdɩgɩ naaŋ tɩyaŋ, ʋ tɩɩna ta ko kɩ yɩyɛlɩ anɩɩ ʋ sɩ na kɩŋ buloŋ a lɩɩ Wɩɩsɩ lee."
11,"scorched by the burning heat of the sun. The flowers lose their blossoms, and their beauty is destroyed. This is how the rich will disappear, as they go about their business. Trials and Temptations","Beewɩya, Wɩɩsɩ aa ko pɔsɔ, lee buloŋ aa nɩma rɛ parɩparɩ. Ʋ nʋŋ hʋ aa leŋ ɔhɔ hʋ buloŋ hɩla rɛ, Ʋ fɩɩla hʋ buloŋ mɛ yuwori, ka ʋ weliŋ hʋ buloŋ mɛ nyʋgɩsɩ. Ɛɛ rɛ nal hʋ aa kaŋ kɩna mɛ yaŋ kɩɩ. Ʋ ha sɩ we ʋ tʋma tɩyaŋ ka dɩ sʋʋ kana ʋ. Magɩsɩɩ abee wɩgyʋʋlɩya"
12,"God will bless you, if you don't give up when your faith is being tested. He will reward you with a glorious life, just as he rewards everyone who loves him.","Nyusʋŋtɩɩna rɛ yaa nal hʋ tʋwara aa gyʋwa, aŋka ʋ ha wuwo kaŋ mala ʋ Wɩɩsɩ laadii tɩyaŋ. Ʋ aa yaŋ wuwo kaŋ mala gɛɛ, Wɩɩsɩ sɩ tɩya ʋ mɩɩbol hʋ aa bɩ kaŋ tenii. Mɩɩbol hʋ ʋ aa baa dɩ ʋ sɩ kpa tɩya nala hʋ buloŋ aa kyo ʋ."
16,"Don't be fooled, my dear friends.","Ŋ naabiikpɩyanama, ma ta kɩ mʋrɩ ma tɩɩma."
17,Every good and perfect gift comes down from the Father who created all the lights in the heavens. He is always the same and never makes dark shadows by changing.,"Kɩwelii kɛ buloŋ aa lɩɩ Wɩɩsɩ lee rɛ. Kɩna hʋ buloŋ aa kyaanɩ wɩɩsɩnyuu tɩyaŋ, ʋ rɛ ta ba. Amɛ dɩ ba aa rɛ ko gyʋʋ, bilhuu aa we doŋ nɛ. Wɩɩsɩ tɩɩtɩɩ bɩ kɩɩ nyɛ, beewɩya ʋ bee bɩrɩmɩ mʋhʋ buloŋ mɛ dɩ á we bilhuu tɩyaŋ."
18,"He wanted us to be his own special people, and so he sent the true message to give us new birth. Hearing and Obeying","Ʋ kyɛrɩ tɩyaŋ nɛ ʋ laa sɩya basɩ wɩtɩɩ hʋ aa we ʋ nyʋwa tɩyaŋ a tɩya ma dɩ á kɩ tɩŋa. Nyɛ rɛ ʋ yaa á yaa ʋ biisi, ka ʋ kɩmarɩya buloŋ na kɩ tɩŋa. Ma ta kpaa dɩgɩna dʋŋ kɩ nɩɩ Wɩɩsɩ wɩbii hʋ"
19,"My dear friends, you should be quick to listen and slow to speak or to get angry.","Ŋ naabiikpɩyanama, ma gyegili nɩɩ wɩya no weliŋ. Ma leŋ nal buloŋ kaŋ dɩgɩŋgyegil, aŋ ta kɩ tuwoŋi wɩbasɩɩ, a ta kaŋ baaŋ toso mɛ."
20,"If you are angry, you cannot do any of the good things God wants done.",Beewɩya nal hʋ aa kaŋ baaŋ bɩ sɩ wuwo yaa wɩya hʋ aa kpaa ŋmanɩɩ Wɩɩsɩ sɩya tɩyaŋ.
23,"If you hear the message and don't obey it, you are like people who stare at themselves in a mirror","Dɩ nal buloŋ nɛ nɩɩ wɩya no aŋ vɩya ba tɩŋɩɩ, ʋ tɩɩna kɩɩ gɛɛ rɛ anɩɩ nal aa kpaa nyagɩsa deŋ na ʋ tɩɩ."
24,and forget what they look like as soon as they leave.,"Amɛ dɩ ʋ rɛ ko gɩɩgɩ mʋhʋ, ʋ guu yeŋŋi gɛɛ hʋ ʋ aa kɩya."
25,"But you must never stop looking at the perfect law that sets you free. God will bless you in everything you do, if you listen and obey, and don't just hear and forget.","Amɛ nal hʋ aa kpaa ʋ hakɩla buloŋ we Wɩɩsɩ wɩbii hʋ aa laa nala kɩ ta tɩyaŋ, a kaŋ mala abee ʋ tɩŋɩɩ tɩyaŋ, a bɩ nɩya aŋ kɩ yeŋŋi, aŋ wuwo kana ʋ kɩ tʋŋ tʋma, Wɩɩsɩ sɩ pɛ ʋ tɩɩna abee ʋ wɩyaalɩɩ buloŋ tɩyaŋ."
26,"If you think you are being religious, but can't control your tongue, you are fooling yourself, and your religion is useless.","Dɩ nal lɛ baa ʋ aa kyʋwalɩ Wɩɩsɩ rɛ, aŋ bee kana ʋ tɩɩ abee ʋ wɩbasɩya tɩyaŋ, ʋ tɩɩ rɛ ʋ kɩ mʋrɩ. Ɛɛ daga anɩɩ ʋ Wɩɩsɩ hʋ kyʋwalɩɩ mɛ yaa waasʋ rɛ."
27,Religion that pleases God the Father must be pure and spotless. You must help needy orphans and widows and not let this world make you evil.,Wɩɩkyʋwalɩ hʋ á kuwo Wɩɩsɩ aa daga anɩɩ ʋ rɛ yaa wɩɩkyʋwal kyirikyi abee Wɩɩsɩ ŋmanɩɩ tɩŋɩɩ tɩɩ rɛ nyɛ: Dɩ ɩ kɩ kyiyeli lohaana abee nɩtaaga abee busuluŋbiisi ba tʋwara tɩyaŋ aŋ lɩɩ ɩ tɩɩ dʋnɩya bisiŋ tɩyaŋ.
1,"My friends, if you have faith in our glorious Lord Jesus Christ, you won't treat some people better than others.","Ŋ naabalɩya, nyɛ kɛ ma aa laa á Tɩɩna Yesu Krisita, feŋ bal tɩɩna hʋ, wɩya dɩ nyɛ, ma ta bɩl kɩ lugisi nala, a kɩ tɩya badɔmɔŋ gyɩrɩma aŋ kpa sii gyʋʋ badɔmɔŋ mɛ."
2,Suppose a rich person wearing fancy clothes and a gold ring comes to one of your meetings. And suppose a poor person dressed in worn-out clothes also comes.,"Dɩ mamaa Krisitabiisi rɛ hɔnɔ, dɩ nala balɩya ko gyʋʋ ma tɩyaŋ, dɩ kɩdɩgɩ yaa dʋwaŋ a laalɩ ʋ gaweliye aŋ we ʋ salma nonipɩra, ka dɩ kɩdɩgɩ hʋ mɛ yaa nyaabʋ a laalɩ ʋ gakɔsʋŋsɩ."
3,You must not give the best seat to the one in fancy clothes and tell the one who is poor to stand at the side or sit on the floor.,"Ɛɛ rɛ ma kaŋ nal hʋ a laalɩ gaweliye hʋ weliŋ aŋ tɩya ʋ lɩhɔŋwelii, aŋ mɩɩgɩ basɩ tɩya nyaabʋ hʋ mɛ dɩ ʋ hɔŋ taŋha, koo dɩ ʋ bɩl aa kyɛɛ mɛ, dɩ ʋ sɩ wuwo sɩŋ doŋ."
4,"This is the same as saying that some people are better than others, and you would be acting like a crooked judge.","Dɩ mamaa rɛ yaa gɛɛ, ʋ bɩ weliye. Ma daga anɩɩ nala badɔmɔŋ kyo kpɩya badɔmɔŋ nɛ gɛɛ. Ma tɩliisibɔmɔ no rɛ ma aa kpa a kɩ lɩɩ dɔmɔŋ. Dɩ mamaa rɛ kɩɩ nyɛ, ʋ bɩ weliye."
5,"My dear friends, pay attention. God has given a lot of faith to the poor people in this world. God has also promised them a share in his kingdom that he will give to everyone who loves him.","Ŋ naabiikpɩyanama, ma gyegile nɩɩ daha. Nala hʋ aa yaa nyaaba dʋnɩya sɩya tɩyaŋ, ba aa rɛ Wɩɩsɩ lɩɩ dɩ ba laa ʋ wɩya di, aŋ gyʋʋ ʋ koro hʋ tɩyaŋ. Lee hʋ Wɩɩsɩ aa wee nyʋwa dɩ ʋ sɩ kpa tɩya nala hʋ buloŋ aa kyo ʋ. Nal hʋ aa laa Wɩɩsɩ wɩya di aŋ gyʋʋ ʋ koro hʋ tɩyaŋ, ʋ rɛ yaa kɩna tɩɩna tɩɩ."
6,You mistreat the poor. But isn't it the rich who boss you around and drag you off to court?,"Amɛ ma kɛ aa kʋwasɩ nyaaba rɛ. Kɩna tɩmma no daa aa dɩ dee ma nyuni tɩyaŋ, a gʋrɩ ma, aŋ ha kaŋ ma mʋ tɩya sarɩdiile dɩ ba di ma sarɩya gɛɛ?"
7,Aren't they the ones who make fun of your Lord?,Na ba aa mɛ rɛ yaŋ bɩl aa kyogi Yesu Krisita feŋwelii hʋ Wɩɩsɩ aa kpaa tɩya ma.
8,"You will do all right, if you obey the most important law in the Scriptures. It is the law that commands us to love others as much as we love ourselves.","Wɩɩsɩ teŋ tɩyaŋ ba saba rɛ a baa, “Kyo ɩ dɔŋtɩɩna anɩɩ ɩ aa kyo ɩ tɩɩ gɛɛ.” Dɩ mamaa kɔnɩ aa tɩŋ nyʋwa no Gyoribaŋa Bakɔɔ, á Tɩɩna aa biŋ tɩya ma, ʋ yaa wɩwelii rɛ."
9,"But if you treat some people better than others, you have done wrong, and the Scriptures teach that you have sinned.","Amɛ dɩ mamaa rɛ aa lugisi nala, a kpa yohuŋ kɩ tɩya badɔmɔŋ aŋ kaŋ badɔmɔŋ mɛ kɩ kʋwasɩ, Wɩɩsɩ mɩra no daga anɩɩ ma yaa wɩbɔŋyaala rɛ, aŋ yaa mɩrɩ-kyogilo mɛ."
10,"If you obey every law except one, you are still guilty of breaking them all.","Dɩ nal lɛ aa tɩŋ Wɩɩsɩ mɩrɩsɩ hʋ buloŋ, aŋ ko kyogi mɩrɩdɩgɩ mɛ ba tɩyaŋ, Wɩɩsɩ kɛ sɩya tɩyaŋ, mɩrɩsɩ hʋ buloŋ nɛ ʋ kyogi gɛɛ."
11,"The same God who told us to be faithful in marriage also told us not to murder. So even if you are faithful in marriage, but murder someone, you still have broken God's Law.","Wɩɩsɩ hʋ aa baa dɩ á ta kɩ kyɛɛ nala haana, ʋ tɩɩ rɛ bɩl baa dɩ á ta kɩ kpʋʋ nala. Dɩ ɩ rɛ yaŋ bee kyɛ nala haana mɛ, aŋ ha kɩ kpʋ nala, ma gyɩma anɩɩ ma kyogi Wɩɩsɩ mɩra hʋ rɛ."
12,Speak and act like people who will be judged by the law that sets us free.,"Ma wɩbasɩya abee ma wɩyaalɩya tɩyaŋ, ma gyɩŋ tɩya ma tɩɩma weliŋ anɩɩ Wɩɩsɩ nyʋwa hʋ aa laa nala kɩ ta, ʋ rɛ ʋ sɩ kpa di ma sarɩya."
13,"Do this, because on the day of judgment there will be no pity for those who have not had pity on others. But even in judgment, God is merciful! Faith and Works","Ɛɛwɩya, dɩ nal lɛ bee fá nala sikii, Wɩɩsɩ mɛ bɩ sɩ fá ʋ tɩɩna sikii saŋa hʋ ʋ aa sɩ di nala sarɩya. Amɛ nal hʋ aa fá nala sikii, ʋ bɩ sɩ fá wɩɩ buloŋ sarɩya hʋ kyɛdiilii. Á Wɩɩsɩ laadii abee á wɩyaalɩya"
14,"My friends, what good is it to say you have faith, when you don't do anything to show you really do have faith? Can this kind of faith save you?","Ŋ naabalɩya, dɩ nal lɛ basɩ baa ʋ laa Wɩɩsɩ wɩya di rɛ, aŋ bee tɩŋ Wɩɩsɩ kyɛrɩ, ʋ gɛɛ hʋ kaŋ memii rɛ? Dɩ ʋ Wɩɩsɩ laadii kɔnɩ kɩɩ nyɛ, ma bɩɩna anɩɩ Wɩɩsɩ sɩ laa ʋ ta? Ʋ Wɩɩsɩ laadii iriŋ no bɩ sɩ maakyiye laa ʋ ta."
16,"you shouldn't just say, “I hope all goes well for you. I hope you will be warm and have plenty to eat.” What good is it to say this, unless you do something to help?","Ɛɛ rɛ ma basɩ tɩya ba baa, “Wɩɩsɩ sɩ pɛ ma tɩyaŋ, a tɩya ma kɩŋ buloŋ ma aa kyɛɛ.” Dɩ ɩ rɛ yaŋ basɩ nyɛ aŋ bɩ wuwo dɩ ɩ pɛ ba tɩyaŋ abee ba teŋbii kɩkyɛɛlɩya hʋ, ʋ tɔnɔ rɛ bee?"
18,"Suppose someone disagrees and says, “It is possible to have faith without doing kind deeds.” I would answer, “Prove that you have faith without doing kind deeds, and I will prove that I have faith by doing them.”","Nal kɩdɩgɩ aa wuwo basɩ baa “Ɩ kɛ laa Wɩɩsɩ di rɛ, ka ŋ mɛ kɩ yaa wɩweliye.” Ɛɛ rɛ ɩ sɩ wuwo daga anɩɩ ɩ kɔnɩ laa Wɩɩsɩ di rɛ aŋ bee yaa wɩya hʋ aa kpaa ŋmanɩɩ. Nyɛ bɩ sɩ maakyiye wuwo yaa. Ŋ kɛ, ŋ aa laa Wɩɩsɩ di rɛ tɩŋ ŋ wuwo kɩ yaa wɩweliye."
24,You can now see that we please God by what we do and not only by what we believe.,Ɛɛ daga anɩɩ nal wɩyaalɩya rɛ aa tɩŋ Wɩɩsɩ leŋ ʋ yaa tɩpʋlʋŋ tɩɩna ʋ sɩya tɩyaŋ. Ʋ Wɩɩsɩ laadii hʋ dʋŋ daa aa wuwo leŋ ʋ yaa tɩpʋlʋŋ tɩɩna Wɩɩsɩ sɩya tɩyaŋ.
1,"My friends, we should not all try to become teachers. In fact, teachers will be judged more strictly than others.","Ŋ naabalɩya, ma buloŋ ta kɩ kyɛɛ dɩ ma yaa Wɩɩsɩ wɩdagɩla. Beewɩya dʋnɩya sarɩya hʋ kyɛdiilii, Wɩɩsɩ sarɩya sɩ deye tɩya á nala hʋ aa yaa dɩdagɩla a te á dɔŋtɩŋsɩ buloŋ."
2,"All of us do many wrong things. But if you can control your tongue, you are mature and able to control your whole body.","Á buloŋ yaa wɩya kɩ kyogi nala rɛ. Amɛ dɩ nal lɛ we doŋ a bɩ basɩ wɩya kɩ kyogi nala, ɛɛ daga anɩɩ ʋ bɩ kaŋ wɩkyogii buloŋ. Ʋ gyɩŋ ʋ tɩɩ kanɩɩ rɛ abee ʋ wɩyaalɩya buloŋ tɩyaŋ."
4,"It takes strong winds to move a large sailing ship, but the captain uses only a small rudder to make it go in any direction.","Ma bɩl na nɩɩduworiborisi mɛ. Dɩ nɩɩduworiboro yaŋ kyo ʋ maga gɛɛ buloŋ mɛ, dɩ puwobala dʋŋ wuwo kana ʋ kɩ vala. Amɛ kuunyiŋdaabiye nyɛ rɛ boriduworil hʋ aa kaŋ kɩ daga lee hʋ ʋ aa kyɛ dɩ boro hʋ mʋ."
5,"Our tongues are small too, and yet they brag about big things. It takes only a spark to start a forest fire!","Ɛɛ rɛ nihuwobiŋ nyʋwa mɛ yaŋ kɩɩ. Ʋ bɩ maga wɩɩ buloŋ, aŋ kɩ basɩ wɩbala. Ma yaŋ gyɩma weliŋ anɩɩ diŋgel mɛ bɩ yʋga, amɛ ʋ aa wuwo kyol kaŋ ɔkʋwabal lɛ a kpa ʋ buloŋ di."
6,The tongue is like a spark. It is an evil power that dirties the rest of the body and sets a person's entire life on fire with flames that come from hell itself.,Nihuwobiŋ nyʋwa mɛ yaŋ kɩɩ gɛɛ rɛ anɩɩ diŋ. Wɩbɔmɔ iriŋ buloŋ nɛ we ʋ tɩyaŋ. Nyʋwa yaa nihuwobiŋ teŋ lee kɩdɩgɩ rɛ. Ɛɛ rɛ tɩŋ ʋ wɩbɔmɔ hʋ hʋwoŋ sɩ wuwo kyogi nihuwobiŋ teŋbii buloŋ. Ʋ aa kyol diŋ nɛ a dɩ deŋdeŋ nihuwobiŋ mɩɩbol buloŋ tɩyaŋ. Diŋ no buloŋ aa lɩɩ Sɩtaanɩ lee rɛ.
7,"All kinds of animals, birds, reptiles, and sea creatures can be tamed and have been tamed.","Nihuwobiŋ wuwo kaŋ pʋsɩ buloŋ dee rɛ: bagɩla abee digibiisi, abee kɩna hʋ buloŋ aa tuuri taŋha, abee nɩɩ tɩyaŋ kɩna buloŋ."
8,"But our tongues get out of control. They are restless and evil, and always spreading deadly poison.","Amɛ nal buloŋ tuwo a kaŋ ʋ nyʋwa dee, ʋ aa sɩ wuwo kana ʋ tɔ dɩ ʋ tallɩ. Ʋ yaa kɩbɔŋ nɛ a kaŋ hʋwoŋ hʋ aa sɩ wuwo kpʋ nal."
10,"My dear friends, with our tongues we speak both praises and curses. We praise our Lord and Father, and we curse people who were created to be like God, and this isn't right.","Nyʋwa hʋ tɩɩtɩɩ á aa kaŋ kɩ dannɩ Wɩɩsɩ, ʋ tɩɩtɩɩ rɛ á bɩl kaŋ kɩ tʋʋsɩ nala mɛ. Ŋ naabalɩya, ʋ bɩ maga dɩ ma kɩ yaa nyɛ."
11,Can clean water and dirty water both flow from the same spring?,Buldɩgɩ bɩ sɩ wuwo kyala kɩ bulo nɩɩwelii abee nɩɩbɔŋ buloŋ.
12,Can a fig tree produce olives or a grapevine produce figs? Does fresh water come from a well full of salt water? Wisdom from Above,"Ŋ naabalɩya, tutogo mɛ bɩ sɩ wuwo nɔŋ babɩlɩya. Kyʋkyɔyɩ mɛ bɩ sɩ wuwo nɔŋ piliye. Ɛɛ rɛ buldɩgɩ mɛ bɩ sɩ wuwo kyala kɩ bulo nɩɩwelii abee nɩɩbɔŋ buloŋ. Wɩɩsɩ wɩgyʋŋ abee dʋnɩya wɩgyʋŋ"
13,Are any of you wise or sensible? Then show it by living right and by being humble and wise in everything you do.,"Dɩ nal lɛ we ma tɩyaŋ a kaŋ wɩgyʋŋ, kɛ ʋ sɩya mɛ suri, ʋ maga dɩ ʋ tɩɩna kɩ yaa wɩweliye rɛ. Dɩ ʋ rɛ aa yaa gɛɛ, aŋ kaŋ ʋ tɩɩ kɩ hʋwɔlɩ, ɛɛ sɩ daga anɩɩ ʋ kɔnɩ kaŋ wɩgyʋŋ nɛ."
15,This kind of wisdom doesn't come from above. It is earthly and selfish and comes from the devil himself.,"Wɩgyʋŋ no iriŋ bɩ lɩɩ Wɩɩsɩ lee. Ʋ yaa dʋnɩya wɩɩ rɛ, a lɩɩ dʋnɩya nala bee Sɩtaanɩ tɩbɩɩŋbɔmɔ tɩyaŋ."
16,"Whenever people are jealous or selfish, they cause trouble and do all sorts of cruel things.","Dɩ nala rɛ kaŋ tɩbal abee dɔmɔŋ, ka dɩ ba tɩsɩ mɛ kɩ hɔllɩ dɔmɔŋ, ba sɩ kaŋ nyʋʋlɩyaba, a kɩ kaa dɔmɔŋ, aŋka ba kɩ yaa wɩbɔmɔ iriŋ buloŋ mɛ."
1,Why do you fight and argue with each other? Isn't it because you are full of selfish desires that fight to control your body?,"Bee rɛ tɩŋ ma aa gʋla kɩ kaa dɔmɔŋ, a kɩ yuwo yuwo? Ma tɩbɩɩŋbɔmɔ hʋ aa we ma tɩsɩ tɩyaŋ nɛ aa kaŋ ba buloŋ kɩ ko."
2,"You want something you don't have, and you will do anything to get it. You will even kill! But you still cannot get what you want, and you won't get it by fighting and arguing. You should pray for it.","Ma aa kɩ kyɛ kɩna rɛ, aŋka ma bee na ba. Ɛɛ wɩya ma aa yaa siri rɛ dɩ ma kpʋ sʋʋnɩ. Ma bembiye aa dɔbɔ kɩna tɩyaŋ nɛ yʋga, ka ma bee na ba. Ɛɛ wɩya ma aa kaa dɔmɔŋ, a yuwo yuwo. Ma bee na kɩna hʋ ma aa kyɛɛ beewɩya ma bee sʋla Wɩɩsɩ lee."
4,"You people aren't faithful to God! Don't you know if you love the world, you are God's enemies? And if you decide to be a friend of the world, you make yourself an enemy of God.","Ma kɩɩ gɛɛ rɛ anɩɩ nal sɔnsɔnnɔ. Ma bɩ gyɩŋ bee baa dɩ nal lɛ baa ʋ kyo dʋnɩya kɩna, gɛɛ daga anɩɩ ʋ tɩɩna bɩrɩmɩ Wɩɩsɩ dɔŋ nɛ? Nal hʋ buloŋ aa kpaa ʋ hakɩla we dʋnɩya kɩna tɩyaŋ, ʋ tɩɩna aa bɩrɩmɩ Wɩɩsɩ dɔŋ nɛ."
6,"In fact, God treats us with even greater kindness, just as the Scriptures say, “God opposes everyone who is proud, but he blesses all who are humble with undeserved grace.”","Wɩɩsɩ dee hʋ ʋ aa kpaa we á tɩyaŋ, ʋ rɛ gba yaŋ deye te á tɩɩ teŋbii wɩkyɛɛlɩya hʋ dee. Ɛɛ rɛ tɩŋ ba sabɩ Wɩɩsɩ teŋ hʋ tɩyaŋ anɩɩ Wɩɩsɩ aa vɩya dagɩŋtɩɩ tɩmma ta rɛ, aŋ kɩ pɛ nala hʋ aa hʋwɔlɩ ba tɩɩ tɩyaŋ."
8,"Come near to God, and he will come near to you. Clean up your lives, you sinners. Purify your hearts, you people who can't make up your mind.","Ma fasɩ ko kpaga Wɩɩsɩ. Dɩ mamaa rɛ ko fasɩ ko kpaga ʋ, ʋ mɛ sɩ fasɩ ko kpaga ma. Mamaa wɩbɔŋyaala, ma lɩɩ ma nosi wɩbɔmɔ yayɩ tɩyaŋ. Ma yaa minaafigi tɩmma rɛ, a kaŋ tɩbɩɩŋkpara abee Wɩɩsɩ. Ma lɩɩ ma tɩɩ lɩɩ tɩbɩɩŋbɔmɔ no buloŋ tɩyaŋ."
10,"Be humble in the Lord's presence, and he will honor you. Saying Cruel Things about Others","Ma kaŋ ma tɩɩ hʋwɔlɩ Tɩɩna hʋ sɩya tɩyaŋ. Dɩ mamaa rɛ yaa gɛɛ, ʋ mɛ sɩ kpa ma yohuŋ. Ma ta kɩ kyogi nala fene"
13,"You should know better than to say, “Today or tomorrow we will go to the city. We will do business there for a year and make a lot of money!”","Ma gyegili daha. Ma nala hʋ aa baa: “Gyɩnaŋ koo kyiye, á sɩ mʋ tɔɔ kɩdɩgɩ, a hɔŋ doŋ bɩna, a yaa bayallɩɩ, a na molbiye yʋga."
14,What do you know about tomorrow? How can you be so sure about your life? It is nothing more than mist that appears for only a little while before it disappears.,"Ma gba paalɩ bɩ gyɩŋ ma mɩɩbol kyiye aa sɩ kɩɩ gɛɛ. Ma kɩɩ gɛɛ rɛ anɩɩ bʋsʋŋ aa tɔɔ. Ʋ aa tɔ rɛ mʋhʋ sʋwaa, aŋ pirigi dɩɩgɩ."
15,"You should say, “If the Lord lets us live, we will do these things.”","Ma aa maga dɩ ma baa, ‘Dɩ Wɩɩsɩ rɛ laa nyʋwa dɩ á kaŋ mɩɩbol á sɩ yaa nyɛ bee nyɛ.’"
16,"Yet you are stupid enough to brag, and it is wrong to be so proud.","Amɛ ma kaŋ kalɩŋbaanɩ rɛ, aa kɩ daga ma tɩɩ. Dagɩŋtɩɩ no buloŋ bɩ kaŋ ŋmanɩɩ."
17,"If you don't do what you know is right, you have sinned.","Ɛɛwɩya, dɩ ɩ rɛ gyɩŋ wɩweliye hʋ aa maga dɩ ɩ yaa, ka dɩ ɩ vɩya ʋ yayɩ, ɩ yaa wɩbɔŋ nɛ.”"
1,You rich people should cry and weep! Terrible things are going to happen to you.,"Ma gyegili nɩɩ daha, kɩna tɩmma! Ma maga ma kɩ wɩɩ rɛ, a kɩ ŋmaa nyʋʋsɩ beewɩya tʋwarɩbal lɛ sɩ tele ma nyuu tɩyaŋ."
2,"Your treasures have already rotted, and moths have eaten your clothes.","Ma dʋwa hʋ buloŋ nɛ pʋw, ka tuyi mɛ kpa ma gaweliye hʋ buloŋ di."
4,"You refused to pay the people who worked in your fields, and now their unpaid wages are shouting out against you. The Lord All-Powerful has surely heard the cries of the workers who harvested your crops.","Ma bɩ naa! Ma aa kɩ mʋrɩ nala hʋ aa tʋŋ ma bagɩsɩ tʋma rɛ aŋ pɔ dɩ ma bɩ sɩ tuŋ ba. Tʋŋtʋnna hʋ buloŋ aa we ma bagɩsɩ tɩyaŋ, ba ŋmaa wulo kɩ tɩya Wɩɩsɩ rɛ. Wɩɩsɩ á Tɩɩna, dʋnɩya buloŋ Laataal, ʋ mɛ kɔnɩ yaŋ nɩɩ ba wulo hʋ rɛ."
5,"While here on earth, you have thought only of filling your own stomachs and having a good time. But now you are like fat cattle on their way to be butchered.","Ma dʋnɩya tɩyaŋ gyʋʋyɩ buloŋ, sʋma abee laaŋfɩya dʋŋ tɩyaŋ nɛ ma we, a kɩ yaa ma wɩkyɛɛlɩya dʋŋ. Ma dɩyɛsɩ ma tɩɩ rɛ a nara anɩɩ ba aa dɩyɛsɩ nʋhʋ ʋ nara, ba ko kaŋ kpʋ gɛɛ."
8,Be patient like those farmers and don't give up. The Lord will soon be here!,"Ɛɛ nyuniŋ, ma mɛ kaŋ kenyiri. Ma kaŋ ma tɩɩ weliŋ aŋ leŋ dɩ ma bayɩyɛla yʋga, beewɩya, á Tɩɩna hʋ kyɛkoolii kpaga rɛ."
9,"Don't grumble about each other or you will be judged, and the judge is right outside the door.","Ŋ naabalɩya, ma ta kɩ nyaŋ dɔmɔŋ, dɩ Wɩɩsɩ ta ko di ma sarɩya a kpa kyogisi tɩya ma. Nal hʋ aa sɩ di sarɩya hʋ, ʋ yaa siri rɛ, ʋ koyi mɛ kpaga."
10,"My friends, follow the example of the prophets who spoke for the Lord. They were patient, even when they had to suffer.","Ŋ naabalɩya, na ma naa Wɩɩsɩ tɩŋdaala hʋ gyɩ aa basɩ wɩya Wɩɩsɩ feŋ tɩyaŋ nɛ? Ba gyɩ naa tʋwara rɛ aŋ ha kaŋ kenyiri abee mala. Ma mɛ gʋnnɩ ba kenyiri abee ba mala hʋ iriŋ ma tʋwara nayɩ tɩyaŋ."
11,"In fact, we praise the ones who endured the most. You remember how patient Job was and how the Lord finally helped him. The Lord did this because he is so merciful and kind.","Ba gyɩ aa kaŋ mala wɩya rɛ tɩŋ á kaŋ ba kɩ yɩrɩ teŋfɩyɛl tɩmma. Na ma nɩɩ ɛɛ hʋ Gyɔbɩ mɛ gyɩ aa kaŋ kenyiri abee mala rɛ ʋ tʋwara nayɩ tɩyaŋ. Ma naa gɛɛ Tɩɩna hʋ gyɩ aa kyiyeli ʋ rɛ ba mʋ tenii tɩyaŋ. Á Tɩɩna Wɩɩsɩ kɔnɩ kyɩl á wɩya rɛ kɩŋkaŋ, aŋ kɩ fá á sikii mɛ yʋga."
12,"My friends, above all else, don't take an oath. You must not swear by heaven or by earth or by anything else. “Yes” or “No” is all you need to say. If you say anything more, you will be condemned.","Ŋ naabalɩya, sɩfɩyaŋ wɩɩ rɛ nyɛ: Dɩ ma kɩdɩgɩ buloŋ nɛ ko kɩ kyɛ dɩ ʋ we nyʋwa, ʋ bɩ maga dɩ ɩ kpa ŋmɩyɛsʋʋ. Ma ta ko kɩ ŋmɩyɛsɩ wɩɩsɩnyuu koo taŋha, koo kɩŋ kɛ buloŋ. Dɩ ba ko maga dɩ ma baa “waa,” ma baa waa. Dɩ ba bɩl ko maga dɩ ma baa “aayɩ,” ma baa aayɩ. Dɩ Wɩɩsɩ ta ko di ma kɩdɩgɩ buloŋ sarɩya, dɩ ɩ tele. Ma laa Wɩɩsɩ di ma Wɩɩsɩ kyʋwalɩɩ tɩyaŋ"
14,"If you are sick, ask the church leaders to come and pray for you. Ask them to put olive oil on you in the name of the Lord.","Dɩ ma kɩdɩgɩ rɛ ko kɩ wɩɩlɩ, ʋ tɩɩna tɩma dɩ ba mʋ yɩrɩ Krisitabiisi sɩlaala hʋ. Ba sɩ ko kyʋwalɩ Wɩɩsɩ tɩya ʋ aŋ tɩsɩ ʋ bee nʋʋ, á Tɩɩna Yesu Krisita feŋ tɩyaŋ."
15,"If you have faith when you pray for sick people, they will get well. The Lord will heal them, and if they have sinned, he will forgive them.","Dɩ ba aa rɛ ko laa di anɩɩ Wɩɩsɩ kɔnɩ sɩ yaa wɩɩ hʋ ba aa sʋla ʋ kɩ kyɛ, ʋ sɩ leŋ dɩ wɩɩla tɩɩna hʋ na laaŋfɩya. Ka dɩ ʋ tɩɩna fa yaa wɩbɔmɔ maga gɛɛ buloŋ mɛ, Wɩɩsɩ sɩ kpa ba buloŋ kyɛ ʋ."
16,"If you have sinned, you should tell each other what you have done. Then you can pray for one another and be healed. The prayer of an innocent person is powerful, and it can help a lot.","Ɛɛ nyuniŋ, ma pʋllɩ ma tɩsɩ kɩ tɩya dɔmɔŋ, aŋ kyʋwalɩ Wɩɩsɩ kɩ tɩya dɔmɔŋ. Nyɛ rɛ sɩ leŋ ma na laaŋfɩya. Tɩpʋlʋŋ tɩɩna wɩɩkyʋwalɩ kaŋ dee rɛ weliŋ. Wɩɩ buloŋ ʋ aa sʋla Wɩɩsɩ kɩ kyɛ aa wuwo yaa rɛ."
17,"Elijah was just as human as we are, and for three and a half years his prayers kept the rain from falling.",Ma na Ɛlaagya! Ʋ gyɩ yaa nihuwobiŋ nɛ anɩɩ á kɩdɩgɩ buloŋ. Amɛ ʋ gyɩ sʋla Wɩɩsɩ rɛ baŋbaŋ dɩ ʋ ta leŋ duwoŋ nɩɩ. Duwoŋ mɛ kɔnɩ gyɩ bɩ nɩya paalʋʋ hʋ tɩyaŋ bɩsɩ kpaŋkpaŋ boto abee kyalɩɩ.
18,"But when he did pray for rain, it fell from the skies and made the crops grow.","Ɛɛ hal tɩyaŋ nɛ ʋ gyɩ bɩl mɩɩgɩ sʋla Wɩɩsɩ, ʋ leŋ duwoŋ kyuuri yʋga, taŋha nyuu kɩna buloŋ marɩ weliŋ."
19,"My friends, if any followers have wandered away from the truth, you should try to lead them back.","Ŋ naabalɩya, dɩ ma kɩdɩgɩ rɛ ko nyʋgɩsɩ wɩtɩɩ ŋmanɩɩ hʋ tɩyaŋ, dɩ ma kɩdɩgɩ wuwo tarɩ ʋ ko,"
2,"God the Father decided to choose you as his people, and his Spirit has made you holy. You have obeyed Jesus Christ and are sprinkled with his blood. I pray that God will be kind to you and will keep on giving you peace! A Real Reason for Hope","Á kuwo Wɩɩsɩ foŋ gyɩŋ ma wɩya rɛ faafaa buloŋ a lɩɩ ma ʋ kyɛrɩ tɩyaŋ, ma yaa ʋ nala. Ʋ tɩŋ Wiyesi Welii hʋ tɩyaŋ nɛ a leŋ ma yaa tɩpʋlʋŋ tɩmma ʋ sɩya tɩyaŋ dɩ ma wuwo kɩ tɩŋ Yesu Krisita nyʋwa, ka dɩ ʋ kyal hʋ sasɩ ma wɩbɔmɔ ta dɩ ma ta kaŋ bisiŋ buloŋ Wɩɩsɩ sɩya tɩyaŋ. Wɩɩsɩ sɩ marɩ daga ʋ bɔnyɛ tɩya ma yʋga a leŋ dɩ ʋ fɩyɛlʋʋ we ma lee a kaŋ kɩ mʋ maakyiye buloŋ. Bayɩyɛla hʋ aa bɩ kaŋ tenii"
3,"Praise God, the Father of our Lord Jesus Christ. God is so good, and by raising Jesus from death, he has given us new life and a hope that lives on.","Ma leŋ dɩ á dannɩ Wɩɩsɩ, ʋ rɛ yaa á Tɩɩna Yesu Krisita Kuwo abee ʋ Wɩɩsɩ. Ʋ fáá á sikii rɛ kɩŋkaŋ a tɩŋ Yesu Krisita sʋʋ tɩyaŋ mɩɩgɩ-siyi hʋ tɩyaŋ, a tɩya ma mɩɩbofalɩɩ. Nyɛ leŋ á kaŋ bayɩyɛla aa bɩ kaŋ tenii rɛ anɩɩ ʋ sɩ maakyiye kyisi ma mɛ sʋʋ tɩyaŋ."
4,"God has something stored up for you in heaven, where it will never decay or be ruined or disappear.","Ɛɛwɩya, á kaŋ bayɩyɛla rɛ anɩɩ á sɩ na kɩweliye hʋ Wɩɩsɩ aa marɩ biŋ ʋ nala wɩɩsɩbee tɩyaŋ. Kɩna no bɩ sɩ maakyiye pʋw koo a kyogi, ba weliŋ mɛ bɩ sɩ maakyiye teŋ."
8,"You have never seen Jesus, and you don't see him now. But still you love him and have faith in him, and no words can tell how glad and happy","Ma ha bɩ maakyiye na Yesu Krisita, amɛ ma kyo ʋ rɛ. Abee ma aa bee na ʋ bee ma sii lagɩlagɩ no mɛ, ka ma laa ʋ wɩya di rɛ, ma tenni fɩyɛlɩ fɩyɛlɩɩ hʋ iriŋ ma aa bɩ sɩ wuwo kaŋ nyʋwa basɩ,"
9,you are to be saved. This is why you have faith.,"beewɩya wɩɩ hʋ wɩya aa tɩŋ ma laa Wɩɩsɩ di, ʋ rɛ yaa laatayɩ hʋ Wɩɩsɩ aa laa ma kɩ ta."
10,"Some prophets told how God would treat you with undeserved grace, and they searched hard to find out more about the way you would be saved.","Laatayɩ no wɩya, Wɩɩsɩ tɩŋdaala gyɩ fɩyɛlɩ sɩya gbilli tenni tɩyaŋ nɛ abee sɩfɩyasɩ dɩ ba na gɛɛ hʋ Wɩɩsɩ aa sɩ laa ʋ nala ta. Ba gyɩ basɩ wɩya rɛ Wɩɩsɩ Wiyesi Welii hʋ dee tɩyaŋ a daga anɩɩ Wɩɩsɩ baa dɩ ʋ sɩ laa ma ta ʋ bɔnyɛ tɩyaŋ."
11,The Spirit of Christ was in them and was telling them how Christ would suffer and would then be given great honor. So they searched to find out exactly who Christ would be and when this would happen.,"Yesu Krisita Wiyesi Welii hʋ gyɩ aa we ba tɩyaŋ nɛ gyɩ basɩ tɩya ba gɛɛ Krisita hʋ aa sɩ na tʋwara, aŋ na ko na gaŋdarɩ. Ɛɛ rɛ ba gyɩ kɩ lʋga dɩ ba na saŋa hʋ wɩya no buloŋ aa sɩ yaa abee ɛɛ hʋ ba aa sɩ yaa."
12,"But they were told that they were serving you and not themselves. They preached to you by the power of the Holy Spirit, who was sent from heaven. And their message was only for you, even though angels would like to know more about it. Chosen To Live a Holy Life","Wɩɩsɩ gyɩ kaŋ daga ʋ tɩŋdaala hʋ rɛ anɩɩ ma wɩya rɛ tɩŋ ba kɩ basɩ wɩya no buloŋ ba tɩɩ wɩya daa. Lagɩlagɩ no wɩya hʋ Wɩɩsɩ tɩŋdaala hʋ gyɩ aa basɩ, ba tɩɩ rɛ nala hʋ mɛ aa basɩ Wɩɩsɩ wɩweliye hʋ Wiyesi Welii hʋ aa lɩɩ wɩɩsɩbee ko tuu dee tɩyaŋ mɛ basɩ kɩ tɩya ma. Malɩkasɩ mɛ gba kyo dɩ ba fa gyɩŋ wɩya no memii rɛ. Ma ta kaŋ bisiŋ Wɩɩsɩ sɩya tɩyaŋ"
15,"Always live as God's holy people should, because God is the one who chose you, and he is holy.","Wɩɩsɩ hʋ aa yɩrɩ ma yaa tɩpʋlʋŋ tɩɩna rɛ a bɩ kaŋ bisiŋ buloŋ, ɛɛwɩya ʋ maga dɩ ma mɛ yaa tɩpʋlʋŋ tɩmma rɛ a ta kaŋ bisiŋ buloŋ ma wɩyaalɩɩ buloŋ tɩyaŋ."
16,"That's why the Scriptures say, “I am the holy God, and you must be holy too.”","Beewɩya ba saba rɛ Wɩɩsɩ teŋ tɩyaŋ a baa, di Wɩɩsɩ baa, “Ma yaa tɩpʋlʋŋ tɩmma a ta kaŋ bisiŋ, beewɩya ŋ yaa tɩpʋlʋŋ tɩɩna aa bɩ kaŋ bisiŋ nɛ.”"
17,"You say that God is your Father, but God doesn't have favorites! He judges all people by what they do. So you must honor God while you live as strangers here on earth.","Ma aa kɩ kyʋwalɩ Wɩɩsɩ rɛ a kɩ yɩrɩ ʋ ma kuwo. Ʋ rɛ aa di nal buloŋ sarɩya, ʋ bee lugisi, ʋ bee fá nal sɩɩ mɛ. Ʋ aa tuŋ nal buloŋ maga gɛɛ hʋ ʋ tɩɩna aa tʋma maga rɛ. Ɛɛwɩya, ma aa yaa nɩhʋwala a we dʋnɩya no tɩyaŋ nyɛ, ma kɩ fá Wɩɩsɩ ma wɩyaalɩya buloŋ tɩyaŋ."
18,You were rescued from the useless way of life you learned from your ancestors. But you know you were not rescued by such things as silver or gold that don't last forever.,Ma tɩɩ gyɩŋ kɩŋ hʋ Wɩɩsɩ aa kpa tuŋ laa ma lɩɩ ma wɩtɔɔnɩ hʋ ma naabaala fa aa kpa daga ma tɩyaŋ nɛ. Ʋ bɩ kɩɩ nɩɩ kɩna aa sɩ wuwo kyogi anɩɩ salma koo molbiye rɛ ʋ kpa tuŋ laa ma.
20,"Christ was chosen even before the world was created, but because of you, he did not come until these last days.","Ka dɩ Wɩɩsɩ gyɩ na marɩ dʋnɩya, dɩ ʋ gyɩ foŋ lɩɩ Yesu Krisita rɛ dɩ ʋ maakyiye ko tuu sʋba a laa ma ta. Lagɩlagɩ no dʋnɩya aa kpaga tenii nyɛ, Wɩɩsɩ leŋ ʋ ko dʋnɩya rɛ ma wɩya."
21,"And when he did come, it was to lead you to have faith in God, who raised him from death and honored him in a glorious way. This is why you have put your faith and hope in God.",Ʋ tɩyaŋ nɛ ma tɩŋa a laa Wɩɩsɩ hʋ aa kyisi Yesu sʋʋ tɩyaŋ a tɩya ʋ feŋ a di. Ɛɛwɩya ma laadii abee ma bayɩyɛla buloŋ we Wɩɩsɩ tɩyaŋ nɛ.
22,"You obeyed the truth, and your souls were made pure. Now you sincerely love each other. But you must keep on loving with all your heart.","Akuu ma aa tɩŋ wɩtɩɩ ŋmanɩɩ hʋ wɩya, ma pɩɩsɩ ma bisiŋ buloŋ ta rɛ, aŋ kyo ma nɩmmabalɩya hʋ buloŋ aa laa Wɩɩsɩ di. Ɛɛwɩya, ma marɩ kyo dɔmɔŋ weliŋ abee ma tɩsɩ buloŋ."
24,"The Scriptures say, “Humans wither like grass, and their glory fades like wild flowers. Grass dries up, and flowers fall to the ground.","Ba sabɩ Wɩɩsɩ teŋ logiŋ kɩdɩgɩ tɩyaŋ nɛ a baa, “Nihuwobiŋ buloŋ kɩɩ gɛɛ rɛ anɩɩ ɔhɔ. Ʋ weliŋ buloŋ mɛ kɩɩ gɛɛ anɩɩ ɔfɩɩla. Ɔhɔ hʋ aa sʋba rɛ, ɔfɩɩla hʋ mɛ yuwori.”"
25,But what the Lord has said will stand forever.” Our good news to you is what the Lord has said.,Amɛ Wɩɩsɩ wɩbii hʋ kɛ sɩ we doŋ a kaŋ kɩ mʋ maakyiye buloŋ. Wɩbii no rɛ yaa Wɩɩsɩ wɩweliye hʋ ba aa basa tɩya ma.
1,"Stop being hateful! Quit trying to fool people, and start being sincere. Don't be jealous or say cruel things about others.","Ɛɛwɩya, á aa yaa nɩfalɩya wɩya, ma lɩɩ ma tɩɩ wɩbɔŋ buloŋ tɩyaŋ, a ta kɩ mʋrɩ nala, a ta kaŋ minaafigi mɛ. Ma ta leŋ ma tɩsɩ kɩ hɔllɩ nala a ta kɩ gaa nala hala mɛ."
2,Be like newborn babies who are thirsty for the pure spiritual milk that will help you grow and be saved.,Amɛ ʋ maga dɩ ma leŋ dɩ Wɩɩsɩ wɩbii hʋ wɩya kyɩl ma rɛ anɩɩ ɩl wɩya aa kyɩl biifɩla gɛɛ. Dɩ gɛɛ leŋ dɩ ma waa weliŋ ma Wɩɩsɩ laadii tɩyaŋ dɩ Wɩɩsɩ laa ma ta.
3,You have already found out how good the Lord really is.,Beewɩya ma tɩɩ gyɩŋ á Tɩɩna Wɩɩsɩ bɔnyɛ hʋ ʋ aa kpa daga ma rɛ.
4,"Come to Jesus Christ. He is the living stone people have rejected, but which God has chosen and highly honored.","Ma ko á Tɩɩna Yesu Krisita lee. Ʋ rɛ yaa mɩɩbol buloŋ tɩɩna. Ʋ kɩɩ gɛɛ rɛ anɩɩ bʋyɩ dɩɩsaala aa vɩya ta. Nala vɩya ʋ rɛ, amɛ Wɩɩsɩ kɛ lɩɩ ʋ rɛ ʋ yaa sɩfɩyaŋ nal ʋ lee."
5,"And now you are living stones being used to build a spiritual house. You are also a group of holy priests, and with the help of Jesus Christ you will offer sacrifices that please God.","Ma mɛ kaŋ mɩɩbol hʋ ʋ aa kana rɛ, ɛɛwɩya ma mɛ kɩɩ gɛɛ rɛ anɩɩ bʋwa Wɩɩsɩ aa kpa kɩ saa ʋ dɩya, a leŋ ma yaa ʋ wɩɩkyʋwal sɩlaala aa bɩ kaŋ bisiŋ dɩ ma tɩŋ Yesu Krisita tɩyaŋ a kpa wɩɩsʋllɩ-kɩna hʋ aa fɩyɛlɩ Wɩɩsɩ teŋ a sʋla Wɩɩsɩ."
6,"It is just as God says in the Scriptures, “Look! I am placing in Zion a choice and precious cornerstone. No one who has faith in this one will be disappointed.”","Beewɩya ba sabɩ Wɩɩsɩ teŋ tɩyaŋ nɛ anɩɩ Wɩɩsɩ baa, ma na, “Ŋ kpa bʋyɩ rɛ a biŋ gyememii Zaayɔŋ tɩyaŋ, Ʋ rɛ ŋ lɩɩ ʋ yaa ŋ sɩfɩyaŋ bʋyɩ, Ɛɛwɩya nal hʋ buloŋ aa sɩ laa ʋ wɩya di, hɩɩsɩ bɩ sɩ maakyiye di ʋ tɩɩna.”"
7,"You are followers of the Lord, and this stone is precious to you. But it isn't precious to those who refuse to follow him. They are the builders who tossed aside the stone that turned out to be the most important one of all.","Ma nala hʋ aa laa ʋ wɩya di kɛ lee, bʋyɩ no kaŋ tɔnɔ rɛ a tɩya ma. Amɛ nala hʋ aa vɩya ʋ kɛ lee, ba leŋ wɩya hʋ ba aa saba Wɩɩsɩ teŋ tɩyaŋ ko yaa wɩtɩɩ rɛ. Ba saba rɛ abaa, “bʋyɩ hʋ dɩɩsaala aa vɩya ta, ʋ rɛ mɩɩgɩ ko kaŋ dɩya hʋ sɩgɩ ʋ deye."
9,"But you are God's chosen and special people. You are a group of royal priests and a holy nation. God has brought you out of darkness into his marvelous light. Now you must tell all the wonderful things he has done. The Scriptures say,","Amɛ ma kɛ, Wɩɩsɩ tɩɩ rɛ lɩɩ ma dɩ ma yaa wɩɩkyʋwal sɩlaala a tʋma kɩ tɩya Wɩɩsɩ ma kuwori. Ma yaa tɩpʋlʋŋ tɩmma rɛ a bɩ kaŋ bisiŋ buloŋ ʋ sɩya tɩyaŋ. Ʋ tɩɩ rɛ tɩŋ ma. Ʋ lɩɩ ma rɛ dɩ ma basɩ wɩkperiye hʋ buloŋ ʋ aa yaa. Ʋ rɛ yɩrɩ ma lɩɩ bilhuu tɩyaŋ a kaŋ ma ko gyʋʋ ʋ pʋlʋŋbal hʋ tɩyaŋ."
10,“Once you were nobody. Now you are God's people. At one time no one had mercy on you. Now God has treated you with kindness.” Live as God's Servants Should,"Buŋbuŋ hʋ tɩyaŋ, ma fa bɩ yaa Wɩɩsɩ nala, amɛ nyɛ kɛ ma yaa Wɩɩsɩ nala rɛ. Ma fa bɩ gyɩŋ Wɩɩsɩ sikii-fá, amɛ nyɛ kɛ ʋ fáá ma sikii rɛ."
12,"Always let others see you behaving properly, even though they may still accuse you of doing wrong. Then on the day of judgment, they will honor God by telling the good things they saw you do.","Ma guwosi nala hʋ aa bɩ laa Wɩɩsɩ wɩya di tɩyaŋ nɛ, ɛɛ wɩya ma kaŋ ma tɩɩ weliŋ. Dɩ ba aa rɛ basɩ baa ma yaa wɩbɔmɔ mɛ, ma leŋ dɩ ba na ma wɩyaaweliye aŋ dannɩ Wɩɩsɩ dɩ ʋ feŋ yɩrɩ kyɛɛ hʋ ʋ aa sɩ di nala sarɩya. Ma kɩ nɩɩ ma sɩlaala nyʋwa"
16,"You are free, but still you are God's servants, and you must not use your freedom as an excuse for doing wrong.",Ma yaa nala aa tɩŋ ma tɩɩ rɛ. Amɛ ma ta kpa gɛɛ bɩrɩmɩ gyo-gye wɩɩ a gɔllɩ kɩ yaa wɩbɔmɔ. Amɛ ma kɩ yaa wɩya hʋ aa daga anɩɩ ma kɔnɩ yaa Wɩɩsɩ yosi rɛ.
17,Respect everyone and show special love for God's people. Honor God and respect the Emperor. The Example of Christ's Suffering,Ma kɩ tɩya nal buloŋ gyɩrɩma. Ma kyo nala hʋ mɛ buloŋ aa laa Yesu wɩya a leŋ dɩ ba yaa ma nɩmmabalɩya. Ma kɩ fá Wɩɩsɩ aŋ kɩ tɩya ma taŋha kuworibal gyɩrɩma.
18,"Servants, you must obey your masters and always show respect to them. Do this, not only to those who are kind and thoughtful, but also to those who are cruel.","Ma nala hʋ aa tʋŋ kɩ tɩya nala, ma kɩ tɩŋ ba nyʋwa a kɩ tɩya ba gyɩrɩma weliŋ, dɩ ba yaa nala aa kaŋ bɔnyɛ ka ba wɩya weliye koo dɩ ba yaa nala wɩya aa hayɛ."
19,"God will bless you, even if others treat you unfairly for being loyal to him.","Beewɩya Wɩɩsɩ sɩ kyiyeli nal hʋ buloŋ aa bɩ yaa wɩɩ buloŋ kyogi ka ba kɩ dɔgɩsɩ ʋ, ka ʋ wuwo kaŋ mala akuu ʋ aa laa Wɩɩsɩ di wɩya."
20,"You don't gain anything by being punished for some wrong you have done. But God will bless you, if you have to suffer for doing something good.","Dɩ ɩ rɛ yaa wɩbɔŋ dɩ ba ŋmaa ɩ, ka ɩ di kenyiri gɛɛ tɩyaŋ, ʋ bɩ maga dɩ ba tɩya ɩ gyaaŋbiye. Amɛ dɩ ɩ rɛ yaa wɩwelii, ka dɩ ba kɩ dɔgɩsɩ ɩ gɛɛ wɩya, dɩ ɩ wuwo kaŋ mala gɛɛ tɩyaŋ Wɩɩsɩ sɩ kyiyeli ɩ."
21,"After all, God chose you to suffer as you follow in the footsteps of Christ, who set an example by suffering for you.",Ɛɛwɩya rɛ Wɩɩsɩ paalɩ yɩrɩ ma dɩ ma na tʋwara beewɩya Yesu Krisita tɩɩ mɛ paalɩ na tʋwara rɛ ma wɩya a daga ma gɛɛ hʋ ma aa sɩ tɩŋa ʋ naabʋʋsɩ.
22,Christ did not sin or ever tell a lie.,"Ʋ gyɩ bɩ yaa wɩbɔŋ buloŋ, ʋ gyɩ bɩ maakyiye nyɩya wɩya mɛ."
23,"Although he was abused, he never tried to get even. And when he suffered, he made no threats. Instead, he had faith in God, who judges fairly.","Abee nala gyɩ aa tʋʋsɩ ʋ buloŋ, ʋ gyɩ bɩ laa tʋʋsɩ. Ba gyɩ bɩl aa dɔgɩsɩ ʋ mɛ, ʋ gyɩ bɩ basɩ baa ʋ sɩ tuŋ kyɩŋ ba nyuu tɩyaŋ. Amɛ ʋ kɛ gyɩ kpaa wɩɩ buloŋ we Wɩɩsɩ nosi tɩyaŋ nɛ beewɩya ʋ rɛ sɩ di nal buloŋ sarɩya abee wɩtɩɩ."
24,"Christ carried the burden of our sins. He was nailed to the cross, so we would stop sinning and start living right. By his cuts and bruises you are healed.","Yesu Krisita tɩɩ rɛ laa á wɩbɔmɔ kyʋŋ, saŋa hʋ ba kpaasɩ ʋ mal daagarɩɩ tɩyaŋ dɩ gɛɛ wuwo leŋ á kpʋ wɩbɔmɔ yayɩ ta á tɩsɩ tɩyaŋ aŋ kɩ yaa tɩpʋlʋŋ wɩya. Ba aa vɩɩrɩ ʋ, ʋ teŋ yaa dʋgʋlɩya hʋ, gɛɛ rɛ leŋ á wɩɩla buloŋ teŋ á tenni tɩyaŋ."
25,You had wandered away like sheep. Now you have returned to the one who is your shepherd and protector.,"Ma fa kɩɩ gɛɛ rɛ anɩɩ piyese aa nyʋgɩsa, amɛ nyɛ kɛ ma mɩɩgɩ ko Pedaal hʋ lee rɛ, nal hʋ aa deŋ ma mɩɩbol nyuu tɩyaŋ."
1,"If you are a wife, you must put your husband first. Even if he opposes our message, you will win him over by what you do. No one else will have to say anything to him,","Haana, ʋ maga dɩ ma mɛ kaŋ ma tɩɩ kɩ hʋwɔlɩ ma balama lee rɛ a kɩ tɩŋ ba nyʋwa. Dɩ ma kɩdɩgɩ buloŋ bala rɛ bɩ laa Wɩɩsɩ wɩya di, ɩ gyogo no dʋŋ sɩ wuwo leŋ dɩ ʋ ko laa Wɩɩsɩ wɩya di, dɩ ɩ bɩ suri nyʋwa basɩ wɩɩ buloŋ."
2,because he will see how you honor God and live a pure life.,Beewɩya ba sɩ na gɛɛ ma gyogo aa weliye abee gɛɛ ma aa fá Wɩɩsɩ.
3,Don't depend on things like fancy hairdos or gold jewelry or expensive clothes to make you look beautiful.,"Ma ta kpa kpɩyɛra a kɩ daga ma weliŋ, anɩɩ ma nyuni marɩɩ, koo salma kɩna laalɩɩ abee gabala vʋwayɩ."
4,"Be beautiful in your heart by being gentle and quiet. This kind of beauty will last, and God considers it very special.","Amɛ ma leŋ dɩ ma weliŋ lɩɩ ma gyogo tɩyaŋ. Ma leŋ ma sɩya fɩyɛlɩ, aŋ kaŋ ma tɩɩ kɩ hʋwɔlɩ beewɩya weliŋ no iriŋ bee nyʋgɩsɩ aŋ kaŋ tɔnɔ yʋga mɛ Wɩɩsɩ lee."
5,Long ago those women who worshiped God and put their hope in him made themselves beautiful by putting their husbands first.,"Faafaa haana hʋ fa aa kpa ba nyuu abee ba bayɩyɛla buloŋ we Wɩɩsɩ tɩyaŋ, nyɛ rɛ ba fa kɩ daga ba weliŋ. Ba fa aa kaŋ ba tɩɩ hʋwɔlɩ rɛ ba balama lee, a kɩ tɩŋ ba nyʋwa."
7,"If you are a husband, you should be thoughtful of your wife. Treat her with honor, because she isn't as strong as you are, and she shares with you in the gift of life. Then nothing will stand in the way of your prayers. Suffering for Doing Right","Ma baala mɛ maga dɩ ma kɩ tɩya ma haana gyɩrɩma rɛ, a kaŋ ma haana weliŋ dɩ ma basɩ wɩya kɩ nɩɩ dɔmɔŋ dɩgɩna. Ma gyɩma anɩɩ mamaa rɛ deye te ba, ɛɛwɩya ma kaŋ ba weliŋ, beewɩya ma beel-ba buloŋ nɛ Wɩɩsɩ sɩ tɩya mɩɩbol hʋ aa bɩ kaŋ tenii ʋ bɔnyɛ tɩyaŋ. Ma kɩ yaa nyɛ dɩ wɩɩ buloŋ ta leŋ dɩ Wɩɩsɩ vɩya ma kyʋwala nɩɩ. Ɩ aa na tʋwara akuu Ɩ aa yaa wɩya aa kpaa ŋmanɩɩ wɩya"
9,"Don't be hateful and insult people just because they are hateful and insult you. Instead, treat everyone with kindness. You are God's chosen ones, and he will bless you. The Scriptures say,","Dɩ nal lɛ yaa ɩ wɩbɔŋ ta yaa wɩbɔŋ tuŋ ʋ tɩɩna. Dɩ nal lɛ tʋʋsɩ ɩ ta laa tʋʋsɩ, amɛ sʋla Wɩɩsɩ dɩ ʋ kyiyeli tɩɩna, beewɩya Wɩɩsɩ lɩɩ ma yaa ʋ nala rɛ dɩ ʋ kyiyeli ma."
10,“Do you really love life? Do you want to be happy? Then stop saying cruel things and quit telling lies.,"Beewɩya ba sabɩ Wɩɩsɩ teŋ logiŋ kɩdɩgɩ tɩyaŋ nɛ a baa, “Dɩ nal buloŋ nɛ aa kyɛ dɩ ʋ nɩɩ sʋma dʋnɩya no tɩyaŋ a kaŋ teŋfɩyɛlʋʋ, Ʋ tɩɩna ta kɩ basɩ wɩbɔmɔ, a ta kɩ nyɩya wɩya mɛ."
11,"Give up your evil ways and do right, as you find and follow the road to peace.","Ʋ tɩɩna maga dɩ ʋ leŋ wɩbɔmɔ yayɩ rɛ, aŋ kɩ yaa wɩweliye, a maga dɩ ʋ yaa sɩfɩyaŋ dɩ ʋ bee nal buloŋ sʋma."
12,"The Lord watches over everyone who obeys him, and he listens to their prayers. But he opposes everyone who does evil.”","Beewɩya nala hʋ buloŋ aa yaa tɩpʋlʋŋ tɩmma Wɩɩsɩ aa deŋ ba rɛ, a kpil ʋ dɩgɩna mɛ a kɩ nɩɩ ba wɩɩkyʋwalɩ. Amɛ ʋ kpa sɩya kyeŋ nala hʋ aa yaa wɩbɔmɔ rɛ.”"
13,Can anyone really harm you for being eager to do good deeds?,"Dɩ mamaa rɛ yaa sɩfɩyaŋ a kɩ yaa wɩweliye, kɩbee rɛ sɩ wuwo yaa ma wɩbɔŋ?"
14,"Even if you have to suffer for doing good things, God will bless you. So stop being afraid and don't worry about what people might do.","Dɩ mamaa rɛ gba aa na tʋwara akuu ma tɩpʋlʋŋ wɩyaalɩya wɩya, Wɩɩsɩ sɩ kyiyeli ma. Ɛɛwɩya, ma ta kɩ fáá nal buloŋ kambɩŋ a ta leŋ dɩ wɩɩ buloŋ mɛ kɩ dɔŋ ma."
16,Give a kind and respectful answer and keep your conscience clear. This way you will make people ashamed for saying bad things about your good conduct as a follower of Christ.,"Saŋa kɛ buloŋ, ma kɩ yaa wɩya hʋ aa kpa ŋmanɩɩ dɩ ma hakɩllɩ tɩyaŋ ma gyɩma anɩɩ ma bɩ yaa wɩɩ buloŋ kyogi. Dɩ mamaa rɛ aa yaa gɛɛ, hɩɩsɩ sɩ kaŋ nala hʋ aa kyogi ma feŋ akuu ma aa yaa Krisita hatɩnna a kɩ yaa wɩweliye wɩya."
18,"Christ died once for our sins. An innocent person died for those who are guilty. Christ did this to bring you to God, when his body was put to death and his spirit was made alive.","Yesu Krisita tɩɩ sʋba rɛ dɩgɩ dʋŋ a wuwo tuŋ á wɩbɔmɔ buloŋ kyɩŋ a kaŋ kɩ mʋ maakyiye buloŋ. Ʋ yaa tɩpʋlʋŋ tɩɩna rɛ aŋ sʋba wɩbɔŋyaala wɩya, dɩ ʋ wuwo kaŋ ma mʋ Wɩɩsɩ lee. Nihuwobisi kpʋʋ ʋ teŋbii rɛ, amɛ Wɩɩsɩ Wiyesi Welii hʋ leŋ ʋ weye rɛ."
19,Christ then preached to the spirits that were being kept in prison.,"Ɛɛ hal tɩyaŋ, Wɩɩsɩ Wiyesi Welii hʋ leŋ ʋ mʋ basɩ wɩweliye hʋ a tɩya nɩdʋŋsɩ hʋ ba aa kaŋ vʋwa biŋ nɛ."
20,"They had disobeyed God while Noah was building the boat, but God had been patient with them. Eight people went into that boat and were brought safely through the flood.",Nala no rɛ gyɩ vɩya Wɩɩsɩ nyʋwa saŋa hʋ tɩyaŋ Nowa gyɩ aa kpaasɩ nɩɩduworiboribal hʋ. Saŋa no tɩyaŋ Wɩɩsɩ gyɩ di kenyiri rɛ a kɩ gyegili dɩ ba buloŋ bɩrɩmɩ lɩɩ ba wɩbɔmɔ tɩyaŋ ka ba vɩya. Nala kyori dʋŋ nɛ gyɩ gyʋʋ nɩɩduworiboribal hʋ. Nɩɩ hʋ tɩyaŋ nɛ Wɩɩsɩ gyɩ tɩŋa a laa ba mɩɩbol.
22,"Christ is now in heaven, where he sits at the right side of God. All angels, authorities, and powers are under his control.",Ʋ rɛ lɩɩ dʋnɩya tɩyaŋ a gyɩŋ wɩɩsɩbee a hɔŋ Wɩɩsɩ noduu logiŋ tɩyaŋ. Ʋ rɛ aa deŋ malɩkasɩ abee kɩŋ buloŋ aa kaŋ dee a we wɩɩsɩbee tɩyaŋ.
2,It means you have turned from your own desires and want to obey God for the rest of your life.,"Ɛɛ daga anɩɩ ʋ tɩɩna bɩl bɩ sɩ kɩ yaa ʋ teŋbii wɩkyɛɛlɩya ʋ mɩɩbol tɩyaŋ, amɛ ʋ sɩ kɩ tɩŋ Wɩɩsɩ kyɛrɩ."
5,"But they will have to answer to God, who judges the living and the dead.","Amɛ kyɛɛ kɩdɩgɩ, ba sɩ daga wɩya hʋ buloŋ ba aa yaa a tɩya Wɩɩsɩ. Ʋ yaa siri rɛ dɩ ʋ dɩ niweye abee sʋʋnɩ buloŋ sarɩya."
6,"The good news has even been preached to the dead, so that after they have been judged for what they have done in this life, their spirits will live with God.","Ɛɛ rɛ tɩŋ Krisita basɩ Wɩɩsɩ wɩweliye hʋ tɩya nala hʋ aa sʋba mɛ gba. Abee nala no sʋʋ aa yaa tʋwara nihuwobiŋ buloŋ mɛ aa sɩ na, ka ba basɩ Wɩweliye hʋ tɩya ba mɛ rɛ dɩ ba dʋŋsɩ we doŋ kɩ mʋ deŋdeŋ anɩɩ Wɩɩsɩ aa we doŋ kɩ mʋ deŋdeŋ gɛɛ. Ɛɛ Krisitabiisi aa maga ba kaŋ dɔmɔŋ"
7,Everything will soon come to an end. So be serious and be sensible enough to pray.,"Saŋa hʋ dʋnɩya aa sɩ teŋ kpaga rɛ. Ɛɛwɩya, ma kaŋ ma tɩɩ weliŋ a leŋ dɩ ma sɩya fɩyɛlɩ, dɩ ma wuwo kɩ kyʋwalɩ Wɩɩsɩ."
8,"Most important of all, you must sincerely love each other, because love wipes away many sins.","Wɩɩ hʋ aa yaa sɩfɩyaŋ wɩɩ rɛ nyɛ: Ma kyo dɔmɔŋ abee wɩtɩɩ, beewɩya dɩ mamaa rɛ kyo dɔmɔŋ, ma sɩ kpa wɩgyamaa kɩ kyɛ dɔmɔŋ saŋa buloŋ."
9,Welcome people into your home and don't grumble about it.,Ma kaŋ nal buloŋ aa ko ma dɩya weliŋ abee teŋfɩyɛlʋʋ aŋ ta kɩ gʋrɩmɩ wɩya.
10,Each of you has been blessed with one of God's many wonderful gifts to be used in the service of others. So use your gift well.,"Ɛɛ wɩya Wɩɩsɩ bɔnyɛ kɩŋ hʋ iriŋ ʋ aa kpa tɩya nal buloŋ, ʋ kana ʋ tʋma weliŋ a kɩ kyiyeli ʋ dɔŋtɩŋsɩ abee wɩtɩɩ dɩ gɛɛ leŋ dɩ ba na Wɩɩsɩ kyiyelii."
11,"If you have the gift of speaking, preach God's message. If you have the gift of helping others, do it with the strength that God supplies. Everything should be done in a way that will bring honor to God because of Jesus Christ, who is glorious and powerful forever. Amen. Suffering for Being a Christian","Dɩ Wɩɩsɩ rɛ leŋ nal buloŋ wuwo kɩ basɩ Wɩɩsɩ wɩya, ma tɩya ʋ ŋmanɩɩ dɩ ʋ kɩ basɩ wɩya hʋ aa lɩɩ Wɩɩsɩ lee. Dɩ nal lɛ wuwo kɩ kyiyeli nala, ʋ kaŋ dee hʋ Wɩɩsɩ aa kpa tɩya ʋ a kɩ kyiyeli ba. Ma kɩ yaa gɛɛ dɩ nala wuwo tɩŋ Yesu Krisita tɩyaŋ a kɩ dannɩ Wɩɩsɩ, dɩ ʋ feŋ yɩrɩ wɩɩ kɛ buloŋ tɩyaŋ. Ʋ rɛ yaa dee buloŋ tɩɩna abee gaŋdaal a kaŋ kɩ mʋ maakyiye buloŋ. Amɩ. Tʋwara hʋ Krisitabiisi aa naa"
12,"Dear friends, don't be surprised or shocked that you are going through testing that is like walking through fire.","Ŋ naabiikpɩyanama, ma ta leŋ dɩ tʋwara hʋ ma aa naa yaa ma wɩkperii. Wɩya no buloŋ yaa wɩhaanɩ rɛ a kɩ magɩsɩ ma laadii. Ɛɛwɩya ma ta leŋ dɩ wɩya no yaa wɩfalɩya ma lee."
13,Be glad for the chance to suffer as Christ suffered. It will prepare you for even greater happiness when he makes his glorious return.,Amɛ ma leŋ dɩ ma tenni fɩyɛlɩ anɩɩ ma mɛ aa na tʋwara anɩɩ Krisita aa naa gɛɛ. Nyɛ rɛ sɩ leŋ dɩ ma tenni marɩ fɩyɛlɩ a mʋ parɩ kyɛɛ hʋ Krisita aa sɩ leŋ dɩ á na ʋ gaŋdarɩ.
14,Count it a blessing when you suffer for being a Christian. This shows that God's glorious Spirit is with you.,"Dɩ ba aa rɛ aa tʋʋsɩ ma akuu ma aa yaa Krisita hatɩnna wɩya, ma leŋ dɩ ma tenni fɩyɛlɩ. Ɛɛ daga anɩɩ Wɩɩsɩ Wiyesi Welii hʋ aa kaŋ gaŋdarɩ we ma tɩyaŋ nɛ."
17,"God has already begun judging his own people. And if his judgment begins with us, imagine how terrible it will be for those who refuse to obey his message. The Scriptures say,","Saŋa hʋ Wɩɩsɩ aa sɩ di dʋnɩya nala sarɩya pele rɛ. Wɩɩsɩ nala tɩɩ tɩyaŋ nɛ ʋ sɩ laa sɩya piili. Dɩ ʋ rɛ yaŋ sɩ piili ba tɩyaŋ, ɛɛ rɛ ba yaŋ sɩ kɩɩ nala hʋ aa bee tɩŋ Wɩɩsɩ Wɩweliye hʋ kɛ tɩyaŋ?"
19,"If you suffer for obeying God, you must have complete faith in your faithful Creator and keep on doing right.","Ɛɛwɩya, nala hʋ buloŋ aa na tʋwara Wɩɩsɩ kyɛrɩ tɩyaŋ, ba marɩ kpa ba tɩɩ we ba Tɩtaal Wɩɩsɩ nosi tɩyaŋ, aŋ marɩ kɩ yaa wɩweliye, beewɩya ʋ yaa nal aa kaŋ wɩtɩɩ rɛ."
1,"Church leaders, I am writing to encourage you. I too am a leader, as well as a witness to Christ's suffering, and I will share in his glory when it is shown to us.","Ŋ kaŋ wɩɩ rɛ dɩ ŋ basɩ tɩya ma Krisitabiisi sɩlaala. Ŋ mɛ tɩɩ yaa sɩlaal lɛ. Ŋ sii tɩyaŋ nɛ Krisita na tʋwara. Ŋ mɛ sɩ na gaŋdarɩ hʋ Krisita aa sɩ na saŋa hʋ ʋ aa sɩ mɩɩgɩ ko abee gaŋdarɩ. Ŋ aa sʋl ma sɩlaala hʋ buloŋ aa we doŋ nɛ abee sɩfɩyasɩ,"
2,"Just as shepherds watch over their sheep, you must watch over everyone God has placed in your care. Do it willingly in order to please God, and not simply because you think you must. Let it be something you want to do, instead of something you do merely to make money.","dɩ ma kɩ deŋ Wɩɩsɩ nala hʋ ʋ aa kpa we ma nosi tɩyaŋ nyuu weliŋ, anɩɩ pedaal aa kɩ deŋ ʋ piyese nyuu tɩyaŋ gɛɛ. Ma ta leŋ dɩ ʋ kɩɩ gɛɛ anɩɩ ba aa fɩl ma rɛ dɩ ma kɩ deŋ ba, amɛ ma kɩ deŋ ba ma tɩɩ kyɛrɩ tɩyaŋ anɩɩ Wɩɩsɩ aa kyɛ dɩ ma kɩ yaa gɛɛ. Ma leŋ dɩ ʋ yaa nɩɩ ma aa kyɛ dɩ ma tʋŋ tɩya Wɩɩsɩ abee ma dɔŋtɩŋsɩ Krisitabiisi rɛ tɩŋ ma yaa sɩlaala, amɛ ma ta leŋ dɩ ʋ kɩɩ nɩɩ molbiye rɛ ma tʋma kɩ kyɛ."
3,"Don't be bossy to those people who are in your care, but set an example for them.",Ma ta kaŋ nala hʋ Wɩɩsɩ aa kpaa we ma nosi tɩyaŋ kɩ gyɩŋ. Amɛ ma leŋ dɩ ba na ma gyogiweliye a kɩ tɩŋ ma naabʋʋsɩ.
4,"Then when Christ the Chief Shepherd returns, you will be given a crown that will never lose its glory.","Dɩ mamaa rɛ aa yaa gɛɛ, kyɛɛ hʋ Yesu Krisita, nal hʋ aa yaa pedaalhɩyawʋ hʋ aa sɩ mɩɩgɩ ko, ʋ sɩ kpa gaŋdaa-kuwori-nyupugi aa bɩ sɩ maakyiye kyogi a siili ma."
5,"All of you young people should obey your elders. In fact, everyone should be humble toward everyone else. The Scriptures say, “God opposes proud people, but he helps everyone who is humble.”","Ɛɛ tɩɩ rɛ mamaa hambiisi mɛ, ʋ maga dɩ ma kɩ tɩŋ ma nɩhɩyasɩ nyʋwa rɛ a leŋ dɩ ma sɩya fɩyɛlɩ abee dɔmɔŋ, beewɩya Wɩɩsɩ teŋ tɩyaŋ ba saba rɛ a baa, “Wɩɩsɩ kpaa sɩya kyeŋ dagɩŋtɩɩ tɩmma rɛ, aŋ sɩŋ nala hʋ aa kaŋ ba tɩɩ kɩ hʋwɔlɩ kɛ hal.”"
6,"Be humble in the presence of God's mighty power, and he will honor you when the time comes.","Ɛɛwɩya, ma kaŋ ma tɩɩ kɩ hʋwɔlɩ Wɩɩsɩ lee. Ʋ rɛ yaa dee buloŋ tɩɩna. Dɩ saŋa hʋ ʋ aa bine rɛ ko pele, ʋ sɩ kpa ma yohuŋ."
7,"God cares for you, so turn all your worries over to him.","Wɩɩ hʋ buloŋ aa dɔŋ ma, ma kpa we Wɩɩsɩ nosi tɩyaŋ, beewɩya ʋ kyɩl ma wɩya rɛ."
8,"Be on your guard and stay awake. Your enemy, the devil, is like a roaring lion, sneaking around to find someone to attack.","Ma leŋ dɩ ma sɩya fɩyɛlɩ, aŋ ka dɩ ma pɔ ma tɩɩ weliŋ. Ma dɔŋ Sɩtaanɩ gɔllɩ kɩ kyɛ ma rɛ anɩɩ naakyigi aa gɔllɩ gerisi kɩ kyɛ nal dɩ ʋ kaŋ kyaŋ gɛɛ."
9,But you must resist the devil and stay strong in your faith. You know that all over the world the Lord's followers are suffering just as you are.,"Ma sɩŋ wɩya hʋ ma aa laa di tɩyaŋ kpaŋkpaŋ aŋ vɩya Sɩtaanɩ, a ta tɩya ʋ ŋmanɩɩ. Ma gyɩma anɩɩ nala hʋ mɛ aa laa Wɩɩsɩ wɩya di a yaa ma nɩmmabalɩya a we dʋnɩya logiŋ kɛ buloŋ, ba mɛ aa na tʋwara no tɩɩ rɛ."
10,"But God shows undeserved kindness to everyone. That's why he appointed Christ Jesus to choose you to share in his eternal glory. You will suffer for a while, but God will make you complete, steady, strong, and firm.","Tʋwara no ma aa naa bɩ sɩ pɩɩsɩ. Ʋ gɛɛ hal tɩyaŋ, Wɩɩsɩ hʋ aa kaŋ bɔnyɛ kɩŋkaŋ, a yɩrɩ ma dɩ ma mɛ ko na ʋ gaŋdarɩ aa bɩ kaŋ tenii akuu ma bee Krisita aa yaa kɩdɩgɩ wɩya, ʋ tɩɩ rɛ sɩ kaŋ ma marɩ sɩgɩ, a leŋ dɩ ma sɩŋ weliŋ abee dee."
11,God will be in control forever! Amen. Final Greetings,Ma leŋ dɩ á dannɩ Wɩɩsɩ beewɩya ʋ rɛ kaŋ dee a kaŋ kɩ mʋ deŋdeŋ. Kyʋwala
12,"Silvanus helped me write this short letter, and I consider him a faithful follower of the Lord. I wanted to encourage you and tell you how kind God really is, so you will keep on having faith in him.","Silaasi rɛ kyiyeli ŋ ŋ sabɩ teŋkuubiye no kɩ tɩya ma. Ŋ gyɩma anɩɩ ʋ mɛ yaa á Krisitabii-dɔŋtɩɩna tɩɩ rɛ a kaŋ wɩtɩɩ. Ŋ sabɩ wɩya no kɩ tɩya ma rɛ dɩ ba leŋ ma tenni polli, ka dɩ ŋ leŋ dɩ ma gyɩma anɩɩ wɩya hʋ buloŋ ŋ aa basɩ daga anɩɩ Wɩɩsɩ bɔnyɛ hʋ ʋ aa kana beel-ma kɔnɩ yaa wɩtɩɩ rɛ. Ɛɛwɩya, ma sɩŋ wɩya no tɩyaŋ kpaŋkpaŋ."
13,"Greetings from the Lord's followers in Babylon. They are God's chosen ones. Mark, who is like a son to me, sends his greetings too.","Krisitabiisi hʋ aa we Baabilɔŋ tɩyaŋ, a mɛ yaa nala Wɩɩsɩ aa lɩya anɩɩ ʋ aa lɩɩ ma mɛ gɛɛ, ba aa kyʋwalɩ ma. Ŋ biibaal Maakɩ mɛ aa kyʋwalɩ ma."
14,Give each other a warm greeting. I pray that God will give peace to everyone who belongs to Christ.,"Ma kɩ kyʋwalɩ dɔmɔŋ abee kyori. Ma nala hʋ buloŋ aa laa Krisita wɩya di, Wɩɩsɩ fɩyɛlʋʋ sɩ we ma lee."
1,"From Simon Peter, a servant and an apostle of Jesus Christ. To everyone who shares with us in the privilege of believing that our God and Savior Jesus Christ will do what is just and fair.","Mɩyaŋ Siimɔŋ Piita aa yaa Yesu Krisita kpambɩya, a yaa ʋ tʋŋtʋnnɩ mɛ, mɩyaŋ nɛ sabɩ teŋ no kɩ tɩya ma nala hʋ buloŋ mɛ aa laa Yesu Krisita wɩya di. Ʋ rɛ yaa Wɩɩsɩ á laataal, tɩpʋlʋŋ tɩɩna hʋ. Akuu ʋ aa bee lugisi nala wɩya, ʋ leŋ ma laa ʋ wɩya di rɛ anɩɩ gɛɛ ʋ aa leŋ á mɛ laa ʋ wɩya di."
2,I pray that God will be kind to you and will let you live in perfect peace! May you keep learning more and more about God and our Lord Jesus. Living as the Lord's Followers,Ŋ aa sʋla á Tɩɩna Wɩɩsɩ rɛ dɩ ʋ leŋ dɩ ma marɩ gyɩŋ ʋ bee á Tɩɩna Yesu dɩ gɛɛ leŋ dɩ ʋ fɩyɛlʋʋ abee ʋ bɔnyɛ we ma lee weliŋ. Gyogo hʋ aa sɩ daga nɩɩ Wɩɩsɩ rɛ yɩrɩ ma
3,"We have everything we need to live a life that pleases God. It was all given to us by God's own power, when we learned he had invited us to share in his wonderful goodness.","Á aa gyɩma ʋ wɩya, Wɩɩsɩ tɩŋ ʋ tɩɩ dee tɩyaŋ nɛ a yaa wɩɩ buloŋ aa sɩ leŋ dɩ á wuwo tɩŋa ʋ kyɛrɩ á mɩɩbol tɩyaŋ a tɩya ma. Ʋ rɛ yɩrɩ ma dɩ á mɛ ko kaŋ tol ʋ tɩɩ gaŋdarɩ abee ʋ weliŋ tɩyaŋ."
5,"Do your best to improve your faith by adding goodness, understanding,","Wɩɩ no tɩɩ wɩya, ma yaa sɩfɩyaŋ aŋ kaŋ gyogiweliye pɛ ma laadii tɩyaŋ, á kaŋ wɩgyʋŋ mɛ pɛ,"
8,"If you keep growing in this way, it will show that what you know about our Lord Jesus Christ has made your lives useful and meaningful.","Beewɩya dɩ mamaa rɛ kaŋ gyogiweliye no kɩdɩgɩ buloŋ yʋga, ɛɛ rɛ sɩ leŋ dɩ ma marɩ gyɩŋ á Tɩɩna Yesu Krisita weliŋ ka dɩ ma mɩɩbol mɛ kaŋ tɔnɔ."
9,"But if you don't grow, you are like someone who is nearsighted or blind, and you have forgotten that your past sins are forgiven.","Amɛ nal hʋ buloŋ aa bɩ kaŋ gyogiweliye no, ʋ tɩɩna kɩɩ gɛɛ rɛ anɩɩ nyʋlʋŋ, a bɩ naa wɩya kɩ mʋ sɩya aŋ teŋ yeŋŋi anɩɩ Yesu Krisita sasɩ wɩbɔmɔ hʋ buloŋ ʋ fa aa kana ta rɛ."
10,"My friends, you must do all you can to show God has really chosen and selected you. If you keep on doing this, you won't stumble and fall.","Ɛɛwɩya, ŋ naabalɩya, ŋ aa sʋla ma rɛ dɩ marɩ yaa sɩfɩyaŋ a kɩ yaa wɩya no, a daga anɩɩ Wɩɩsɩ rɛ yɩrɩ ma a lɩɩ ma dɩ ma yaa ʋ nala. Dɩ mamaa rɛ kaŋ wɩya no weliŋ a kɩ tɩŋ ba, ma bɩ sɩ maakyiye nyʋgɩsɩ Wɩɩsɩ ŋmanɩɩ tɩyaŋ."
11,Then our Lord and Savior Jesus Christ will give you a glorious welcome into his kingdom that will last forever.,"Dɩ mamaa rɛ aa yaa wɩya no, Wɩɩsɩ sɩ laa ma we á Tɩɩna abee á Laataal Yesu Krisita Koro hʋ aa sɩ we doŋ kɩ mʋ deŋdeŋ tɩyaŋ abee teŋfɩyɛlʋʋ."
12,You are holding firmly to the truth you were given. But I am still going to remind you of these things.,"Ɛɛ rɛ tɩŋ abee ma aa gyɩŋ wɩya no buloŋ a sɩŋ wɩtɩɩ hʋ ba aa daga ma tɩyaŋ weliŋ mɛ, amɛ ŋ ha sɩ kɩ liisi ma wɩya no saŋa kɛ buloŋ."
13,"In fact, I think I should keep on reminding you until I leave this body.","Ŋ ha aa we ŋ mɩɩbol tɩyaŋ nyɛ ŋ naa anɩɩ ʋ yaa wɩwelii rɛ dɩ ŋ liisi ma wɩya no dɩ ma ta yeŋŋi ba,"
14,And our Lord Jesus Christ has already told me that I will soon leave it behind.,beewɩya á Tɩɩna Yesu Krisita leŋ ŋ gyɩma rɛ anɩɩ ŋ bɩl bɩ sɩ pɩɩsɩ dʋnɩya no tɩyaŋ.
15,This is why I am doing my best to make sure that each of you remembers all of this after I am gone. The Message about the Glory of Christ,"Ɛɛwɩya ŋ sɩ yaa sɩfɩyaŋ wɩya no yayɩ tɩyaŋ, ka dɩ mɩyaŋ nɛ ko sʋba mɛ, dɩ ma wuwo kɩ liisi ba saŋa buloŋ. Nala hʋ sɩɩ aa naa Krisita gaŋdarɩ"
16,"When we told you about the power and the return of our Lord Jesus Christ, we were not telling clever stories someone had made up. But with our own eyes we saw his true greatness.","Á gyɩ basɩ tɩya ma gɛɛ hʋ á Tɩɩna Yesu Krisita aa sɩ mɩɩgɩ ko dʋnɩya abee dee rɛ. Wɩya no á aa basɩ kɩ tɩya ma, ʋ bɩ kɩɩ nɩɩ mʋla rɛ á kɩ mʋla, beewɩya á tɩɩ sɩɩ naa á tɩɩna Yesu Krisita gaŋdarɩ rɛ."
18,We were there with Jesus on the holy mountain and heard this voice speak from heaven.,Á mɛ tɩɩ gyɩ nɩɩ taal no aa lɩɩ wɩɩsɩbee rɛ saŋa hʋ á abee á Tɩɩna Yesu Krisita gyɩ aa we Wɩɩsɩ dogimo hʋ nyuu tɩyaŋ.
19,"All of this makes us even more certain that what the prophets said is true. So you should pay close attention to their message, as you would to a lamp shining in some dark place. You must keep on paying attention until daylight comes and the morning star rises in your hearts.",Nyɛ leŋ á marɩ laa di rɛ anɩɩ wɩya hʋ Wɩɩsɩ tɩŋdaala hʋ gyɩ aa basɩ kɔnɩ yaa wɩtɩɩ rɛ. Ɛɛwɩya ma gyɩŋ kaŋ wɩya no weliŋ. Beewɩya ba kɩɩ gɛɛ rɛ anɩɩ fɩŋtɩna aa kyaanɩ bilhuu tɩyaŋ a kaŋ kɩ mʋ sɩgballɩnyʋwa nɔnyʋwa aa sɩ pɔsɔ. Ɛɛ daga anɩɩ ma kaŋ ba weliŋ a mʋ pele saŋa hʋ Krisita pʋlʋŋ aa sɩ kyaanɩ we ma tɩsɩ tɩyaŋ.
20,But you need to realize that no one alone can understand any of the prophecies in the Scriptures.,"Ba buloŋ tɩyaŋ sɩfɩyaŋ wɩɩ rɛ nyɛ, ma gyɩma anɩɩ wɩya hʋ buloŋ Wɩɩsɩ tɩŋdaala hʋ gyɩ aa basa, ka ba sabɩ ba biŋ Wɩɩsɩ teŋ tɩyaŋ, ba tɩɩ hakɩla tɩyaŋ daa ba lɩɩ."
21,"The prophets did not think these things up on their own, but they were guided by the Spirit of God.","Wɩya no kɩdɩgɩ buloŋ bɩ lɩɩ nihuwobisi hakɩla tɩyaŋ, amɛ Wɩɩsɩ Wiyesi Welii hʋ rɛ ko gyʋʋ nala tɩyaŋ a leŋ ba basɩ wɩya hʋ aa lɩɩ Wɩɩsɩ lee."
1,"Sometimes false prophets spoke to the people of Israel. False teachers will also sneak in and speak harmful lies to you. But these teachers don't really belong to the Master who paid a great price for them, and they will quickly destroy themselves.","Faafaa hʋ tɩyaŋ, wɩnyɩyɛla gyɩ we Wɩɩsɩ nala tɩyaŋ nɛ, aa fugo baa dɩ ba yaa Wɩɩsɩ tɩŋdaala rɛ. Ɛɛ tɩɩ rɛ wɩnyɩyɛla sɩ we ma tɩyaŋ mɛ a lʋwɔlɩ kɩ daga ma wɩya hʋ aa sɩ kyogi ma, aa paalɩ basɩ anɩɩ ba bɩ gyɩŋ á Tɩɩna Krisita, nal hʋ aa kpa ʋ mɩɩbol tuŋ laa ba ta. Ɛɛwɩya baloo rɛ ba yɩrɩ tɩya ba tɩɩ gɛɛ."
2,Many people will follow their evil ways and cause others to tell lies about the true way.,Nɩgyamaa sɩ tɩŋ ba hal a kɩ yaa hɩɩsɩ wɩya hʋ ba aa yaa. Ba wɩyaalɩya sɩ leŋ dɩ nala basɩ wɩya kɩ kyogi Wɩɩsɩ wɩtɩɩ ŋmanɩɩ hʋ á aa tɩŋ.
3,"They will be greedy and cheat you with smooth talk. But long ago God decided to punish them, and God doesn't sleep.","Wɩnyɩyɛl dɩdagɩla no aa kpa ba haahii buloŋ dɔbɔ molbiye tɩyaŋ wɩya, ba aa kpa nyʋʋpɩŋsʋŋ nɛ a firimi kɩ laa ma kɩna. Faafaa buloŋ nɛ Wɩɩsɩ, ba sarɩdiil, di ba sarɩya a kpa kyogisi tɩya ba, aŋ yaa siri dɩ ʋ dɔgɩsɩ ba."
4,God did not have pity on the angels that sinned. He had them tied up and thrown into the dark pits of hell until the time of judgment.,Faafaa hʋ tɩyaŋ Wɩɩsɩ gyɩ bɩ leŋ wɩɩ tɩya ʋ malɩkasɩ hʋ mɛ gyɩ aa yaa wɩbɔmɔ. Ʋ vʋwa ba bee kyɔrʋmɔ rɛ a biŋ bʋʋluŋii aa bile ɩrɩp tɩyaŋ ba kɩ na tʋwara a kaŋ kɩ mʋ saŋa hʋ ʋ aa sɩ di nala buloŋ sarɩya.
5,"And during Noah's time, God did not have pity on the ungodly people of the world. He destroyed them with a flood, though he did save eight people, including Noah, who preached the truth.","Saŋa hʋ tɩyaŋ Nowa gyɩ aa we ʋ mɩɩbol tɩyaŋ, nala hʋ buloŋ gyɩ aa yaa wɩbɔmɔ, Wɩɩsɩ gyɩ bɩ kpa wɩɩ kyɛ ba. Ʋ gyɩ leŋ nɩɩ paa nɩbɔmɔ hʋ buloŋ aa we dʋnɩya tɩyaŋ nɛ, aŋ gyɩ laa Nowa bee nala bapɛ dʋŋ ta. Nowa gyɩ yaa tɩpʋlʋŋ tɩɩna rɛ a kɩ daga nala Wɩɩsɩ ŋmanɩɩ."
6,"God punished the cities of Sodom and Gomorrah by burning them to ashes, and this is a warning to anyone else who wants to sin.","Wɩɩsɩ gyɩ kyogi Sodɔm abee Gomora mɛ rɛ. Diŋ nɛ ʋ gyɩ kpa nyɔgɔ tɔbala no, ba buloŋ di a mʋ bɩrɩmɩ tʋwɔl. Wɩɩsɩ yaa gɛɛ rɛ dɩ ʋ yaa kyagɩl a daga ma wɩɩ hʋ aa sɩ puu nal hʋ buloŋ aa bee tɩŋa ʋ nyʋwa."
8,"Lot lived right and was greatly troubled by the terrible way those wicked people were living. He was a good man, and day after day he suffered because of the evil things he saw and heard. So the Lord rescued him.",Tɩpʋlʋŋ tɩɩna no gyɩ hɔŋ nɩbɔmɔ no tɩyaŋ nɛ á kɩ na aŋ pɛ kɩ nɩɩ wɩbɔmɔ hʋ buloŋ ba gyɩ aa yaa tɔnɩ hʋ tɩyaŋ kyɛɛ buloŋ. Wɩbɔmɔ no gyɩ aa dɔmɔ-ʋ rɛ kɩŋkaŋ.
9,This shows that the Lord knows how to rescue godly people from their sufferings and to punish evil people while they wait for the day of judgment.,"Wɩya no buloŋ aa yaa nyɛ, ba daga anɩɩ Wɩɩsɩ gyɩŋ ɛɛ hʋ ʋ aa sɩ yaa a laa tɩpʋlʋŋ tɩmma ta rɛ, a lɩɩ ba tʋwara tɩyaŋ, a bɩl gyɩŋ ŋmanɩɩ hʋ mɛ ʋ aa sɩ kpa a dɔgɩsɩ nɩbɔmɔ, a mʋ pele kyɛɛ hʋ ʋ aa sɩ di dʋnɩya nala sarɩya,"
10,The Lord is especially hard on people who disobey him and don't think of anything except their own filthy desires. They are reckless and proud and are not afraid of cursing the glorious beings in heaven.,"amarɩkpatɩya nala hʋ aa bɩ deŋ kɩ na Wɩɩsɩ aŋ kɩ yaa ba dʋŋʋ wɩlaama. Wɩnyɩyɛl dɩdagɩla no kaŋ kalɩŋbaanɩ rɛ weliŋ, a kɩ daga ba tɩɩ, á bee tɩya kɩna hʋ buloŋ aa we wɩɩsɩbee tɩyaŋ a kaŋ gaŋdarɩ gyɩrɩma, aŋ aa mɩɩgɩ kɩ tʋʋsɩ ba."
11,"Although angels are more powerful than these evil beings, even the angels don't dare to accuse them to the Lord.",Malɩkasɩ hʋ gba aa kaŋ dee a te wɩnyɩyɛl dɩdagɩla no ka ba bɩ basɩ wɩya kɩ tʋʋsɩ wɩɩsɩbee kɩna no Wɩɩsɩ sɩya tɩyaŋ.
12,These people are no better than senseless animals that live by their feelings and are born to be caught and killed. They speak evil of things they don't know anything about. But their own corrupt deeds will destroy them.,"Amɛ wɩɩ hʋ buloŋ nala no aa bɩ gyɩma ʋ sii, ba aa kaŋ kɩ kyogi rɛ. Ba kɩɩ gɛɛ rɛ anɩɩ bagɩla aa we doŋ dɩ ba kile kasɩ kɩ kpʋ dʋŋ wɩya. Wɩɩ hʋ kɛ buloŋ aa ko ko ba nyuu, ʋ rɛ ba kɩ yaa anɩɩ bagɩla gɛɛ. Ɛɛ tɩɩ rɛ ba mɛ sɩ sʋba ta anɩɩ bagɩla."
13,"They have done evil, and they will be rewarded with evil. They think it is fun to have wild parties during the day. They are immoral, and the meals they eat with you are spoiled by the shameful and selfish way they carry on.","Tʋwara hʋ buloŋ ba aa leŋ ba dɔŋtɩŋsɩ kɩ na haŋ tʋwara hʋ tɩɩ rɛ Wɩɩsɩ sɩ kpa tuŋ ba. Ba kɛ lee, sʋma nɩɩ rɛ yaa dɩ ba gɔllɩ kɩ yaa ba dʋŋʋ wɩlaama, haalɩ nala sɩɩ tɩyaŋ mɛ. Ba aa leŋ hɩɩsɩ kaŋ ma rɛ, beewɩya ba aa ko laŋŋɩ ma tɩyaŋ nɛ ma kɩ di kɩna anɩɩ ba aa yaa nɩkyirikyima, amɛ ba ha aa we ba dʋŋʋ wɩlaama hʋ tɩyaŋ mɛ rɛ a kɩ yaa."
14,"All they think about is having sex with someone else's husband or wife. There is no end to their wicked deeds. They trick people who are easily fooled, and their minds are filled with greedy thoughts. But they are headed for trouble!","Saŋa kɛ buloŋ, ba aa kɩ deŋ nɛ dɩ ba na haaŋ gara kɩ baŋ. Ba bee lɔlɔ wɩbɔmɔ yayɩ tɩyaŋ. Dɩ ba aa rɛ ko na nal hʋ Wɩɩsɩ laadii aa bɩ deye, ba aa mʋrɩ ʋ kɩ we wɩbɔmɔ yayɩ tɩyaŋ nɛ. Ba kaŋ tɩbal lɛ kɩŋkaŋ. Wɩɩsɩ bɩ sɩ maakyiye leŋ wɩɩ tɩya nala no iriŋ."
15,They have left the true road and have gone down the wrong path by following the example of the prophet Balaam. He was the son of Beor and loved what he got from being a crook.,Nala no vɩya Wɩɩsɩ ŋmanɩɩ rɛ aŋ kɩ tɩŋ ŋmanɩɩ hʋ Beyɔ biibaal Beelam gyɩ aa tɩŋ. Beelam gyɩ kyo dɩ ʋ tɩŋ wɩbɔmɔ yayɩ tɩyaŋ nɛ a na molbiye.
16,But a donkey corrected him for this evil deed. It spoke to him with a human voice and made him stop his foolishness.,"Amɛ ʋ gyɩ aa yaa gɛɛ rɛ Wɩɩsɩ leŋ ʋ kokumo basɩ ʋ sɩya wɩya tɩya ʋ abee nihuwobiŋ abee kokusi aa bee basɩ wɩya buloŋ, ɛɛ leŋ ʋ leŋ ʋ bambugiliŋ hʋ."
17,These people are like dried up water holes and clouds blown by a windstorm. The darkest part of hell is waiting for them.,"Wɩnyɩyɛl dɩdagɩla no kɩɩ gɛɛ rɛ anɩɩ bulli aa hɩɩsa, a kɩɩ gɛɛ anɩɩ taalsiime puwo viise ta. Wɩɩsɩ marɩ lee bilhuu aa bɩ kaŋ bigisii rɛ biŋ ba."
20,"When they learned about our Lord and Savior Jesus Christ, they escaped from the filthy things of this world. But they are again caught up and controlled by these filthy things, and now they are in worse shape than they were at first.","Dɩ nal lɛ ko laa á Tɩɩna abee á Laataal Yesu Krisita wɩya di, a kaŋ ʋ tɩɩ lɩɩ dʋnɩya wɩbɔmɔ hʋ aa kyogi ʋ tɩyaŋ, ka dɩ ʋ tɩɩna bɩl ko leŋ dɩ dʋnɩya wɩbɔmɔ no kaŋ dee ʋ nyuu tɩyaŋ, ɛɛ daga anɩɩ ba lɩmʋtenii tɩyaŋ, ba sɩ mɩɩgɩ lɔrɩ ʋ tɩɩna tɩyaŋ a te gɛɛ hʋ ʋ fa aa kɩya aŋ na ko laa Yesu wɩya di."
21,"They would have been better off if they had never known about the right way. Even after they knew what was right, they turned their backs on the holy commandments they were given.","Ʋ fa aa bɩ gyɩŋ wɩtɩɩ ŋmanɩɩ hʋ, ʋ rɛ kpɩya ʋ aa gyɩma aŋ kpa hal yɩya Wɩɩsɩ nyʋwa wɩya hʋ ba aa basɩ tɩya ʋ."
22,"What happened to them is just like the true saying, “A dog will come back to lick up its own vomit. A pig that has been washed will roll in the mud.”","Namagɩsɩ badɔmɔŋ tɩyaŋ ba baa “Vaha aa ugo rɛ aŋ mɩɩgɩ gʋla paa di.” “Dɩ ɩ kaŋ poriku fo nɩɩ mɛ, ʋ bɩl aa mɩɩgɩ ʋ mʋ ŋmaa kyɔgʋŋ nɛ.” Nala no aa yaa nyɛ daga anɩɩ namagɩsɩ no yaa wɩtɩɩ rɛ."
2,what God's prophets said would happen. You must never forget what the holy prophets taught in the past. And you must remember what the apostles told you our Lord and Savior has commanded us to do.,Ŋ aa kyɛ dɩ ma kɩ liisi wɩya hʋ Wɩɩsɩ tɩŋdaala gyɩ aa basa faafaa buloŋ nɛ abee wɩya hʋ á Laataal abee á Tɩɩna Yesu aa leŋ ámaa ʋ kpambɩsɩ hʋ aa we ma lee basɩ tɩya ma.
3,But first you must realize that in the last days some people won't think about anything except their own selfish desires. They will make fun of you,"Wɩɩ hʋ ŋ aa kyɛ ma laa sɩya gyɩma rɛ nyɛ: Saŋa hʋ dʋnɩya aa sɩ ko kpaga tenii, nala badɔmɔŋ sɩ kɩ tɩŋ ba tɩɩ dʋŋʋ wɩyaabɔmɔ tɩyaŋ. Ba sɩ kɩ yaa ma sɩya abaa,"
5,They will say this because they want to forget that long ago the heavens and the earth were made at God's command. The earth came out of water and was made from water.,"Nala hʋ aa basɩ wɩya no paalɩ paga rɛ a bee kyɛ dɩ ba laa di anɩɩ faafaa buloŋ Wɩɩsɩ nyʋwa wɩbasɩya rɛ leŋ wɩɩsɩnyuu abee taŋha we doŋ, a bee kyɛ dɩ ba laa di mɛ anɩɩ nɩɩ tɩyaŋ nɛ Wɩɩsɩ tɩŋa a marɩ taŋha, a kaŋ taŋha lɩɩ nɩɩ tɩyaŋ."
6,Later it was destroyed by the waters of a mighty flood.,Nɩɩ mɛ rɛ Wɩɩsɩ gyɩ leŋ ʋ tɔ faafaa dʋnɩya hʋ gyɩ aa we doŋ a kyogi ʋ buloŋ.
8,"Dear friends, don't forget that for the Lord one day is the same as","Amɛ ŋ naabiikpɩyanama, ma ta yeŋŋi sɩfɩyaŋ wɩɩ no. Wɩɩsɩ kɛ lee, kyɛdɩgɩ kɩɩ gɛɛ rɛ anɩɩ bisi tusi, bisi tusi mɛ kɩɩ gɛɛ anɩɩ kyɛdɩgɩ."
9,"The Lord isn't slow about keeping his promises, as some people think he is. In fact, God is patient, because he wants everyone to turn from sin and no one to be lost.","Nala badɔmɔŋ aa bɩɩnɩ anɩɩ Wɩɩsɩ fɩyɛla rɛ abee wɩya hʋ ʋ aa baa ʋ sɩ yaa tɩyaŋ. Amɛ ɛɛ daa, ma wɩya rɛ tɩŋ ʋ kɩ di kenyiri, beewɩya ʋ bee kyɛ dɩ ma kɩdɩgɩ buloŋ ko nyʋgɩsɩ. Ʋ aa kyɛ dɩ nal buloŋ bɩrɩmɩ lɩɩ ʋ wɩbɔmɔ tɩyaŋ nɛ."
10,"The day of the Lord's return will surprise us like a thief. The heavens will disappear with a loud noise, and the heat will melt the whole universe. Then the earth and everything on it will be seen for what they are.",Amɛ kyɛɛ hʋ á Tɩɩna Yesu aa sɩ mɩɩgɩ ko ʋ sɩ ko pirigi ma tɩyaŋ gɛɛ rɛ anɩɩ gaal. Haŋ kyɛɛ hʋ wɩɩsɩnyuu sɩ nyʋgɩsɩ abee hʋʋrɩbal kɩdɩgɩ. Kɩna buloŋ aa we wɩɩsɩnyuu abee taŋha buloŋ mɛ sɩ di diŋ a tʋwɔlɩ.
13,"But God has promised us a new heaven and a new earth, where justice will rule. We are really looking forward to this!","Amɛ á kɛ, á aa gyegili wɩɩsɩnyufalɩɩ abee taŋhafalɩɩ hʋ wɩya Wɩɩsɩ aa wee nyʋwa rɛ, lee hʋ tɩpʋlʋŋ tɩmma dʋŋ aa sɩ we."
14,"My friends, while you are waiting, you should make certain the Lord finds you pure, spotless, and living at peace.","Ɛɛwɩya, ŋ kyaŋweliye, ma aa kaŋ wɩya no bayɩyɛla nyɛ, ma yaa sɩfɩyaŋ a leŋ dɩ ma gyogo weliye, ka dɩ kyɛɛ hʋ rɛ ko pele, dɩ ma ta kaŋ wɩkyogii buloŋ, ka dɩ ma bee Wɩɩsɩ wɩya mɛ weliye."
15,Don't forget that the Lord is patient because he wants people to be saved. This is also what our dear friend Paul said when he wrote you with the wisdom God had given him.,Ma gyɩma weliŋ anɩɩ wɩɩ hʋ aa tɩŋ Wɩɩsɩ kɩ di kenyiri rɛ yaa ʋ aa kyɛ dɩ ʋ leŋ nal nal buloŋ na ŋmanɩɩ rɛ a na ʋ laatayɩ. Wɩya no tɩɩ rɛ Wɩɩsɩ gyɩ tɩya á nɩɩnabiikyoolii Pɔɔl wɩgyʋŋ ʋ mɛ basɩ tɩya ma ʋ tenni hʋ buloŋ ʋ aa saba tɩyaŋ.
16,"Paul talks about these same things in all his letters, but part of what he says is hard to understand. Some ignorant and unsteady people even destroy themselves by twisting what he said. They do the same thing with other Scriptures too.","Wɩya no tɩɩ rɛ ʋ aa kɩ sabɩ ʋ tenni hʋ buloŋ tɩyaŋ. Ʋ tenni hʋ tɩyaŋ wɩya badɔmɔŋ we doŋ a yaa wɩduwoni. Nala aa bɩ gyɩŋ wɩɩ buloŋ abee nala hʋ aa bɩ sɩŋ wɩdɩgɩ tɩyaŋ, ba aa kaŋ wɩya no kɩ vʋgɩmɩ rɛ anɩɩ gɛɛ ba aa kaŋ Wɩɩsɩ teŋ wɩkaalɩya hʋ buloŋ mɛ kɩ vʋgɩmɩ. Ba aa yaa nyɛ baloo rɛ ba yɩrɩ kɩ tɩya ba tɩɩ gɛɛ."
17,"My dear friends, you have been warned ahead of time! So don't let the errors of evil people lead you down the wrong path and make you lose your balance.","Ma kɛ, ŋ kyaŋweliye, ma gyɩŋ wɩya no buloŋ nɛ. Ɛɛwɩya, ma pɔ ma tɩɩ dɩ nala hʋ aa bee tɩŋ Wɩɩsɩ nyʋwa ta ko wuwo mʋrɩ ma dɩ ma tɩŋ ba wɩnyɩyɛl hʋ, aŋ kpa wɩtɩɩ hʋ ma aa laa di ʋ kaŋ ma sɩgɩ weliŋ hʋ a ta."
18,Let the gift of undeserved grace and the understanding that come from our Lord and Savior Jesus Christ help you keep on growing. Praise Jesus now and forever! Amen.,"Ŋ aa kyɛ dɩ ma marɩ kɩ na á Tɩɩna abee á Laataal Yesu Krisita bɔnyɛ hʋ ʋ aa kpa kɩ daga ma yʋga rɛ, aŋ marɩ gyɩma ʋ weliŋ mɛ. Ʋ rɛ maga dɩ á kɩ dannɩ ʋ a lɩɩ gyɩnaŋ a kaŋ kɩ mʋ maakyiye buloŋ. Amɩ."
1,"The Word that gives life was from the beginning, and this is the one our message is about. Our ears have heard, our eyes have seen, and our hands have touched this Word.","Nal hʋ aa we doŋ a lɩɩ dʋnɩya piilii tɩyaŋ buloŋ, ʋ wɩya rɛ ŋ sabɩ kɩ tɩya ma nyɛ. Á nɩɩ ʋ wɩbasɩɩ rɛ, a na ʋ mɛ. Á naa ʋ rɛ abee á sɩya, a dige ʋ mɛ abee á nosi. Ʋ rɛ yaa Yesu Krisita, Wɩbii hʋ aa tɩya mɩɩbol aa bɩ kaŋ tenii."
2,"The one who gives life appeared! We saw it happen, and we are witnesses to what we have seen. Now we are telling you about this eternal life that was with the Father and appeared to us.","Wɩɩsɩ kpaa nal no aa tɩya mɩɩbol hʋ aa lɩɩ ʋ tɩɩ lee rɛ a daga ma, á na ʋ. Lagɩlagɩ no, ʋ wɩya rɛ á kɩ di daŋsɩya, a heeli basɩ kɩ tɩya ma anɩɩ ʋ rɛ aa tɩya mɩɩbol hʋ aa bɩ kaŋ tenii. Ʋ gyɩ we á Kuwo Wɩɩsɩ lee rɛ, ka ʋ ko kpa ʋ daga ma."
3,"We are telling you what we have seen and heard, so you may share in this life with us. And we share in it with the Father and with his Son Jesus Christ.","Nal hʋ á tɩɩ aa naa abee á sɩya, aŋ nɩɩ ʋ wɩbasɩɩ mɛ abee á dɩgɩna, ʋ wɩya rɛ á basɩ kɩ tɩya ma. Á basɩ kɩ tɩya ma rɛ, dɩ ma mɛ wuwo ko pɛ á nala hʋ bee Wɩɩsɩ abee ʋ biye Yesu Krisita aa yaa kɩdɩgɩ tɩyaŋ."
4,"We are writing to tell you these things, because this makes us truly happy. God Is Light","Á aa kyɛ dɩ á teŋfɩyɛlʋʋ no ko yaa teŋfɩyɛl-piliŋ nɛ, ɛɛ rɛ tɩŋ ŋ sabɩ wɩya no kɩ tɩya ma. Wɩɩsɩ yaa kyaanʋʋ rɛ"
5,Jesus told us God is light and doesn't have any darkness in him. Now we are telling you.,"Duwoso hʋ Wɩɩsɩ biye hʋ tɩɩ aa kpaa tɩya ma, á mɛ heeli basɩ kɩ tɩya ma, ʋ rɛ nyɛ: Wɩɩsɩ yaa kyaanʋʋ rɛ, bilhuu mʋhʋ buloŋ tuwo ʋ tɩyaŋ."
6,"If we say we share in life with God and keep on living in the dark, we are lying and are not living by the truth.","Ɛɛwɩya, dɩ ámaa rɛ yaŋ baa á bee Wɩɩsɩ yaa kɩdɩgɩ rɛ, aŋka á ha we bilhuu tɩyaŋ, ɛɛ daga anɩɩ á yaa wɩnyɩyɛla rɛ, aŋ bee tɩŋ Wɩɩsɩ nyʋwa mɛ."
7,"But if we live in the light, as God does, we share in life with each other. And the blood of his Son Jesus washes all our sins away.","Amɛ dɩ ámaa rɛ we kyaanʋʋ tɩyaŋ, anɩɩ Wɩɩsɩ mɛ aa we kyaanʋʋ tɩyaŋ gɛɛ, ɛɛ daga anɩɩ á bee á dɔŋtɩŋsɩ yaa kɩdɩgɩ rɛ, ka Wɩɩsɩ biye Yesu Krisita kyal leŋ á yaa tɩpʋlʋŋ tɩmma."
8,"If we say we have not sinned, we are fooling ourselves, and the truth isn't in our hearts.","Dɩ ámaa rɛ ko baa á bɩ kaŋ wɩbɔŋ, á tɩɩ rɛ á kɩ mʋrɩ, ka Wɩɩsɩ wɩtɩɩ hʋ mɛ tuwo á tɩsɩ tɩyaŋ."
10,"If we say we have not sinned, we make God a liar, and his message isn't in our hearts.","Dɩ ámaa rɛ ko baa á bɩ yaa wɩbɔŋ buloŋ, ɛɛ kɛ, á kaŋ Wɩɩsɩ yɩrɩ wɩnyɩyɛl lɛ gɛɛ. Nyɛ mɛ yaŋ daga anɩɩ wɩya hʋ ʋ aa basɩ tɩya ma mɛ tuwo á hakɩllɩ tɩyaŋ."
1,"My children, I am writing this so you won't sin. But if you do sin, Jesus Christ always does the right thing, and he will speak to the Father for us.","Ŋ balɩya, ŋ sabɩ wɩya no kɩ tɩya ma rɛ, dɩ ma ta kɩ yaa wɩbɔmɔ. Amɛ dɩ ma kɩdɩgɩ buloŋ nɛ ha ko yaa wɩbɔŋ, á kaŋ nal lɛ, ʋ sɩŋ á kuwo Wɩɩsɩ sɩya, a sʋla ʋ kɩ tɩya ma. Nal no rɛ yaa Yesu Krisita, Tɩpʋlʋŋ tɩɩna hʋ."
3,"When we obey God, we are sure we know him.","Dɩ ámaa rɛ ko kɩ tɩŋ Wɩɩsɩ nyʋwa, ɛɛ daga anɩɩ á gyɩŋ Wɩɩsɩ rɛ."
4,"But if we claim to know him and don't obey him, we are lying and the truth isn't in our hearts.","Ɛɛwɩya, dɩ nal lɛ baa ʋ gyɩŋ Wɩɩsɩ rɛ, aŋ bee tɩŋ Wɩɩsɩ nyʋwa, ʋ tɩɩna yaa wɩnyɩyɛl lɛ, ka Wɩɩsɩ wɩtɩɩ hʋ mɛ tuwo ʋ tɩya tɩyaŋ."
5,"We truly love God only when we obey him as we should, and then we know we belong to him.","Amɛ nal hʋ kɛ buloŋ aa tɩŋ Wɩɩsɩ nyʋwa, ʋ tɩɩna kyori suwo rɛ abee Wɩɩsɩ. Dɩ ámaa rɛ aa tɩŋ Wɩɩsɩ nyʋwa, ɛɛ rɛ á sɩ wuwo kpa gyɩma anɩɩ á bee Wɩɩsɩ kɔnɩ yaa kɩdɩgɩ rɛ."
6,"If we say we are his, we must follow the example of Christ. The New Commandment","Nal hʋ buloŋ aa baa ʋ bee Wɩɩsɩ yaa kɩdɩgɩ rɛ, ʋ tɩɩna maga dɩ ʋ kɩ tɩŋ Yesu Krisita naabʋʋsɩ rɛ ʋ mɩɩbol buloŋ tɩyaŋ. Wɩɩsɩ baa dɩ á kyo dɔmɔŋ"
7,"My dear friends, I am not writing to give you a new commandment. It is the same one you were first given, and it is the message you heard.","Ŋ kyaŋweliye, mɩra no ŋ aa saba kɩ tɩya ma, ʋ bɩ yaa wɩɩ ma ha aa bɩ maakyiye nɩɩ. Haŋ mɩrɩbɩnɩɩ hʋ ma aa gyɩma a lɩɩ saŋa hʋ tɩyaŋ ma aa laa Yesu Krisita wɩya di buloŋ, ʋ rɛ ha. Mɩra no yaa faafaa buloŋ wɩɩ rɛ, ʋ rɛ yaa duwoso hʋ ma foŋ aa nɩya."
8,"But it really is a new commandment, and you know its true meaning, just as Christ does. You can see the darkness fading away and the true light already shining.","Abee gɛɛ buloŋ, ʋ bɩrɩmɩ mɩrɩfalɩɩ rɛ ŋ biŋ kɩ tɩya ma. Yesu Krisita mɩɩbol tɩyaŋ wɩyaalɩya daga anɩɩ ʋ yaa mɩrɩfalɩɩ rɛ, ma mɛ tɩɩ mɩɩbol tɩyaŋ wɩyaalɩya daga anɩɩ ʋ kɔnɩ yaa mɩrɩfalɩɩ rɛ, beewɩya, kyaanʋʋ tɩɩ hʋ teŋ piili kɩ kyaanɩ rɛ, ka bilhuu hʋ kɩ nyʋgɩsɩ."
9,"If we claim to be in the light and hate someone, we are still in the dark.","Ɛɛwɩya, dɩ nal buloŋ nɛ ko baa ʋ we kyaanʋʋ hʋ tɩyaŋ nɛ, aŋ ha haasɩ ʋ dɔŋtɩɩna, ɛɛ daga anɩɩ ʋ tɩɩna ha we bilhuu tɩyaŋ nɛ, abee gyɩnaŋ buloŋ."
10,"But if we love others, we are in the light, and we don't cause problems for them.","Amɛ nal hʋ buloŋ aa kyo ʋ dɔŋtɩɩna, ʋ tɩɩna we kyaanʋʋ tɩyaŋ nɛ. Wɩɩ mɛ buloŋ tuwo ʋ tɩyaŋ aa sɩ leŋ dɩ ʋ ŋmaa naaŋ."
11,"If we hate others, we are living and walking in the dark. We don't know where we are going, because we can't see in the dark.","Amɛ nal hʋ buloŋ aa haasɩ ʋ dɔŋtɩɩna, ʋ we bilhuu tɩyaŋ nɛ. Ʋ aa vala bilhuu tɩyaŋ nɛ, a bɩ gyɩŋ lee hʋ ʋ aa mʋʋ, beewɩya bilhuu hʋ leŋ ʋ nyʋlɩmɩ rɛ."
12,"Children, I am writing you, because your sins have been forgiven in the name of Christ.","Ŋ balɩya, Wɩɩsɩ kpaa ma wɩbɔmɔ kyɛ ma rɛ Yesu Krisita nyubaanɩŋ. Ɛɛ rɛ tɩŋ ŋ sabɩ wɩya no kɩ tɩya ma."
13,"Parents, I am writing you, because you have known the one who was there from the beginning. Young people, I am writing you, because you have defeated the evil one.","Kuwoma, ma gyɩŋ nal hʋ aa we doŋ a lɩɩ dʋnɩya piilii tɩyaŋ buloŋ nɛ, ɛɛ rɛ tɩŋ ŋ sabɩ wɩya no kɩ tɩya ma. Bapʋwasɩya, ma yuwo di Sɩtaanɩ rɛ, ɛɛ rɛ tɩŋ ŋ sabɩ wɩya no kɩ tɩya ma mɛ. Ŋ biikyooliye, ma gyɩŋ á kuwo Wɩɩsɩ rɛ, ɛɛ rɛ tɩŋ ŋ sabɩ wɩya no kɩ tɩya ma."
14,"Children, I am writing you, because you have known the Father. Parents, I am writing you, because you have known the one who was there from the beginning. Young people, I am writing you, because you are strong. God's message is firm in your hearts, and you have defeated the evil one.","Kuwoma, ma gyɩŋ nal hʋ aa we doŋ a lɩɩ dʋnɩya piilii tɩyaŋ buloŋ nɛ, ɛɛ rɛ tɩŋ ŋ sabɩ wɩya no kɩ tɩya ma. Bapʋwasɩya, ma Wɩɩsɩ laadii sɩŋ weliŋ nɛ, Wɩɩsɩ wɩbii hʋ mɛ we ma tɩsɩ tɩyaŋ, ma yuwo di Sɩtaanɩ, ɛɛ rɛ tɩŋ ŋ sabɩ wɩya no kɩ tɩya ma. Ma ta kpaa ma hakɩllɩ we dʋnɩya kɩna tɩyaŋ"
15,"Don't love the world or anything that belongs to the world. If you love the world, you cannot love the Father.","Ma ta kpaa ma hakɩllɩ we dʋnɩya bee ʋ kɩna tɩyaŋ. Dɩ nal lɛ kpaa ʋ hakɩla we dʋnɩya kɩna tɩyaŋ, ɛɛ daga anɩɩ ʋ bɩ kyo á Kuwo Wɩɩsɩ."
18,"Children, this is the last hour. You heard that the enemy of Christ would appear at this time, and many of Christ's enemies have already appeared. So we know the last hour is here.","Ŋ biikpɩyanama, dʋnɩya no tenii kpaga rɛ! Á gyɩ laa sɩya basɩ tɩya ma rɛ anɩɩ dɩ dʋnɩya no tenii rɛ ko kpaga, Yesu Krisita dɔŋ hʋ sɩ ko. Ka lagɩlagɩ no, á naa dɩ Yesu Krisita dɔmɔ yʋga rɛ a we doŋ. Nyɛ rɛ tɩŋ á gyɩma anɩɩ dʋnɩya hʋ tenii kɔnɩ kpaga rɛ."
19,"These people came from our own group, yet they were not really part of us. If they had been part of us, they would have stayed with us. But they left, which proves they did not belong to our group.","Nala no gyɩ we á tɩyaŋ nɛ, amɛ á beel-ba gyɩ bɩ yaa kɩdɩgɩ. Ɛɛ rɛ tɩŋ ba gyɩ lɩɩ á tɩyaŋ. Dɩ á beel-ba gyɩ fa yaa kɩdɩgɩ rɛ, ba fa bee lɩɩ á tɩyaŋ. Amɛ ba aa lɩya hʋ, ɛɛ leŋ nal buloŋ gyɩma rɛ anɩɩ á beel-ba kɔnɩ bɩ yaa kɩdɩgɩ."
20,"Christ, the Holy One, has blessed you, and now all of you understand.","Amɛ ma kɛ gyɩŋ wɩtɩɩ hʋ rɛ, beewɩya Krisita kpa ʋ Wiyesi Welii hʋ we ma tɩyaŋ nɛ."
21,"I did not need to write you about the truth, since you already know it. You also know that liars do not belong to the truth.",Ʋ bɩ kɩɩ nɩɩ ma aa bɩ gyɩŋ wɩtɩɩ hʋ wɩya rɛ tɩŋ ŋ sabɩ teŋ no kɩ tɩya ma nyɛ. Amɛ ma aa gyɩŋ wɩtɩɩ hʋ wɩya rɛ tɩŋ ŋ sabɩ ʋ kɩ tɩya ma. Ma yaŋ bɩl gyɩma rɛ anɩɩ wɩnyɩyɛl bee wɩtɩɩ bɩ sɩ wuwo tɩŋ dɔmɔŋ.
26,I am writing to warn you about those people who are misleading you.,Nala hʋ aa kyɛ dɩ ba mʋrɩ ma wɩya rɛ ŋ sabɩ wɩya no kɩ tɩya ma.
27,"But Christ has blessed you with the Holy Spirit. Now the Spirit stays in you, and you don't need any teachers. The Spirit is truthful and teaches you everything. So stay one in your heart with Christ, just as the Spirit has taught you to do. Children of God","Amɛ ma kɛ, Yesu Krisita kpa ʋ Wiyesi Welii hʋ we ma tɩyaŋ nɛ. Dɩ mamaa rɛ ko leŋ dɩ Wiyesi Welii hʋ we ma tɩsɩ tɩyaŋ, ma bɩl bɩ sɩ kɩ kyɛ nɩdɩma buloŋ dɩ ʋ dagɩ ma. Beewɩya ʋ Wiyesi Welii hʋ aa wuwo dagɩ ma wɩɩ kɛ buloŋ nɛ. Wɩya hʋ buloŋ ʋ aa dagɩ ma yaa wɩtɩɩ rɛ, ʋ bee mʋrɩ ma. Ɛɛ nyuniŋ, ma kɩ tɩŋ Wiyesi Welii hʋ dagɩɩ, a kpa ma tɩɩma abee ma wɩɩ buloŋ a we Yesu Krisita nosi tɩyaŋ."
28,"Children, stay one in your hearts with Christ. Then when he returns, we will have confidence and won't have to hide in shame.","Wɩtɩɩ rɛ, ŋ balɩya, ma leŋ dɩ á marɩ kpa a tɩɩ we Yesu Krisita nosi tɩyaŋ. Dɩ ámaa rɛ yaa gɛɛ, haŋ kyɛɛ hʋ ʋ aa sɩ maakyiye ko, kambɩŋ bee sɩhɩɩsɩ bɩ sɩ kaŋ ma dɩ á gɔllɩ kɩ kyɛ lɩfaŋɩya."
1,"Think how much the Father loves us. He loves us so much that he lets us be called his children, as we truly are. But since the people of this world did not know who Christ is, they don't know who we are.","Ma na á Kuwo Wɩɩsɩ aa kyo ma maga gɛɛ! Ʋ kyo ma rɛ kɩŋkaŋ, haalɩ a kaŋ ma kɩ yɩrɩ ʋ biisi. Wɩtɩɩ, á mɛ kɔnɩ yaa Wɩɩsɩ biisi rɛ. Dʋnɩya nala bɩ gyɩma anɩɩ á yaa Wɩɩsɩ biisi, beewɩya ba bɩ gyɩŋ Wɩɩsɩ mɛ tɩɩ."
2,"My dear friends, we are already God's children, though what we will be hasn't yet been seen. But we do know when Christ returns, we will be like him, because we will see him as he truly is.","Ŋ kyaŋweliye, lagɩlagɩ no sɩɩ bʋwaŋ, á yaa Wɩɩsɩ biisi rɛ. Amɛ gɛɛ hʋ á aa sɩ maakyiye kɩɩ, Wɩɩsɩ ha bɩ leŋ á gyɩma mʋ teŋ. Amɛ, á gyɩma anɩɩ saŋa hʋ Yesu Krisita aa sɩ mɩɩgɩ ko, á mɛ sɩ mɩɩgɩ kɩɩ ʋ, beewɩya á sɩ na ʋ, a gyɩŋ nal hʋ iriŋ ʋ aa yaa."
4,"Everyone who sins breaks God's law, because sin is the same as breaking God's law.","Nal hʋ buloŋ aa yaa wɩbɔmɔ, ʋ tɩɩna aa kyogi Wɩɩsɩ mɩrɩsɩ rɛ, beewɩya wɩbɔŋ yayɩ rɛ yaa ɩ aa kyogi Wɩɩsɩ mɩra."
6,"and people who stay one in their hearts with him won't keep on sinning. If they do keep on sinning, they don't know Christ, and they have never seen him.","Ɛɛwɩya, nal hʋ buloŋ bee Yesu Krisita aa yaa kɩdɩgɩ, ʋ bɩ vɩya aŋ yaa wɩbɔmɔ kɩ mʋ deŋdeŋ. Ɛɛ mɛ daga anɩɩ nal hʋ buloŋ aa vɩya aŋ yaa wɩbɔmɔ kɩ mʋ deŋdeŋ, ʋ tɩɩna ha bɩ maakyiye na Yesu Krisita koo a gyɩŋ nal hʋ ʋ aa yaa."
8,"Anyone who keeps on sinning belongs to the devil. He has sinned from the beginning, but the Son of God came to destroy all that he has done.","Nal buloŋ ha aa vɩya aŋ kɩ yaa wɩbɔmɔ, ʋ tɩɩna yaa Sɩtaanɩ noŋ nal lɛ, beewɩya Sɩtaanɩ kɛ paalɩ yaa wɩbɔŋyaal lɛ, a lɩɩ dʋnɩya piilii tɩyaŋ buloŋ. Wɩɩ hʋ aa tɩŋ Wɩɩsɩ Biye hʋ ko tuu dʋnɩya rɛ nyɛ: Ʋ ko dɩ ʋ kyogi Sɩtaanɩ wɩkanɩya buloŋ ta rɛ."
9,"God's children cannot keep on being sinful. His life-giving power lives in them and makes them his children, so they cannot keep on sinning.","Nal hʋ buloŋ aa yaa Wɩɩsɩ biye, ʋ bɩ vɩya aŋ yaa wɩbɔmɔ kɩ mʋ deŋdeŋ, beewɩya ʋ mɩɩgɩ kaŋ Wɩɩsɩ gyogo rɛ. Ʋ bɩ sɩ wuwo vɩya aŋ ha kɩ yaa wɩbɔmɔ, beewɩya Wɩɩsɩ rɛ yaa ʋ kuwo."
10,"You can tell God's children from the devil's children, because those who belong to the devil refuse to do right or to love each other. Love Each Other","Wɩɩ no rɛ á sɩ wuwo kpa gyɩŋ nala hʋ aa yaa Wɩɩsɩ biisi abee nala hʋ aa yaa Sɩtaanɩ biisi. Nal hʋ buloŋ aa bee yaa wɩweliye abee wɩya hʋ aa kpaa ŋmanɩɩ, koo a bɩ kyo ʋ dɔŋtɩŋsɩ, ʋ tɩɩna bɩ yaa Wɩɩsɩ biye. Ma kyo dɔmɔŋ"
11,From the beginning you were told we must love each other.,Duwoso hʋ ma aa nɩya a lɩɩ saŋa hʋ tɩyaŋ ma aa laa Yesu wɩya di rɛ yaa dɩ á kyo dɔmɔŋ.
12,"Don't be like Cain, who belonged to the devil and murdered his own brother. Why did he murder him? He did it because his brother was good, and he was evil.","Ʋ bɩ maga dɩ á kɩɩ Keeŋ. Keeŋ gyɩ yaa Sɩtaanɩ noŋ nal lɛ, a gyɩ kpʋ ʋ naabiibaal Abɛl. Bee rɛ tɩŋ Keeŋ gyɩ kpʋ ʋ naabiye hʋ? Wɩɩ hʋ aa tɩŋ nɛ nyɛ: Keeŋ wɩyaalɩya buloŋ gyɩ bɩ kpaa ŋmanɩɩ, ka ʋ naabiye hʋ kɛ gyɩ kɩ yaa wɩweliye."
13,"My friends, don't be surprised if the people of this world hate you.","Ɛɛwɩya, ŋ naabalɩya, ma ta leŋ dɩ ʋ yaa ma wɩkperii dɩ dʋnɩya nala rɛ ko haasɩ ma."
14,"Our love for each other proves we have gone from death to life. But if you don't love each other, you are still under the power of death.","Á gyɩma anɩɩ á kɛ lɩɩ sʋʋ bʋwa tɩyaŋ nɛ a mɩɩgɩ kaŋ mɩɩbol aa bɩ kaŋ tenii. Á aa kyo á dɔŋtɩŋsɩ rɛ tɩŋ á gyɩŋ nyɛ tɩyaŋ. Nal hʋ buloŋ aa bɩ kyo ʋ dɔŋtɩŋsɩ, sʋʋ ha kaŋ dee ʋ nyuu tɩyaŋ nɛ."
15,"If you hate each other, you are murderers, and we know murderers do not have eternal life.","Nal hʋ buloŋ aa haasɩ ʋ dɔŋtɩɩna, ʋ yaa nɩkpʋʋl lɛ Wɩɩsɩ sɩya tɩyaŋ. Na ma yaŋ gyɩma anɩɩ nɩkpʋʋl kɛ buloŋ bɩ kaŋ mɩɩbol aa bɩ kaŋ tenii?"
16,We know what love is because Jesus gave his life for us. This is why we must give our lives for each other.,Yesu Krisita aa kpaa ʋ mɩɩbol lenni sʋʋ á wɩya rɛ leŋ á gyɩŋ gɛɛ kyori aa kɩya. Ʋ yaŋ maga dɩ á mɛ kpa á mɩɩbolo kɩ lenni sʋʋ á dɔŋtɩŋsɩ wɩya rɛ.
17,"If we have all we need and see one of our own people in need, we must have pity on that person, or else we cannot say we love God.","Dɩ nal lɛ kaŋ kɩna, aŋ gyɩma anɩɩ ʋ dɔŋtɩɩna aa kyɛ kɩŋ kɩdɩgɩ, ka dɩ ʋ yaa tahaa, a bɩ kyiyeli ʋ dɔŋtɩɩna hʋ abee kɩŋ hʋ ʋ aa kyɛ, ɛɛ rɛ ʋ sɩ yaa baa dɩ ʋ kyo Wɩɩsɩ rɛ?"
19,"When we love others, we know we belong to the truth, and we feel at ease in the presence of God.","Dɩ ámaa rɛ kyo dɔmɔŋ wɩtɩɩ tɩyaŋ nyɛ, ɛɛ rɛ á sɩ kpa gyɩma anɩɩ á aa tɩŋ wɩtɩɩ hʋ rɛ. Nyɛ rɛ sɩ leŋ dɩ kambɩŋ ta kaŋ ma Wɩɩsɩ sɩya tɩyaŋ, haalɩ"
20,"But even if we don't feel at ease, God is greater than our feelings, and he knows everything.","dɩ á hakɩllɩ rɛ aa dagɩ ma anɩɩ á yaa wɩɩ kyogi mɛ rɛ. Beewɩya, á gyɩma anɩɩ Wɩɩsɩ rɛ tee á bee á hakɩllɩ buloŋ, a gyɩŋ á wɩɩ buloŋ mɛ."
21,"Dear friends, if we feel at ease in the presence of God, we will have the courage to come near him.","Ɛɛwɩya, ŋ kyaŋweliye, dɩ á hakɩllɩ rɛ ko bɩ daga ma anɩɩ á yaa wɩɩ kyogi rɛ, á bɩ kaŋ wɩɩ á aa sɩ kɩ fá hɩɩsɩ Wɩɩsɩ sɩya tɩyaŋ."
23,God wants us to have faith in his Son Jesus Christ and to love each other. This is also what Jesus taught us to do.,"Sɩfɩyaŋ wɩɩ hʋ Wɩɩsɩ aa kyɛ dɩ á yaa rɛ nyɛ: Dɩ á laa ʋ biye Yesu Krisita di, aŋ kyo dɔmɔŋ anɩɩ ʋ aa baa dɩ á kyo dɔmɔŋ gɛɛ."
24,"If we obey God's commandments, we will stay one in our hearts with him, and he will stay one with us. The Spirit he has given us is proof that we are one with him.","Nal hʋ buloŋ aa tɩŋ Wɩɩsɩ nyʋwa, ʋ tɩɩna bee Wɩɩsɩ yaa kɩdɩgɩ rɛ. Wɩɩsɩ aa kpaa ʋ Wiyesi Welii hʋ we á tɩyaŋ nɛ tɩŋ á gyɩma anɩɩ á bee Wɩɩsɩ yaa kɩdɩgɩ rɛ."
1,"Dear friends, don't believe everyone who claims to have the Spirit of God. Test them all to find out if they really do come from God. Many false prophets have already gone out into the world,","Ŋ kyaŋweliye, wɩnyɩyɛla rɛ suu lee buloŋ, a gɔllɩ kɩ mʋrɩ nala anɩɩ ba yaa Wɩɩsɩ wɩdagɩla rɛ. Ɛɛwɩya, ma ta pese laa nala hʋ aa baa dɩ Wɩɩsɩ wɩya rɛ ba kɩ basɩ buloŋ kɩ di. Amɛ ma sʋnnɩ ba weliŋ na dɩ wɩya hʋ baa aa dagɩ kɔnɩ lɩɩ Wɩɩsɩ lee rɛ koo ba bɩ lɩɩ Wɩɩsɩ lee."
3,"But when someone doesn't say this about Jesus, you know this person has a spirit that doesn't come from God and is the enemy of Christ. You knew this enemy was coming into the world and now is already here.","Amɛ nal hʋ kɛ buloŋ aa baa dɩ Yesu Krisita bɩ lɩɩ Wɩɩsɩ lee a ko tuu bɩrɩmɩ nihuwobiŋ, ʋ tɩɩna Wɩɩsɩ wɩya hʋ ʋ aa basɩ yaa wɩnyɩyɛl lɛ. Ʋ yaa Krisita dɔŋ hʋ noŋ nal lɛ, ʋ duwoso hʋ mɛ lɩɩ ʋ lee. Ba foŋ laa sɩya basɩ Krisita dɔŋ noŋ nala no koyi wɩya rɛ. Lagɩlagɩ no sɩɩ bʋwaŋ, ba we dʋnɩya tɩyaŋ daha."
4,"Children, you belong to God, and you have defeated these enemies. God's Spirit is in you and is more powerful than the one who is in the world.","Amɛ, ŋ balɩya, ma kɛ yaa Wɩɩsɩ biisi rɛ, a kaŋ wɩnyɩyɛla no dee, ba bɩ wuwo mʋrɩ ma, beewɩya Wɩɩsɩ Wiyesi Welii hʋ aa we ma tɩyaŋ, ʋ rɛ tee Sɩtaanɩ hʋ aa we dʋnɩya nala tɩyaŋ."
5,"These enemies belong to this world, and the world listens to them, because they speak its language.","Wɩnyɩyɛla no kɛ, ba yaa dʋnɩya no tɩyaŋ nala rɛ, aa kaŋ dʋnɩya no hakɩla a kɩ basɩ wɩya. Ɛɛ rɛ tɩŋ dʋnɩya nala mɛ aa gyegili kɩ nɩɩ ba wɩbasɩɩ."
6,"We belong to God, and everyone who knows God will listen to us. But the people who don't know God won't listen to us. This is how we can tell the Spirit that speaks the truth from the one that tells lies.","Amɛ á kɛ yaa Wɩɩsɩ biisi rɛ. Nal hʋ buloŋ aa gyɩŋ Wɩɩsɩ, ʋ aa gyegili kɩ nɩɩ á wɩbasɩɩ rɛ. Amɛ nal hʋ buloŋ aa bɩ yaa Wɩɩsɩ biye, ʋ bɩ laa nyʋwa gyegili kɩ nɩɩ á wɩbasɩɩ. Wɩɩ no rɛ á sɩ kpa gyɩma dɩ nal kɩdɩgɩ buloŋ wɩdagɩya lɩɩ Wɩɩsɩ Wiyesi Welii hʋ aa yaa wɩtɩɩ tɩɩna lee rɛ, koo dɩ ʋ wɩdagɩya lɩɩ Sɩtaanɩ, nal hʋ aa yaa wɩnyɩyɛl lee rɛ. Ma leŋ dɩ á kyo dɔmɔŋ"
7,"My dear friends, we must love each other. Love comes from God, and when we love each other, it shows we have been given new life. We are now God's children, and we know him.","Ŋ kyaŋweliye, ma leŋ dɩ á kyo dɔmɔŋ, beewɩya Wɩɩsɩ lee rɛ kyori lɩɩ. Ma nal hʋ buloŋ aa kyo ʋ dɔŋtɩŋsɩ, ʋ tɩɩna yaa Wɩɩsɩ biye rɛ, a gyɩŋ Wɩɩsɩ mɛ."
8,"God is love, and anyone who doesn't love others has never known him.","Nal hʋ buloŋ aa bɩ kyo ʋ dɔŋtɩŋsɩ, ʋ tɩɩna bɩ gyɩŋ Wɩɩsɩ beewɩya Wɩɩsɩ rɛ yaa kyori."
9,God showed his love for us when he sent his only Son into the world to give us life.,Wɩɩsɩ taa ʋ biidɩgɩ dʋŋ nɛ ʋ ko tuu dʋnɩya dɩ á tɩŋa ʋ tɩyaŋ a kaŋ mɩɩbol aa bɩ kaŋ tenii. Nyɛ rɛ Wɩɩsɩ daga tɩya ma anɩɩ ʋ kyo ma rɛ.
10,"Real love isn't our love for God, but his love for us. God sent his Son to be the sacrifice by which our sins are forgiven.","Nyɛ rɛ yaa kyori tɩɩ: Ʋ bɩ kɩɩ nɩɩ ámaa rɛ fa kyo Wɩɩsɩ. Amɛ ʋ rɛ kyo ma, a ta ʋ Biye, ʋ ko tuu a kpa ʋ tɩɩ mɩɩbol lɩɩ wɩɩsʋlɩɩ, Wɩɩsɩ tɩŋ gɛɛ tɩyaŋ a kpa á wɩbɔmɔ kyɛ ma."
11,"Dear friends, since God loved us this much, we must love each other.","Ŋ kyaŋweliye, Wɩɩsɩ aa kyo ma kɩŋkaŋ nyɛ, ʋ maga dɩ á mɛ kyo dɔmɔŋ gɛɛ rɛ."
12,"No one has ever seen God. But if we love each other, God lives in us, and his love is truly in our hearts.","Nal buloŋ ha bɩ maakyiye na Wɩɩsɩ abee ʋ sɩɩ. Amɛ dɩ ámaa rɛ kyo dɔmɔŋ, á bee Wɩɩsɩ yaa kɩdɩgɩ rɛ, beewɩya ʋ leŋ á kyo dɔmɔŋ anɩɩ ʋ aa kyɛ gɛɛ rɛ."
13,"God has given us his Spirit. This is how we know we are one with him, just as he is one with us.",Wɩɩsɩ aa kpaa ʋ Wiyesi Welii hʋ we á tɩyaŋ nɛ tɩŋ á gyɩma anɩɩ á bee Wɩɩsɩ yaa kɩdɩgɩ rɛ.
14,God sent his Son to be the Savior of the world. We saw his Son and are now telling others about him.,"Ɛɛ mɛ dʋŋ daa. Á naa Yesu Krisita mɛ rɛ, a di daŋsɩya kɩ tɩya nala mɛ anɩɩ ʋ rɛ yaa Wɩɩsɩ biidɩgɩ dʋŋ hʋ ʋ aa taa ʋ ko tuu yaa dʋnɩya Laataal."
15,God stays one with everyone who openly says Jesus is the Son of God. This is how we stay one with God,"Nal hʋ buloŋ aa laa di, a suri ʋ nyʋwa basɩ anɩɩ Yesu rɛ yaa Wɩɩsɩ biye hʋ, ʋ tɩɩna bee Wɩɩsɩ yaa kɩdɩgɩ rɛ."
16,"and are sure God loves us. God is love. If we keep on loving others, we will stay one in our hearts with God, and he will stay one with us.","Kyori hʋ Wɩɩsɩ aa kana beel-ma, á tɩɩ paalɩ gyɩma ʋ rɛ, a yelli ʋ mɛ, beewɩya Wɩɩsɩ rɛ yaa kyori. Ma nal hʋ buloŋ aa we doŋ a kaŋ kyori, ʋ tɩɩna bee Wɩɩsɩ yaa kɩdɩgɩ rɛ."
18,A real love for others will chase those worries away. The thought of being punished is what makes us afraid. It shows we have not really learned to love.,"Lee hʋ kyori aa wee, kambɩŋ tuwo doŋ. Ɛɛwɩya, dɩ á kyori rɛ suwo abee Wɩɩsɩ, ɛɛ aa lɩɩ kambɩŋ buloŋ ta á tɩyaŋ nɛ. Nal hʋ aa gyɩma anɩɩ ba sɩ dɔgɩsɩ ʋ, ʋ rɛ kambɩŋ aa kana. Ɛɛ daga anɩɩ nal hʋ buloŋ aa fá Wɩɩsɩ kambɩŋ, ʋ kyori ha bɩ suwo abee Wɩɩsɩ."
20,"But if we say we love God and don't love each other, we are liars. We cannot see God. So how can we love God, if we don't love the people we can see?","Dɩ nal lɛ baa ʋ kyo Wɩɩsɩ rɛ, aŋ haasɩ ʋ dɔŋtɩɩna, ʋ tɩɩna yaa wɩnyɩyɛl lɛ. Beewɩya, ɛɛ rɛ ɩ sɩ yaa kyo Wɩɩsɩ, nal hʋ ɩ aa bee na abee ɩ sɩɩ, aŋ haasɩ ɩ dɔŋtɩɩna, nal hʋ ɩ aa na?"
21,The commandment that God has given us is: “Love God and love each other!”,"Wɩɩsɩ mɩra hʋ ʋ aa kpa biŋ ma rɛ nyɛ: Nal hʋ buloŋ aa kyo Wɩɩsɩ, ʋ maga dɩ ɩ kyo ɩ dɔŋtɩɩna mɛ rɛ."
1,"If we believe Jesus is truly Christ, we are God's children. Everyone who loves the Father will also love his children.","Nal hʋ buloŋ aa laa di anɩɩ Yesu rɛ yaa Krisita, laataal hʋ Wɩɩsɩ aa lɩya, ʋ tɩɩna yaa Wɩɩsɩ biye tɩɩ rɛ. Dɩ nal lɛ kyo biye kuwo, ʋ aa kyo biye hʋ mɛ rɛ."
2,"If we love and obey God, we know we will love his children.","Ɛɛwɩya, dɩ ámaa rɛ ko kyo Wɩɩsɩ, a kɩ tɩŋa ʋ nyʋwa mɛ, ɛɛ rɛ sɩ daga anɩɩ á kɔnɩ kyo Wɩɩsɩ biisi mɛ rɛ."
4,"Every child of God can defeat the world, and our faith is what gives us this victory.",Beewɩya Wɩɩsɩ biye buloŋ kaŋ dʋnɩya no dee rɛ. Á aa laa di anɩɩ Yesu yaa Wɩɩsɩ Biye rɛ tɩŋ á kaŋ dʋnɩya no dee.
5,No one can defeat the world without having faith in Jesus as the Son of God. Who Jesus Is,"Nal hʋ aa laa di anɩɩ Yesu rɛ yaa Wɩɩsɩ biye hʋ, ʋ tɩɩna dʋŋ nɛ kaŋ dʋnɩya no dee."
7,"In fact, there are three who tell about it.",Wɩɩ no daŋsɩya diile yaa boto rɛ. Ba aa rɛ nyɛ:
10,"If we have faith in God's Son, we have believed what God has said. But if we don't believe what God has said about his Son, it is the same as calling God a liar.","Ɛɛwɩya, nal hʋ buloŋ aa laa Wɩɩsɩ biye hʋ wɩya di, ʋ tɩɩna gyɩma ʋ tɩya tɩyaŋ anɩɩ wɩya hʋ buloŋ Wɩɩsɩ aa basa a tile ʋ Biye hʋ tɩyaŋ yaa wɩtɩɩ rɛ. Amɛ nal hʋ buloŋ aa bɩ laa Wɩɩsɩ di wɩɩ no tɩyaŋ, ʋ tɩɩna daga anɩɩ Wɩɩsɩ yaa wɩnyɩyɛl lɛ, beewɩya ʋ bɩ laa daŋsɩya wɩɩ hʋ Wɩɩsɩ aa basa ʋ biye hʋ lugo tɩyaŋ di."
11,God has also said he gave us eternal life and this life comes to us from his Son.,Daŋsɩya wɩɩ hʋ rɛ nyɛ: Wɩɩsɩ kpaa mɩɩbol aa bɩ kaŋ tenii tɩya ma rɛ. Ʋ Biye hʋ tɩyaŋ nɛ á tɩŋa a na mɩɩbol no.
12,"And so, if we have God's Son, we have this life. But if we don't have the Son, we don't have this life. Knowing about Eternal Life","Ɛɛwɩya, nal hʋ buloŋ bee Wɩɩsɩ biye hʋ aa yaa kɩdɩgɩ, ʋ tɩɩna kaŋ mɩɩbol no rɛ. Amɛ nal hʋ buloŋ mɛ bee Wɩɩsɩ biye hʋ aa bɩ yaa kɩdɩgɩ, ʋ tɩɩna bɩ kaŋ mɩɩbol no. Mɩɩbol hʋ aa bɩ kaŋ tenii"
13,"All of you have faith in the Son of God, and I have written to let you know you have eternal life.","Ŋ sabɩ wɩya no kɩ tɩya ma nala hʋ aa laa Wɩɩsɩ biye hʋ wɩya di rɛ, dɩ ma gyɩma anɩɩ ma kaŋ mɩɩbol hʋ aa bɩ kaŋ tenii rɛ."
15,"And if we know God listens when we pray, we are sure our prayers have already been answered.","Á yaŋ aa gyɩma anɩɩ ʋ aa laa á sʋlɩɩ rɛ wɩɩ buloŋ á aa sʋla ʋ kɩ kyɛ tɩyaŋ nyɛ, ɛɛ kɛ á gyɩma anɩɩ ʋ yaa á wɩkyɛɛlɩya buloŋ mɛ kɩ tɩya ma rɛ."
17,"Everything that is wrong is sin, but not all sins are deadly.","Wɩyaakyogii buloŋ yaa wɩbɔŋ nɛ, amɛ wɩbɔmɔ badɔmɔŋ we doŋ a bɩ yaa wɩya aa sɩ leŋ dɩ nala sʋba mʋ gyʋʋ diŋ."
18,"We are sure God's children do not keep on sinning. God's own Son protects them, and the devil cannot harm them.","Á gyɩma anɩɩ Wɩɩsɩ biye buloŋ bɩ vɩya aŋ yaa wɩbɔmɔ kɩ mʋ deŋdeŋ, beewɩya Wɩɩsɩ Biye hʋ aa sɩŋ pɔ ʋ rɛ. Ɛɛwɩya, Sɩtaanɩ bɩ sɩ wuwo yaa ʋ wɩɩ buloŋ."
19,We are certain we come from God and the rest of the world is under the power of the devil.,"Sɩtaanɩ kaŋ dʋnɩya no tɩyaŋ nala buloŋ dee rɛ, amɛ á gyɩma anɩɩ á kɛ yaa Wɩɩsɩ biisi rɛ."
20,"We know that Jesus Christ the Son of God has come and has shown us the true God. And because of Jesus, we now belong to the true God who gives eternal life.","Á bɩl gyɩma anɩɩ Wɩɩsɩ biye hʋ ko suri á hakɩllɩ rɛ, a leŋ á gyɩŋ Wɩɩsɩ tɩɩ hʋ. Á bee Wɩɩsɩ tɩɩ hʋ yaa kɩdɩgɩ rɛ, á bee ʋ biye Yesu Krisita mɛ yaa kɩdɩgɩ. Ʋ rɛ yaa Wɩɩsɩ tɩɩ hʋ, ʋ rɛ bɩl yaa nal hʋ aa tɩya mɩɩbol hʋ aa bɩ kaŋ tenii mɛ."
21,"Children, you must stay away from idols.","Ŋ biikpɩyanama, ma lɩɩ ma tɩɩ vʋga tɩyaŋ."
1,"From the church leader. To a very special woman and her children. I truly love all of you, and so does everyone else who knows the truth.","Mɩyaŋ, ma nɩhɩyawʋ rɛ sabɩ teŋ no a kɩ tɩya ma Krisitabiisi hʋ aa we doŋ. Ŋ kyo ma rɛ weliŋ abee ŋ wɩtɩɩ buloŋ. Ŋ dʋŋ mɛ yaŋ daa kyo ma gɛɛ, amɛ nala hʋ buloŋ aa gyɩŋ wɩtɩɩ hʋ mɛ kyo ma rɛ."
2,"We love you because the truth is now in our hearts, and it will be there forever.","Wɩtɩɩ hʋ aa we á tɩyaŋ, ʋ rɛ tɩŋ á kyo ma gɛɛ. Wɩtɩɩ no sɩ we á tɩyaŋ a kaŋ kɩ mʋ maakyiye buloŋ."
3,I pray that God the Father and Jesus Christ his Son will be kind and merciful to us! May they give us peace and truth and love. Truth and Love,"Á aa tɩŋ Wɩɩsɩ wɩtɩɩ ŋmanɩɩ hʋ, a kyo dɔmɔŋ nyɛ, á Kuwo Wɩɩsɩ abee ʋ Biye Yesu Krisita bɔnyɛ tɩyaŋ, ba sɩ fá á sikii, a leŋ dɩ á hɔŋ abee laaŋfɩya."
4,"I was very glad to learn that some of your children are obeying the truth, as the Father told us to do.",Ŋ teŋ fɩyɛla rɛ kɩŋkaŋ beewɩya ŋ naa ma badɔmɔŋ nɛ dɩ ba aa tɩŋ wɩtɩɩ hʋ anɩɩ á Kuwo Wɩɩsɩ aa daga ma gɛɛ.
5,"Dear friend, I am not writing to tell you and your children to do something you have not done before. I am writing to tell you to love each other, which is the first thing you were told to do.","Wɩɩsɩ nala, ŋ aa sʋla ma, ma leŋ dɩ á kyo dɔmɔŋ. Wɩɩ no bɩ kɩɩ nɩɩ mɩrɩfalɩɩ rɛ ŋ sabɩ kɩ tɩya ma. Mɩra no rɛ á tɩŋa a lɩɩ saŋa hʋ á aa laa Yesu Krisita wɩya di tɩyaŋ buloŋ."
6,"Love means we do what God tells us. And from the beginning, he told you to love him.",Kyori tɩɩ rɛ yaa á aa tɩŋ Wɩɩsɩ nyʋwa á mɩɩbol buloŋ tɩyaŋ. Wɩɩsɩ nyʋwa hʋ ʋ aa tɩya ma a lɩɩ piilii hʋ tɩyaŋ buloŋ nɛ yaa dɩ á kaŋ kyori abee dɔmɔŋ.
7,Many liars have gone out into the world. These deceitful liars are saying Jesus Christ did not have a truly human body. But they are liars and the enemies of Christ.,"Wɩnyɩyɛla rɛ suu lee buloŋ, a gɔllɩ kɩ mʋrɩ nala. Wɩnyɩyɛla no aa baa dɩ Yesu Krisita bɩ ko tuu dʋnɩya a bɩrɩmɩ nihuwobiŋ. Nal hʋ buloŋ aa kaŋ hakɩla no iriŋ, ʋ tɩɩna rɛ yaa nal hʋ aa mʋrɩ nala, Krisita dɔŋ hʋ."
8,"So be sure not to lose what we have worked for. If you do, you won't be given your full reward.","Ɛɛwɩya, ma pɔ ma tɩɩ weliŋ, a ta leŋ dɩ kɩŋ hʋ wɩya ma aa tɩŋ Wɩɩsɩ ko gɛ ma, ka dɩ Wɩɩsɩ kpa ma tuno buloŋ tɩya ma."
9,"Don't keep changing what you were taught about Christ, or else God will no longer be with you. But if you hold firmly to what you were taught, both the Father and the Son will be with you.","Nal hʋ buloŋ aa bee daga wɩya hʋ Krisita aa daga dʋŋ, aŋ daga wɩdʋŋsɩ kɩ pɛ, ʋ tɩɩna bee Wɩɩsɩ bɩ yaa kɩdɩgɩ. Amɛ nal hʋ buloŋ aa tɩŋ wɩya hʋ Krisita aa daga ma dʋŋ, ʋ tɩɩna bee á Kuwo Wɩɩsɩ abee ʋ Biye hʋ yaa kɩdɩgɩ rɛ."
10,"If people won't agree to this teaching, don't welcome them into your home or even greet them.","Ɛɛwɩya, dɩ nal buloŋ nɛ ko ma lee a bee daga wɩya no, ma ta leŋ dɩ ʋ tɩɩna gyʋʋ ma dɩya. Ma ta paalɩ lɔllɩ ʋ mɛ gba."
11,Greeting them is the same as taking part in their evil deeds. Final Greetings,"Dɩ nal buloŋ nɛ ko lɔllɩ ʋ, ʋ mɛ yaa ʋ dɔŋtɩɩna rɛ, a pɛ ʋ tɩyaŋ ba kɩ yaa wɩbɔmɔ."
12,"I have much more to tell you, but I don't want to write it with pen and ink. I want to come and talk to you in person, because this will make us really happy.",Ŋ kaŋ wɩya yʋga rɛ a kɩ kyɛ dɩ ŋ basɩ tɩya ma. Amɛ ŋ bee kyɛ dɩ ŋ sabɩ ba buloŋ teŋ tɩyaŋ. Ŋ aa kyɛ dɩ ŋ tɩɩ ko ma lee rɛ dɩ á hɔŋ basɩ ba. Ɛɛ rɛ sɩ leŋ dɩ á teŋfɩyɛlʋʋ hʋ yaŋ yaa teŋfɩyɛl-piliŋ.
13,Greetings from the children of your very special sister.,Ma nɩmmabalɩya Krisitabiisi hʋ aa we daha mɛ aa kyʋwalɩ ma weliŋ.
1,"From the church leader. To my dear friend Gaius. I love you because we follow the truth,","Mɩyaŋ, ma nɩhɩyawʋ rɛ sabɩ teŋ no a kɩ tɩya ɩ Geyosi. Ŋ kyo ɩ wɩya rɛ abee ŋ wɩtɩɩ buloŋ."
2,"dear friend, and I pray all goes well for you. I hope you are as strong in body, as I know you are in spirit.","Ŋ kyaŋwelii, ŋ gyɩma anɩɩ ɩ wɩkanɩya buloŋ sɩŋ weliŋ nɛ ɩ bee Wɩɩsɩ paga tɩyaŋ. Ɛɛwɩya, ŋ wɩɩsʋlɩɩ rɛ yaa dɩ Wɩɩsɩ leŋ dɩ ɩ teŋ mɛ kaŋ laaŋfɩya, ka dɩ ɩ na weliŋ ɩ wɩkanɩya buloŋ tɩyaŋ mɛ."
4,Nothing brings me greater happiness than to hear that my children are obeying the truth. Working Together,Wɩɩ buloŋ bɩ leŋ ŋ teŋ fɩyɛlɩ a maga ŋ aa nɩya anɩɩ ŋ biisi aa tɩŋ wɩtɩɩ ŋmanɩɩ hʋ rɛ.
5,"Dear friend, you have always been faithful in helping other followers of the Lord, even the ones you didn't know before.","Ŋ kyaŋwelii, ɩ wɩtɩɩ suwo rɛ abee gɛɛ hʋ ɩ aa deŋ á nɩmmabalɩya Krisitabiisi hʋ, abee ba nala hʋ aa yaa nɩhʋwala ɩ lee buloŋ."
6,They have told the church about your love. They say you were good enough to welcome them and to send them on their mission in a way God's servants deserve.,"Ba basɩ kyori hʋ ɩ aa kana wɩya a tɩya á Krisitabiisi hʋ aa we daha tɩyaŋ nɛ. Yaa kuwokeri aŋ kyiyeli ba abee kɩŋ buloŋ ba aa sɩ kɩ kyɛ dɩ ba kaŋ vala ŋmanɩɩ hʋ. Kyiyeli ba gɛɛ hʋ aa sɩ yaa Wɩɩsɩ teŋfɩyɛlʋʋ,"
7,"When they left to tell others about the Lord, they decided not to accept help from anyone who wasn't a follower.","beewɩya Krisita tʋma rɛ ba lɩɩ dɩ ba tʋma. Tʋma no tʋmɩɩ tɩyaŋ, ba bɩ laa nyʋwa laa kɩŋ buloŋ nala hʋ aa bɩ yaa Krisitabiisi lee."
8,"We must support people like them, so we can take part in what they are doing to spread the truth.","Ɛɛwɩya, ʋ maga dɩ ámaa Krisitabiisi rɛ kɩ kyiyeli nala no iriŋ, dɩ gɛɛ leŋ dɩ á yaa ba tʋŋtʋnnɩ dɔŋtɩŋsɩ wɩtɩɩ tʋma tʋmɩɩ hʋ tɩyaŋ."
9,"I wrote to the church. But Diotrephes likes to be the number-one leader, and he won't pay any attention to us.",Ŋ laa sɩya sabɩ teŋ tɩya ma Krisitabiisi aa we doŋ nɛ. Amɛ Diyotirifi bɩ yaa siri dɩ ʋ gyegili nɩɩ wɩya hʋ á aa basɩ beewɩya ʋ lʋgʋ buloŋ nɛ yaa dɩ ʋ yaa ma sɩlaal.
10,"So if I come, I will remind him of how he has been attacking us with gossip. Not only has he been doing this, but he refuses to welcome any of the Lord's followers who come by. And when other church members want to welcome them, he puts them out of the church.","Dɩ mɩyaŋ nɛ ko ko, ŋ sɩ basɩ wɩya hʋ buloŋ ʋ aa yaa a tɩya ma. Ʋ kpa hagaaha rɛ a kɩ kyogi á feŋ. Ɛɛ mɛ dʋŋ daa, ʋ aa sɩ marɩ yaa wɩɩ hʋ ʋ lɔrɩ rɛ yaa: Dɩ Krisitabiisi rɛ yaa nɩhʋwala ko, ʋ bɩ sɩ laa nyʋwa laa ba biŋ ʋ dɩya tɩyaŋ, haalɩ aŋ bɩl aa pɔ dɩ nal buloŋ mɛ ta laa ba biŋ. Dɩ nal buloŋ nɛ ko kɩ kyɛ dɩ ʋ laa ba biŋ, ʋ aa kile tɩɩna ta ba laŋŋɩɩ tɩyaŋ nɛ."
11,"Dear friend, don't imitate the evil deeds of others, but follow the example of people who do kind deeds. They are God's children, but those who are always doing evil have never seen God.","Ŋ kyaŋwelii, ta kɩ kyesi nala hʋ aa yaa wɩbɔmɔ. Amɛ kɩ kyesi nala hʋ aa yaa wɩweliye, beewɩya nal hʋ buloŋ aa yaa wɩweliye, ʋ tɩɩna yaa Wɩɩsɩ biye rɛ. Nal hʋ mɛ buloŋ aa yaa wɩbɔmɔ, ʋ tɩɩna bɩ gyɩŋ Wɩɩsɩ."
12,"Everyone speaks well of Demetrius, and so does the true message that he teaches. I also speak well of him, and you know what I say is true. Final Greetings","Dɛmitiriyo kɛ yaa nɩtɩɩ rɛ, nal buloŋ kɩ basɩ ʋ wɩyaaweliye wɩya. Ɛɛ hʋ ʋ aa tɩŋ Wɩɩsɩ wɩtɩɩ ŋmanɩɩ hʋ mɛ daga anɩɩ ʋ yaa nɩtɩɩ rɛ. Á mɛ tɩɩ yaa ʋ wɩyaaweliye daŋsɩya diile rɛ. Ma gyɩma anɩɩ wɩya hʋ buloŋ á aa basɩ yaa wɩtɩɩ rɛ."
13,"I have much more to say to you, but I don't want to write it with pen and ink.",Ŋ kaŋ wɩya yʋga rɛ a kɩ kyɛ dɩ ŋ basɩ tɩya ɩ. Amɛ ŋ bee kyɛ dɩ ŋ sabɩ ba buloŋ teŋ tɩyaŋ.
14,"I hope to see you soon, and then we can talk in person.","Ŋ aa kyɛ dɩ ŋ tɩɩ ko pele ɩ rɛ kyɛɛ no buloŋ, dɩ á hɔŋ basɩ wɩya."
15,I pray that God will bless you with peace! Your friends send their greetings. Please give a personal greeting to each of our friends.,Wɩɩsɩ sɩ leŋ dɩ fɩyɛlʋʋ we ɩ lee. Ɩ kyaŋsɩ hʋ aa we daha buloŋ aa kyʋwalɩ ɩ. Ɩ mɛ kyʋwalɩ á kyaŋsɩ hʋ aa we doŋ kɩdɩgɩ kɩdɩgɩ buloŋ tɩya ma.
1,"From Jude, a servant of Jesus Christ and the brother of James. To all who are chosen and loved by God the Father and are kept safe by Jesus Christ.","Mɩyaŋ Gyuudi aa yaa Yesu Krisita tʋŋtʋnnɩ, a yaa Gyemsi nɩɩnabiye rɛ sabɩ teŋ no a kɩ tɩya ma nala hʋ á Kuwo Wɩɩsɩ aa kyo, a lɩɩ ma, ka Yesu Krisita mɛ kɩ deŋ ma nyuu tɩyaŋ weliŋ."
2,"I pray that God will greatly bless you with mercy, peace, and love! False Teachers","Wɩɩsɩ sɩ fá ma sikii, a leŋ dɩ ʋ fɩyɛlʋʋ abee ʋ kyori we ma lee weliŋ. Gyuudi basɩ wɩnyɩyɛl dɩdagɩla wɩya"
4,"Some godless people have sneaked in among us and are saying, “God treats us much better than we deserve, and so it is all right to be immoral.” They even deny we must obey Jesus Christ as our only Master and Lord. But long ago the Scriptures warned that these godless people were doomed.","Ŋ aa kyɛ dɩ ma sɩŋ pɔ wɩya no weliŋ nɛ, beewɩya nala badɔmɔŋ aa bɩ gyɩŋ Wɩɩsɩ lʋwɔla gyʋʋ ma tɩyaŋ nɛ. Nala no kpa Wɩɩsɩ bɔnyɛ hʋ ʋ aa kana beel-ma bɩrɩmɩ gyo-gye wɩɩ rɛ a marɩ kɩ yaa bisiŋ wɩya. Ba vɩya Yesu Krisita nal hʋ dʋŋ aa yaa á Tɩɩna abee á nɩhɩyawʋ rɛ. Ba saba Wɩɩsɩ teŋ tɩyaŋ nɛ faafaa buloŋ anɩɩ Wɩɩsɩ sɩ dɔgɩsɩ nala hʋ aa yaa wɩya no iriŋ."
5,"Don't forget what happened to those people the Lord rescued from Egypt. Some of them did not have faith, and he later destroyed them.","Ma foŋ gyɩŋ wɩya no ŋ aa basɩ buloŋ nɛ. Amɛ ŋ aa kyɛ dɩ ŋ liisi ma anɩɩ Wɩɩsɩ gyɩ laa ʋ nala ta Igyipiti paalʋʋ tɩyaŋ nɛ, ka ɛɛ hal tɩyaŋ ʋ kpʋ ba nala hʋ aa bɩ laa ʋ wɩya di."
8,The people I am talking about are behaving just like those dreamers who destroyed their own bodies. They reject all authority and insult angels.,"Ɛɛ tɩɩ rɛ nala no aa lʋwɔlɩ gyʋʋ ma tɩyaŋ mɛ aa fugo baa dɩ ba naa wɩya ba duwoso tɩyaŋ nɛ a tɩŋ gɛɛ tɩyaŋ a yaa wɩlaama kpa bisiŋ dige ba tɩɩ. Ba vɩya Wɩɩsɩ dee rɛ, aŋ kɩ tʋʋsɩ malɩkasɩ hʋ aa kaŋ gaŋdarɩ."
9,"Even Michael, the chief angel, didn't dare to insult the devil, when the two of them were arguing about the body of Moses. All Michael said was, “The Lord will punish you!”","Amɛ malɩkasɩ nɩhɩyawʋ Maakɩl mɛ gba gyɩ bɩ laa nyʋwa kpa kyogisi tɩya Sɩtaanɩ koo a tʋʋsɩ ʋ saŋa hʋ ʋ beel-ʋ gyɩ aa kaŋ Moosi teŋbii wɩya kɩ kpa dɔmɔŋ. Amɛ wɩɩ hʋ ʋ gyɩ aa basa buloŋ nɛ yaa, “Á Tɩɩna Wɩɩsɩ sɩ dɔgɩsɩ ɩ.”"
10,"But these people insult powers they don't know anything about. They are like senseless animals that end up getting destroyed, because they live only by their feelings.","Amɛ wɩɩ kɛ buloŋ nala no aa bɩ gyɩma ʋ sɩɩ, ba aa baa ʋ yaa wɩtɔɔ rɛ. Ba aa yaa wɩya gɛɛ rɛ anɩɩ bagɩla aa bee bɩɩnɩ wɩya. Wɩɩ hʋ buloŋ aa ko ba nyuu, ʋ rɛ ba kɩ yaa. Wɩya no tɩɩ rɛ aa kpʋ ba."
11,"Now they are in for real trouble. They have followed Cain's example and have made the same mistake that Balaam did by caring only for money. They have also rebelled against God, just as Korah did. Because of all this, they will be destroyed.","Ʋ sɩ lɔrɩ tɩya ba kɩŋkaŋ, beewɩya ba paa Keeŋ naabʋʋsɩ rɛ. Ba aa kuu molbiye wɩya mɛ rɛ a kɩ yaa wɩbɔmɔ anɩɩ baal kɩdɩgɩ ba aa yɩrɩ Baalam gyɩ aa yaa gɛɛ. Ba lɩɩ Wɩɩsɩ hal mɛ rɛ anɩɩ bal kɩdɩgɩ ba aa yɩrɩ Koora mɛ gyɩ aa lɩɩ Wɩɩsɩ hal gɛɛ. Ɛɛ wɩya Wɩɩsɩ sɩ kpʋ ba mɛ."
12,"These people are filthy minded, and by their shameful and selfish actions they spoil the meals you eat together. They are like clouds blown along by the wind, but never bringing any rain. They are like leafless trees, uprooted and dead, and unable to produce fruit.","Dɩ ma ko laŋŋɩ dɩ ma di nyʋʋdɩgɩ kɩdiiliye, nala no aa kɩɩ gɛɛ rɛ anɩɩ bisiŋ kɩna ma tɩyaŋ. Dɩ ba ko kɩ di kɩna hʋ, ba dʋŋ wɩya rɛ ba aa kyɩla aŋ bee fá sɩhɩɩsɩ buloŋ mɛ. Ba kɩɩ gɛɛ rɛ anɩɩ duwoŋ aa tɩna, ka puwo kile ʋ, ʋ bɩ nɩya. A bɩl kɩɩ gɛɛ anɩɩ tɩɩsɩ nɔnɩɩ saŋa aa pele ka ba vɩya nɔnɩɩ, ba kyuri ta, ba sʋba ba buloŋ."
14,"Enoch was the seventh person after Adam, and he was talking about these people when he said: Look! The Lord is coming with thousands and thousands of holy angels","Faafaa buloŋ nɛ baal kɩdɩgɩ ba aa yɩrɩ Inɔkɩ gyɩ basɩ nala no wɩya Wɩɩsɩ Wiyesi Welii hʋ dee tɩyaŋ. Ʋ gyɩ yaa Adama nihiliyarɩ bʋpɛ tɩɩna rɛ. Ʋ gyɩ baa, “Ma deŋ na, á Tɩɩna Wɩɩsɩ sɩ kaŋ ʋ malɩkasɩ hʋ aa bɩ kaŋ bisiŋ tusi tusi a ko,"
15,to judge everyone. He will punish all those ungodly people for all the evil things they have done. The Lord will surely punish those ungodly sinners for every evil thing they have ever said about him.,"a di nal buloŋ sarɩya a kpa kyogisi tɩya nɩbɔmɔ buloŋ, akuu wɩbɔmɔ hʋ ba aa yaa abee wɩbɔmɔ hʋ buloŋ ba aa basa kyogi Wɩɩsɩ wɩya.”"
16,These people grumble and complain and live by their own selfish desires. They brag about themselves and flatter others to get what they want. More Warnings,"Nala no aa kɩ gʋrɩmɩ wɩya rɛ saŋa buloŋ, a kɩ leeni nala. Ba dʋŋʋ wɩyaabɔmɔ tɩyaŋ nɛ ba aa kɩ tɩŋa a kaŋ dagɩŋtɩɩ abee nyʋʋpɩŋsʋŋ, a kɩ firimi nala ba tɩɩ weliŋ wɩya."
17,"My dear friends, remember the warning you were given by the apostles of our Lord Jesus Christ.","Amɛ ma kɛ ŋ kyaŋweliye, ma kɩ liisi wɩya hʋ á Tɩɩna Yesu Krisita kpambɩsɩ hʋ gyɩ aa basa tɩya ma."
18,"They told you that near the end of time, selfish and godless people would start making fun of God.",Ba basa rɛ anɩɩ dɩ dʋnɩya hʋ tenii rɛ ko kpaga nala hʋ aa bee fá Wɩɩsɩ aŋ kɩ yaa ba dʋŋʋ wɩyaabɔmɔ sɩ kɩ yaa ma sɩya.
19,"And now these people are already making you turn against each other. They think only about this life, and they don't have God's Spirit.","Nitesi no rɛ aa leŋ nala kɩ porigi dɔmɔŋ. Ba aa kɩ yaa wɩya anɩɩ dʋnɩya no tɩyaŋ nala rɛ, beewɩya Wɩɩsɩ Wiyesi Welii hʋ tuwo ba tɩsɩ tɩyaŋ."
21,"And keep in step with God's love, as you wait for our Lord Jesus Christ to show how kind he is by giving you eternal life.","Ma kaŋ Wɩɩsɩ kyori kpaŋkpaŋ, a kɩ gyegili kyɛɛ hʋ á Tɩɩna Yesu Krisita aa sɩ mɩɩgɩ ko a fá ma sikii, a tɩya ma mɩɩbol hʋ aa bɩ kaŋ tenii."
22,Be helpful to all who may have doubts.,"Nala hʋ aa yaa sige ba laadii tɩyaŋ, ma kɩ fá ba sikii."
23,"Rescue any who need to be saved, as you would rescue someone from a fire. Then with fear in your own hearts, have mercy on everyone who needs it. But hate even the clothes of those who have been made dirty by their filthy deeds. Final Prayer","Ma korigi lɩɩ nala hʋ aa mʋ dɩ ba gyʋʋ diŋ, a laa ba ta. Nala badɔmɔŋ mɛ we doŋ a kɩ yaa ba dʋŋʋ wɩyaabɔmɔ dʋŋ, ma kɩ fá ba sikii. Amɛ ma gyɩŋ tɩya matɩɩ weliŋ dɩ wɩbɔmɔ hʋ ba aa yaa ta ko daagɩ ma."
25,"Offer praise to God our Savior because of our Lord Jesus Christ! Only God can keep you from falling and make you pure and joyful in his glorious presence. Before time began and now and forever, God is worthy of glory, honor, power, and authority. Amen.","Ma leŋ dɩ á tɩŋ á Tɩɩna Yesu Krisita tɩyaŋ a dannɩ Wɩɩsɩ beewɩya ʋ dʋŋ nɛ yaa Wɩɩsɩ á laataal. Ʋ rɛ yaa gaŋdaal, a tɩŋ koro abee dee, a tɩŋ kɩŋ buloŋ a kɩ deŋ ba nyuu mɛ, a lɩɩ piili hʋ a kaŋ kɩ ko gyɩnaŋ, a kaŋ kɩ mʋ maakyiye buloŋ. Amɩ."
1,"This is what God showed to Jesus Christ, so that he could tell his servants what must happen soon. Christ then sent his angel with the message to his servant John.","Wɩya hʋ aa we teŋ no tɩyaŋ yaa wɩya Yesu Krisita aa kpaa daga rɛ. Wɩɩsɩ rɛ kpaa ba daga Yesu Krisita dɩ ʋ mɛ kpa daga ʋ hatɩnna, a leŋ dɩ ba gyɩŋ wɩya hʋ aa sɩ yaa kyɛɛ no buloŋ. Ɛɛ rɛ Yesu Krisita mɛ tɩma ʋ malɩka dɩ ʋ ko basɩ wɩya no tɩya mɩyaŋ, ʋ tʋŋtʋnnɩ Gyɔɔŋ."
2,And John told everything he had seen about God's message and about what Jesus Christ had said and done.,"Ŋ mɛ laa wɩya hʋ buloŋ ŋ aa naa, a sabɩ biŋ. Wɩya no yaa duwoso hʋ aa lɩɩ Wɩɩsɩ lee abee wɩtɩɩ hʋ Yesu Krisita aa kpaa daga ŋ nɛ."
5,"May kindness and peace be yours from Jesus Christ, the faithful witness. Jesus was the first to conquer death, and he is the ruler of all earthly kings. Christ loves us, and by his blood he set us free from our sins.","Yesu Krisita rɛ yaa Wɩɩsɩ daŋsɩyadiil hʋ aa kaŋ wɩtɩɩ. Ʋ rɛ yaa nal hʋ aa laa sɩya sii sʋʋ tɩyaŋ. Ʋ rɛ yaa dʋnɩya kuworo buloŋ kuwori. Ʋ kyo ma rɛ, a sʋba á wɩya, a lɩɩ ma wɩbɔmɔ tɩyaŋ."
6,He lets us rule as kings and serve God his Father as priests. To him be glory and power forever and ever! Amen.,"Ʋ rɛ kaŋ ma ko gyʋʋ ʋ koro hʋ tɩyaŋ a leŋ á yaa kuworibiisi abee wɩɩkyʋwal-sɩlaala, a tʋma kɩ tɩya nal hʋ aa yaa ʋ Wɩɩsɩ abee ʋ Kuwo. Yesu Krisita yaa gaŋdaal lɛ abee dee buloŋ tɩɩna a kaŋ kɩ mʋ maakyiye buloŋ. Amɩ."
7,"Look! He is coming with the clouds. Everyone will see him, even the ones who stuck a sword through him. All people on earth will weep because of him. Yes, it will happen! Amen.","Na! Ʋ tɩŋ taala tɩyaŋ nɛ a kɩ ko. Nal buloŋ nɛ sɩ na ʋ, haalɩ abee nala hʋ aa kpaa siye tɔbɔ ʋ hʋ buloŋ. Ʋ koyi no tɩyaŋ nala iriŋ buloŋ aa we dʋnɩya tɩyaŋ sɩ wii. Wɩɩ no rɛ kɔnɩ sɩ yaa. Amɩ."
8,"The Lord God says, “I am Alpha and Omega, the one who is and was and is coming. I am God All-Powerful!” A Vision of the Risen Lord","Á Tɩɩna Wɩɩsɩ Dee buloŋ tɩɩna baa, “Mɩyaŋ nɛ yaa wɩɩ buloŋ lipiilii abee wɩɩ buloŋ lɩtenii. Mɩyaŋ nɛ yaa dee buloŋ tɩɩna, nal hʋ aa we doŋ gyɩnaŋ, abee nal hʋ aa we doŋ faafaa buloŋ abee nal hʋ aa sɩ we doŋ maakyiye buloŋ.” Gyɔɔŋ naa Krisita anɩɩ duwoso tɩyaŋ"
9,"I am John, a follower together with all of you. We suffer because Jesus is our king, but he gives us the strength to endure. I was sent to Patmos Island, because I had preached God's message and had told about Jesus.","Mɩyaŋ, ma nɩɩnabiye Gyɔɔŋ nɛ sabɩ teŋ no a kɩ tɩya ma. Ŋ aa yaa Yesu Krisita hatɩnnɩ wɩya, ŋ beel-ma buloŋ nɛ kaŋ kenyiri a kɩ na tʋwara hʋ nala hʋ aa we ʋ koro hʋ tɩyaŋ aa naa. Ŋ aa basɩ Wɩɩsɩ wɩya hʋ abee wɩtɩɩ hʋ Yesu Krisita aa kpaa daga ŋ wɩya rɛ tɩŋ ba kana ŋ kaŋ gyol fuwo mʋ ta fuwokpoŋii kɩdɩgɩ ba aa yɩrɩ Paatimɔsɩ tɩyaŋ."
10,"On the Lord's day the Spirit took control of me, and behind me I heard a loud voice that sounded like a trumpet.",Á Tɩɩna kyɛbii kɩdɩgɩ rɛ Wiyesi Welii hʋ ko we ŋ tɩyaŋ a laa ŋ tɩŋa. Ɛɛ rɛ ŋ nɩɩ taabal ŋ hal aa kɩɩ gɛɛ anɩɩ ba aa mʋʋ kabɩl.
12,"When I turned to see who was speaking to me, I saw seven gold lampstands.","Ɛɛ rɛ ŋ mɩɩgɩ galdaasɩ ŋ hal dɩ ŋ na nal hʋ aa basɩ wɩya hʋ tɩya ŋ. Ŋ aa galdaasɩ gɛɛ, ŋ na salma fɩŋtɩŋdaasɩ bapɛ."
13,"There with the lampstands was someone who seemed to be the Son of Man. He was wearing a robe that reached down to his feet, and a gold cloth was wrapped around his chest.","Ka kɩŋ kɩdɩgɩ sɩŋ ba tʋtʋʋ a kɩɩ gɛɛ anɩɩ nihuwobiŋ, a laalɩ gadoliidolii, ʋ tuu yɩ ʋ naasɩ, ka ʋ kpa salma kɩrɩsa a vʋwa ʋ bembii."
14,"His head and his hair were white as wool or snow, and his eyes looked like flames of fire.","Ʋ nyupʋna buloŋ pʋrɩsɩ gɛɛ pogipogi anɩɩ kuluŋ, ka ʋ sɩya kɩ kyol gɛɛ anɩɩ diŋgel."
15,"His feet were glowing like bronze being heated in a furnace, and his voice sounded like the roar of a waterfall.",Ʋ naasɩ mɛ fɩyɛsɩ gɛɛ hololo anɩɩ ba aa kpaa hɔgɩ we diŋ. Ʋ taal mɛ kɩɩ gɛɛ anɩɩ kyuuribal aa kyuuri.
16,"He held seven stars in his right hand, and a sharp double-edged sword was coming from his mouth. His face was shining as bright as the sun at noon.","Ka ʋ kol kyɩŋwʋlɩya bapɛ ʋ noduu noŋ tɩyaŋ, ka takoobii aa di ʋ nyʋʋsɩ balɩya buloŋ lɩɩ ʋ nyʋwa tɩyaŋ a ko lɩɩ. Ka ʋ sɩya buloŋ kɩ tʋla gɛɛ anɩɩ wɩɩsɩ aa maga nyutʋtʋʋ gɛɛ."
17,"When I saw him, I fell at his feet like a dead person. But he put his right hand on me and said: Don't be afraid! I am the first, the last,","Ŋ aa na ʋ gɛɛ, ŋ tuu tele ʋ sɩya tɩyaŋ, a pɩŋ doŋ gɛɛ anɩɩ ŋ aa sʋba. Ɛɛ rɛ ʋ kpa ʋ noduu noŋ dɔbɔ ŋ tɩyaŋ aŋ basɩ tɩya ŋ abaa, “Ta leŋ kambɩŋ kana ɩ. Mɩyaŋ nɛ yaa wɩɩ buloŋ lipiilii abee wɩɩ buloŋ lɩtenii."
18,"and the living one. I died, but now I am alive forever, and I have the keys to death and the world of the dead.","Mɩyaŋ nɛ yaa nal hʋ aa weye. Ŋ fa sʋba rɛ, amɛ lagɩlagɩ no ŋ weye rɛ a kaŋ kɩ mʋ maakyiye buloŋ, ŋ bɩl bɩ sɩ sʋba. Ŋ kaŋ sʋʋ abee lalɩyabee buloŋ dee rɛ."
19,Write what you have seen and what is and what will happen after these things.,"Ɛɛwɩya, sabɩ wɩya hʋ ɩ aa naa, wɩya hʋ aa yaa lagɩlagɩ no, abee wɩya hʋ aa sɩ maakyiye yaa."
20,"I will explain the mystery of the seven stars you saw at my right side and the seven gold lampstands. The seven stars are the angels of the seven churches, and the lampstands are the seven churches.","Wɩya hʋ ɩ aa naa, ba yaa wɩfaŋɩya rɛ. Kyɩŋwʋlɩya hʋ bapɛ ɩ aa naa ŋ noduu tɩyaŋ abee salma fɩŋtɩŋdaasɩ hʋ bapɛ, ba memii rɛ nyɛ. Kyɩŋwʋlɩya bapɛ hʋ rɛ yaa sɩlaala hʋ aa deŋ Krisitabiisi hʋ aa kɩ laŋŋɩ Esɩya paalʋʋ tɔnɩ bapɛ hʋ tɩyaŋ. Salma fɩŋtɩŋdaasɩ hʋ bapɛ mɛ rɛ yaa Krisitabiisi hʋ aa kɩ laŋŋɩ Esɩya paalʋʋ tɔnɩ bapɛ hʋ tɩyaŋ.”"
1,"This is what you must write to the angel of the church in Ephesus: I am the one who holds the seven stars in my right hand, and I walk among the seven gold lampstands. Listen to what I say.","Ɛɛ rɛ ʋ bɩl basɩ tɩya ŋ abaa, “Sabɩ wɩɩ no tɩya sɩlaal hʋ aa deŋ Krisitabiisi hʋ aa laŋŋɩ Ɛfiso tɩyaŋ. Wɩɩ no lɩɩ mɩyaŋ nal hʋ aa kol kyɩŋwʋlɩya hʋ bapɛ ŋ noduu noŋ tɩyaŋ, a kɩ vala salma fɩŋtɩŋdaasɩ hʋ bapɛ paga tɩyaŋ lee rɛ."
2,"I know everything you have done, including your hard work and how you have endured. I know you won't put up with anyone who is evil. When some people pretended to be apostles, you tested them and found out they were liars.","Ŋ gyɩŋ ma wɩyaalɩya buloŋ nɛ. Ŋ gyɩma anɩɩ ma aa tʋŋ nɛ abee ma dee buloŋ, a gyɩŋ mala hʋ mɛ ma aa kana. Ŋ gyɩma anɩɩ ma bɩ laa nyʋwa ma bee nɩbɔmɔ kɩ laŋŋɩ dɔmɔŋ. Ŋ gyɩma anɩɩ ma sʋnnɩ nala hʋ aa baa dɩ ba yaa Yesu kpambɩsɩ a na rɛ, a na anɩɩ ba yaa wɩnyɩyɛla rɛ."
3,"You have endured and gone through hard times because of me, yet you have not given up.","Ŋ gyɩma anɩɩ ma kaŋ mala rɛ tʋwara hʋ ma aa naa akuu ma aa laa ŋ di wɩya, amɛ ma bɩ mɩɩgɩ hal."
4,But I do have something against you! And it is this: You don't have as much love as you used to.,"Amɛ wɩɩ kɩdɩgɩ rɛ ma kɩ yaa ʋ bɩ fɩyɛlɩ ŋ teŋ. Kyori hʋ ma fa aa kana saŋa hʋ ma aa buŋ laa ŋ wɩya di, ma kpaa ʋ ta rɛ."
5,"Think about where you have fallen from, and then turn back and do as you did at first. If you don't turn back, I will come and take away your lampstand.","Ma liisi mʋ na lee hʋ tɩyaŋ ma fa aa we aŋ na ŋmaa naaŋ? Ma bɩrɩmɩ lɩɩ ma wɩbɔmɔ tɩyaŋ a mɩɩgɩ kɩ yaa wɩya hʋ ma fa aa yaa buŋbuŋ hʋ tɩyaŋ. Dɩ gɛɛ daa, ŋ sɩ ko kaŋ ma fɩŋtɩŋdaaŋ hʋ kpa ʋ lɩsɩnɩɩ."
6,"But there is one thing you are doing right. You hate what the Nicolaitans are doing, and so do I.",Amɛ wɩɩ kɩdɩgɩ mɛ rɛ ma kɩ yaa a maga dɩ ŋ bigisi ma: Ma haasɩ Nikɔlaata nala hʋ wɩyaalɩya rɛ anɩɩ ŋ mɛ aa haasɩ ba wɩyaalɩya gɛɛ.
7,"If you have ears, listen to what the Spirit says to the churches. I will let everyone who wins the victory eat from the life-giving tree in God's wonderful garden. The Letter to Smyrna","Nala hʋ aa kaŋ dɩgɩna, ma wuwoli ma dɩgɩna a nɩɩ wɩya hʋ Wiyesi Welii hʋ aa basa tɩya Krisitabiisi hʋ aa we Esɩya paalʋʋ tɩyaŋ. Nal hʋ buloŋ aa sɩ wuwo yuwo di, ŋ sɩ leŋ dɩ ʋ di tɩya hʋ nɔnɔ aa tɩya mɩɩbol aa we Wɩɩsɩ dipolo hʋ tɩyaŋ.” Wɩya hʋ ba aa saba tɩya Krisitabiisi hʋ aa laŋŋɩ Sɩmɛɛna tɩyaŋ"
8,"This is what you must write to the angel of the church in Smyrna: I am the first and the last. I died, but now I am alive! Listen to what I say.","Ɛɛ rɛ ʋ bɩl basɩ tɩya ŋ a baa, “Sabɩ wɩɩ no tɩya sɩlaal hʋ aa deŋ Krisitabiisi hʋ aa laŋŋɩ Sɩmɛɛna tɩyaŋ. Wɩɩ no lɩɩ mɩyaŋ nal hʋ aa yaa wɩɩ buloŋ lipiilii abee wɩɩ buloŋ lɩtenii lee rɛ. Mɩyaŋ nɛ yaa nal hʋ aa sʋba aŋ bɩl sii sʋʋ tɩyaŋ."
9,"I know how much you suffer and how poor you are, but you are rich. I also know the cruel things being said about you by people who claim to be God's people. But they are not really God's people. They are a group that belongs to Satan.","Ŋ gyɩŋ wɩgyʋʋlɩya hʋ aa gyʋʋ ma rɛ. Ŋ gyɩma anɩɩ ma yaa nyaaba rɛ amɛ Wɩɩsɩ kɛ lee, ma yaa kɩna tɩmma rɛ. Ŋ gyɩŋ wɩbɔmɔ hʋ nala badɔmɔŋ aa kpaa kɩ kyogi ma feŋ nɛ. Nala no kpaa ba tɩɩ anɩɩ ba yaa Gyuuma rɛ aŋ bɩ yaa Gyuuma. Ba yaa Sɩtaanɩ noŋ nala rɛ."
10,"Don't worry about what you will suffer. The devil will throw some of you into jail, and you will be tested and made to suffer for ten days. But if you are faithful until you die, I will reward you with a glorious life.","Ma ta leŋ dɩ tʋwara kɩdɩgɩ buloŋ ma aa kyɛ dɩ ma na wɩya yaa ma kambɩŋ. Ma gyegili nɩɩ daha! Sɩtaanɩ sɩ leŋ dɩ ba kasɩ ma badɔmɔŋ tɔ dɩɩsɩ tɩyaŋ. Wɩya no buloŋ tɩyaŋ, ʋ aa kyɛ dɩ ʋ magɩsɩ ma na rɛ gɛɛ. Ma sɩ na tʋwara kyɛyɛ fi dʋŋ. Dɩ ba aa rɛ ko kɩ kyɛ dɩ ba kpʋ ma mɛ, ma kɛ ha sɩŋ ŋ hal. Dɩ mamaa rɛ yaa gɛɛ, ŋ sɩ kpa mɩɩbol a siili ma."
11,"If you have ears, listen to what the Spirit says to the churches. Whoever wins the victory will not be hurt by the second death. The Letter to Pergamum","Nala hʋ aa kaŋ dɩgɩna, ma wuwoli ma dɩgɩna a nɩɩ wɩya hʋ Wiyesi Welii hʋ aa basa kɩ tɩya Krisitabiisi hʋ aa we Esɩya paalʋʋ tɩyaŋ. Nal hʋ buloŋ aa sɩ wuwo yuwo di, ʋ bɩ sɩ sʋba sʋʋbʋlɩya hʋ.” Wɩya hʋ ba aa saba tɩya Krisitabiisi hʋ aa laŋŋɩ Pɛgamɔŋ tɩyaŋ"
12,This is what you must write to the angel of the church in Pergamum: I am the one who has the sharp double-edged sword! Listen to what I say.,"Ɛɛ rɛ ʋ bɩl basɩ tɩya ŋ a baa, “Sabɩ wɩɩ no tɩya sɩlaal hʋ aa deŋ Krisitabiisi hʋ aa we Pɛgamɔŋ tɩyaŋ. Wɩɩ no lɩɩ mɩyaŋ nal hʋ aa kaŋ takoobii hʋ nyʋʋsɩ balɩya buloŋ aa di nyamanyama lee rɛ."
13,"I know you live where Satan has his throne. But you have kept true to my name. Right there where Satan lives, my faithful witness Antipas was taken from you and put to death. Even then you did not give up your faith in me.","Ŋ gyɩŋ lee hʋ tɩyaŋ ma aa wee rɛ. Doŋ nɛ yaa lee hʋ Sɩtaanɩ kuworikpasa aa sɩna. Amɛ ma kaŋ wɩtɩɩ rɛ abeel-ŋ. Haalɩ abee saŋa hʋ ba aa kpʋʋ Aŋtɩpasɩ, nal hʋ aa basɩ ŋ wɩya abee wɩtɩɩ buloŋ mɛ, ka ma ha bɩ vɩya ŋ hal tɩŋɩɩ doŋ."
14,I do have a few things against you. Some of you are following the teaching of Balaam. Long ago he told Balak to teach the people of Israel to eat food that had been offered to idols and to be immoral.,"Ma aa yaa kuwokeri rɛ, amɛ wɩya baŋmana rɛ ma kɩ yaa ŋ teŋ bɩ fɩyɛla. Nala badɔmɔŋ we ma tɩyaŋ a kɩ tɩŋ wɩya hʋ Baalam gyɩ aa daga. Ʋ gyɩ daga kuwori Balaki rɛ ɛɛ hʋ ʋ aa sɩ mʋrɩ Iziral tɩmma we wɩbɔmɔ yayɩ tɩyaŋ, ʋ gyɩ mʋrɩ kaŋ ba we ba kɩ di kɩna ba aa kpaa marɩ vʋga, aŋ kɩ sɔnnɩ mɛ."
15,Now some of you are following the teaching of the Nicolaitans.,Ɛɛ tɩɩ rɛ nala badɔmɔŋ we ma tɩyaŋ a mɛ kɩ tɩŋ wɩbɔmɔ hʋ Nikɔlaata nala hʋ aa dagɩ.
16,"Turn back! If you don't, I will come quickly and fight against these people. And my words will cut like a sword.","Ɛɛ wɩya, ma bɩrɩmɩ lɩɩ wɩya no tɩyaŋ, dɩ gɛɛ daa ʋ bɩ sɩ pɩɩsɩ ka dɩ ŋ ko ma tɩyaŋ, a kaŋ takoobii hʋ aa lɩɩ ŋ nyʋwa tɩyaŋ, dɩ ŋ bee nala hʋ aa yaa wɩya no kyeŋ dɔmɔŋ."
17,"If you have ears, listen to what the Spirit says to the churches. To everyone who wins the victory, I will give some of the hidden food. I will also give each one a white stone with a new name written on it. No one will know that name except the one who is given the stone. The Letter to Thyatira","Nala hʋ aa kaŋ dɩgɩna, ma wuwoli ma dɩgɩna a nɩɩ wɩya hʋ Wiyesi Welii hʋ aa basɩ kɩ tɩya Krisitabiisi hʋ aa we Esɩya paalʋʋ tɩyaŋ. Nal hʋ buloŋ aa wuwo yuwo di Sɩtaanɩ, ŋ sɩ kpa kɩdiiliye hʋ ba aa yɩrɩ mana aa faŋa wɩɩsɩbee tɩyaŋ badɔmɔŋ a tɩya ʋ, a kpa bʋpʋlʋŋ mɛ a tɩya ʋ. Ŋ sɩ sabɩ feŋfalɩɩ a mal bʋyɩ hʋ tɩyaŋ. Nal buloŋ bɩ sɩ gyɩŋ feŋ hʋ, see nal hʋ aa laa bʋyɩ hʋ dʋŋ.” Wɩya hʋ ba aa saba tɩya Krisitabiisi hʋ aa laŋŋɩ Tiyatira tɩyaŋ"
18,"This is what you must write to the angel of the church in Thyatira: I am the Son of God! My eyes are like flames of fire, and my feet are like bronze. Listen to what I say.","Ɛɛ rɛ ʋ bɩl basɩ tɩya ŋ abaa, “Sabɩ wɩɩ no tɩya sɩlaal hʋ aa deŋ Krisitabiisi hʋ aa we Tiyatira tɩyaŋ. Wɩɩ no lɩɩ mɩyaŋ Wɩɩsɩ Biye lee rɛ, mɩyaŋ nal hʋ sɩya aa kɩɩ gɛɛ anɩɩ diŋgel, ka ŋ naasɩ mɛ kɩɩ gɛɛ anɩɩ kɔlɩɩ ba aa waaga ʋ kɩ tʋla kɩŋkaŋ."
20,"But I still have something against you because of that woman Jezebel. She calls herself a prophet, and you let her teach and mislead my servants to do immoral things and to eat food offered to idols.","Ma aa yaa kuwokeri rɛ. Amɛ wɩya baŋmana rɛ ma kɩ yaa ŋ teŋ bɩ fɩyɛla. Haaŋ kɩdɩgɩ rɛ we ma tɩyaŋ a kɩ daga wɩbɔmɔ, ba kɩ yɩrɩ Gyesibɛl, ka ma bɩ kile ʋ ta. Haaŋ no aa mʋrɩ nala rɛ anɩɩ ʋ yaa Wɩɩsɩ tɩŋdaal lɛ. Ʋ aa daga ŋ nala rɛ a mʋrɩ ba we ba kɩ sɔnnɩ aŋ kɩ di vʋga kɩna mɛ."
21,"I gave her a chance to turn from her sins, but she did not want to stop doing these immoral things.","Ŋ tɩya haaŋ no ŋmanɩɩ rɛ dɩ ʋ bɩrɩmɩ lɩɩ ʋ wɩbɔmɔ hʋ tɩyaŋ, ka ʋ vɩya aŋ ha kɩ yaa nɩlaaŋ wɩya."
22,"I am going to strike down Jezebel. Everyone who does these immoral things with her will also be punished, if they don't stop.","Ɛɛ wɩya, ŋ sɩ leŋ dɩ ʋ pɩŋ wɩɩla. Nala hʋ mɛ buloŋ aa kana ʋ kɩ sɔnnɩ, ŋ sɩ leŋ dɩ ba mɛ na tʋwara yʋga, dɩ ba aa rɛ ko bɩ bɩrɩma lɩɩ ba wɩbɔmɔ hʋ ba aa yaa tɩyaŋ."
23,I will even kill her followers. Then all the churches will see that I know everyone's thoughts and feelings. I will treat each of you as you deserve.,"Ŋ sɩ kpʋ ʋ hatɩnna mɛ buloŋ, dɩ nala hʋ aa laa Yesu wɩya di buloŋ gyɩma anɩɩ mɩyaŋ nɛ gyɩŋ nal buloŋ hakɩla abee ba tɩbɩɩna, a gyɩma mɛ anɩɩ mɩyaŋ nɛ sɩ tuŋ nal kɩdɩgɩ buloŋ a maga gɛɛ ʋ tɩɩna aa tʋma."
24,Some of you in Thyatira don't follow Jezebel's teaching. You don't know anything about what her followers call the “deep secrets of Satan.” So I won't burden you down with any other commands.,"Amɛ ma nɩkaalɩya hʋ aa we Tiyatira tɩyaŋ a bee tɩŋ wɩya hʋ haaŋ no aa dagɩ aŋ bɩ gʋnnɩ wɩbɔmɔ hʋ ba aa yɩrɩ Sɩtaanɩ wɩfaŋɩya memiye aa luŋiye, ŋ bee kyɛ dɩ ŋ kpa kyʋgɩyoho kyʋgɩ ma. Wɩɩ no dʋŋ nɛ ŋ kɩ kyɛ dɩ ŋ kpa tɩya ma:"
25,"But until I come, you must hold firmly to the teaching you have.","Wɩtɩɩ hʋ ma aa tɩŋ, ma kɩ tɩŋa ʋ weliŋ a mʋ pele kyɛɛ hʋ ŋ aa sɩ ko."
26,I will give power over the nations to everyone who wins the victory and keeps on obeying me until the end.,"Nal hʋ buloŋ aa sɩ wuwo yuwo di, aŋ kɩ tɩŋa ŋ kyɛrɩ, a kaŋ kɩ mʋ dʋnɩya lɩtenii, dee hʋ ŋ kuwo aa kpaa tɩya ŋ, ʋ tɩɩ rɛ ŋ mɛ sɩ kpa tɩya ʋ."
29,"If you have ears, listen to what the Spirit says to the churches.","Nala hʋ aa kaŋ dɩgɩna, ma wuwoli ma dɩgɩna a nɩɩ wɩya hʋ Wiyesi Welii hʋ aa basɩ kɩ tɩya Krisitabiisi hʋ.”"
1,"This is what you must write to the angel of the church in Sardis: I have the seven spirits of God and the seven stars. Listen to what I say. I know what you are doing. Everyone may think you are alive, but you are dead.","Ɛɛ rɛ ʋ bɩl basɩ tɩya ŋ abaa, “Sabɩ wɩɩ no tɩya sɩlaal hʋ aa deŋ Krisitabiisi hʋ aa we Saadiisi tɩyaŋ. Wɩɩ no lɩɩ mɩyaŋ nal hʋ aa kaŋ Wiyesi Welii hʋ aa kaŋ de-iriŋma bapɛ abee kyɩŋwʋlɩya bapɛ hʋ lee rɛ. Ŋ gyɩŋ ma wɩyaalɩya buloŋ nɛ. Ŋ gyɩma anɩɩ ma kaŋ feŋbal lɛ anɩɩ ma weye rɛ, amɛ ma sʋba rɛ."
2,"Wake up! You have only a little strength left, and it is almost gone. So try to become stronger. I have found that you are not completely obeying God.","Ɛɛ wɩya, ma sii sɩŋ bɩŋbaŋ, a marɩ kaŋ wɩkaalɩya hʋ ma aa kana ma laadii tɩyaŋ ba mɛ kɩ kyɛ dɩ ba sʋba hʋ weliŋ, dɩ ba mɛ ta ko sʋba teŋ. Beewɩya ŋ naa anɩɩ ma wɩyaalɩya ha bee su Wɩɩsɩ hʋ ŋ aa tɩŋ sɩɩ."
3,"Remember the teaching you were given and heard. Hold firmly to it and turn from your sins. If you don't wake up, I will come when you least expect it, just as a thief does.","Ɛɛ wɩya, ma liisi wɩya hʋ ba aa daga ma abee wɩya hʋ ma aa nɩya a laa di. Ma kɩ tɩŋ ba weliŋ aŋ bɩrɩmɩ lɩɩ ma wɩbɔmɔ tɩyaŋ. Dɩ mamaa rɛ ko bɩ sii sɩŋ bɩŋbaŋ, ŋ sɩ lʋwɔlɩ ko ma tɩyaŋ anɩɩ gaal. Ma paalɩ bɩ sɩ gyɩŋ saŋa hʋ ŋ aa sɩ ko."
4,"A few of you in Sardis have not dirtied your clothes with sin. You will walk with me in white clothes, because you are worthy.","Abee gɛɛ buloŋ, nala baŋmana ha we Saadiisi tɩyaŋ a yaa nala aa bɩ leŋ bisiŋ laga ba. Ba aa rɛ sɩ laalɩ gapʋllɩ, a kɩ tɩŋa ŋ hal, beewɩya ba maga gɛɛ rɛ."
5,"Everyone who wins the victory will wear white clothes. Their names will not be erased from the book of life, and I will tell my Father and his angels that they are my followers.","Nal hʋ buloŋ aa wuwo yuwo di, ʋ tɩɩna mɛ sɩ laalɩ gapʋlʋŋ. Ŋ bɩ sɩ dɩsɩ ʋ feŋ ta Mɩɩbol Teŋ hʋ tɩyaŋ. Ŋ sɩ suri ŋ nyʋwa ŋ Kuwo Wɩɩsɩ abee ʋ malɩkasɩ sɩya tɩyaŋ a basɩ anɩɩ ʋ yaa ŋ nal lɛ."
7,"This is what you must write to the angel of the church in Philadelphia: I am the one who is holy and true, and I have the keys that belonged to David. When I open a door, no one can close it. And when I close a door, no one can open it. Listen to what I say.","Ɛɛ rɛ ʋ bɩl basɩ tɩya ŋ abaa, “Sabɩ wɩɩ no a kaŋ mʋ tɩya sɩlaal hʋ aa deŋ Krisitabiisi hʋ aa we Filadelfiya tɩyaŋ. Wɩɩ no lɩɩ mɩyaŋ nal hʋ aa yaa Tɩpʋlʋŋ tɩɩna abee Wɩtɩɩ tɩɩna lee rɛ. Mɩyaŋ nɛ kol Deviti koro hʋ saafɩɩbii. Dɩ mɩyaŋ nɛ ko kaŋ ʋ dimbee suri, nal buloŋ bɩ sɩ wuwo kana ʋ tɔ, dɩ mɩyaŋ nɛ ko kaŋ ʋ dimbee tɔ mɛ, nal buloŋ bɩ sɩ wuwo kana ʋ suri."
8,"I know everything you have done. And I have placed before you an open door no one can close. You were not very strong, but you obeyed my message and did not deny you are my followers.","Ŋ gyɩŋ ma wɩyaalɩya buloŋ nɛ. Ŋ gyɩma anɩɩ ma bɩ kaŋ dee yʋga, amɛ ma tɩŋa ŋ nyʋwa rɛ a bɩ tʋwa mɛ anɩɩ ma yaa ŋ nala rɛ saŋa no buloŋ. Ɛɛ nyuniŋ, ŋ kaŋ boro rɛ a suri tɩya ma, nal buloŋ bɩ sɩ wuwo kana ʋ tɔ."
9,"Now you will see what I will do with those people who belong to Satan's group. They claim to be God's people, but they are liars. I will make them come and kneel down at your feet. Then they will know that I love you.","Ma gyegili nɩɩ daha! Haŋ Sɩtaanɩ noŋ nala hʋ aa nyɩya wɩya anɩɩ ba yaa Gyuuma rɛ aŋ bɩ yaa Gyuuma hʋ, ŋ sɩ leŋ dɩ ba ko tuu gbinni ma sɩya tɩyaŋ, dɩ ba gyɩma anɩɩ ŋ kyo ma rɛ."
10,You obeyed my message and endured. So I will protect you from the time of testing everyone in all the world must go through.,"Akuu ma aa tɩŋa ŋ nyʋwa a kaŋ mala hʋ ŋ aa baa ma kana wɩya, ŋ mɛ sɩ pɔ ma weliŋ a lɩɩ ma tʋwara hʋ aa sɩ ko dʋnɩya nala buloŋ tɩyaŋ, dɩ ʋ magɩsɩ nala buloŋ aa we dʋnɩya tɩyaŋ na."
11,"I am coming soon. So hold firmly to what you have, and no one will take away the crown you will be given as your reward.","Ʋ bɩ sɩ pɩɩsɩ ka dɩ ŋ ko. Wɩɩ hʋ ma aa kana, ma marɩ kana ʋ weliŋ, dɩ nal buloŋ ta ko kaŋ kuworinyupugi hʋ Wɩɩsɩ aa sɩ kpa siili ma a fasɩ."
12,"Everyone who wins the victory will be made into a pillar in the temple of my God, and they will stay there forever. I will write on each of them the name of my God and the name of his city. It is the new Jerusalem my God will send down from heaven. I will also write on them my own new name.","Nal hʋ buloŋ aa sɩ wuwo yuwo di, ŋ sɩ leŋ dɩ ʋ kɩɩ gɛɛ anɩɩ ligi Wɩɩsɩ hʋ ŋ aa tɩŋ wɩɩkyʋwaldɩya tɩyaŋ, lee hʋ ʋ aa bɩ sɩ maakyiye lɩɩ. Ŋ sɩ sabɩ Wɩɩsɩ hʋ ŋ aa tɩŋ feŋ a mal ʋ tɩyaŋ, a sabɩ Wɩɩsɩ tɔbal hʋ feŋ mɛ mal ʋ tɩyaŋ. Tɔbal no rɛ yaa Gyerusalɛm falɩɩ hʋ aa sɩ lɩɩ wɩɩsɩbee ko tuu. Ŋ sɩ sabɩ ŋ tɩɩ feŋfalɩɩ mɛ a mal ʋ tɩyaŋ."
14,This is what you must write to the angel of the church in Laodicea: I am the one called Amen! I am the faithful and true witness and the source of God's creation. Listen to what I say.,"Ɛɛ rɛ ʋ bɩl basɩ tɩya ŋ abaa, “Sabɩ wɩɩ no tɩya sɩlaal hʋ aa deŋ Krisitabiisi hʋ aa we Lawudisɩya tɩyaŋ. Wɩɩ no lɩɩ mɩyaŋ nal hʋ aa leŋ Wɩɩsɩ wɩbasɩɩ buloŋ yaa lee rɛ. Mɩyaŋ nɛ yaa Wɩɩsɩ daŋsɩyadiil hʋ aa kaŋ wɩtɩɩ, abee nal hʋ tɩyaŋ Wɩɩsɩ aa tɩŋa a ta kɩŋ buloŋ."
17,"You claim to be rich and successful and to have everything you need. But you don't know how bad off you really are. You are pitiful, poor, blind, and naked.","Ma aa daga ma tɩɩ rɛ anɩɩ ma kaŋ kɩna rɛ, a bɩ kyɛ kɩŋ buloŋ kɩ lɔlɔ. Amɛ ma bɩ gyɩma anɩɩ ma yaa nyaaba rɛ, a yaa sikii nala, a yaa nyʋlɩma, a kaŋ teŋ bɩl mɛ."
18,"Buy your gold from me. It has been refined in a fire, and it will make you rich. Buy white clothes from me. Wear them and you can cover up your shameful nakedness. Buy medicine for your eyes, so you will be able to see.","Ɛɛ wɩya, ŋ aa kyagɩlɩ ma rɛ dɩ ma ko ŋ lee a yɔbɔ salɩŋtɩɩma ba aa wasa lɩɩ, a yaa kɩna tɩmma, a yɔbɔ gapʋllɩ mɛ a laalɩ tɔ ma hɩɩsɩ hʋ, a yɔbɔ sɩya luliye mɛ a we ma sɩya a wuwo kɩ na."
20,"Listen! I am standing and knocking at your door. If you hear my voice and open the door, I will come in and we will eat together.","Ma na, ŋ sɩŋ dimbeenyʋwa hʋ tɩyaŋ nɛ a kɩ ŋmaa. Nal hʋ buloŋ aa ko nɩɩ ŋ taal a kaŋ boro hʋ suri, ŋ sɩ ko gyʋʋ ʋ lee, dɩ ŋ beel-ʋ buloŋ di kɩna."
21,"Everyone who wins the victory will sit with me on my throne, just as I won the victory and sat with my Father on his throne.","Nal hʋ aa sɩ wuwo yuwo di, ŋ sɩ tɩya ʋ ŋmanɩɩ dɩ ʋ pɛ hɔŋ ŋ kuworikpasa hʋ tɩyaŋ anɩɩ ŋ mɛ aa yuwo di a pɛ hɔŋ ŋ Kuwo kuworikpasa hʋ tɩyaŋ gɛɛ."
1,"After this, I looked and saw a door that opened into heaven. Then the voice that had spoken to me at first and that sounded like a trumpet said, “Come up here! I will show you what must happen next.”","Wɩya no buloŋ aa yaa hal tɩyaŋ, ŋ bɩl deŋe dɩ ŋ naa dɩ dimbeenyʋwa suro wɩɩsɩbee tɩyaŋ. Ɛɛ rɛ ŋ bɩl nɩɩ taal hʋ fa aa laa sɩya basɩ wɩya kɩ tɩya ŋ, a kɩɩ gɛɛ anɩɩ ba aa mʋʋ kabɩl hʋ. Ɛɛ rɛ ʋ bɩl basɩ tɩya ŋ a baa, “Ko gyɩŋ daha dɩ ŋ daga ɩ wɩya hʋ aa sɩ yaa wɩya no hal tɩyaŋ.”"
2,"Right then the Spirit took control of me, and there in heaven I saw a throne and someone sitting on it.","Haŋ lagɩlagɩbiye hʋ Wiyesi Welii hʋ ko we ŋ tɩyaŋ a laa ŋ tɩŋa, a leŋ ŋ na wɩɩsɩbee, a na Wɩɩsɩ kuworikpasa hʋ dɩ ʋ sɩŋ doŋ, nal hɔŋ ʋ tɩyaŋ."
3,The one who was sitting there sparkled like precious stones of jasper and carnelian. A rainbow that looked like an emerald surrounded the throne.,Nal hʋ fa aa hɔŋ kuworikpasa hʋ tɩyaŋ kɩ tʋla gɛɛ anɩɩ sɩfɩyaŋ bʋwa badɔmɔŋ ba aa yɩrɩ gyasɩpa abee kanɛɛlɩyaŋ. Ka dosiye mɛ baarɩ kuworikpasa hʋ ko baŋ a kɩ tʋla gɛɛ anɩɩ sɩfɩyaŋ bʋyɩ hʋ ba aa yɩrɩ ɛmaraldi.
4,Twenty-four other thrones were in a circle around that throne. And on each of these thrones there was an elder dressed in white clothes and wearing a gold crown.,"Ɛɛ rɛ ka ŋ na kuworikpasɩnɩ mɔlɩya abee banaa mɛ dɩ ba sɩŋ gol kuworikpasa hʋ. Nɩhɩyasɩ mɔlɩya abee banaa hɔŋ ba tɩyaŋ, a laalɩ gapʋllɩ, a kyige salma kuworinyupugini."
5,"Flashes of lightning and roars of thunder came out from the throne in the center of the circle. Seven torches, which are the seven spirits of God, were burning in front of the throne.","Ɛɛ rɛ ka kuworikpasa hʋ lɩsɩnɩɩ kɩ lɩgɩsɩ anɩɩ gɛɛ anɩɩ duwoŋ, ka kyagɩŋsɩ mɛ aa kɩɩ gɛɛ anɩɩ duwoŋ aa nɔsɔ lɩɩ kpasa hʋ lee. Ɛɛ rɛ ka fɩŋtɩŋsɩ bapɛ ba aa kyolo mɛ sɩŋ kuworikpasa hʋ sɩya tɩyaŋ. Fɩŋtɩŋsɩ no rɛ yaa Wɩɩsɩ Wiyesi Welii hʋ aa kaŋ de-iriŋma bapɛ hʋ."
6,"Also in front of the throne was something that looked like a glass sea, clear as crystal. Around the throne in the center were four living creatures covered front and back with eyes.","Ka kɩŋ kɩdɩgɩ pɩŋ kuworikpasa hʋ sɩya a kɩɩ gɛɛ anɩɩ mpʋwɔnʋʋ, a pʋrɩsɩ gɛɛ anɩɩ duwoŋbʋyɩ, aŋ kyaanɩ gɛɛ anɩɩ nyagɩsa. Ka kɩweye banaa badɔmɔŋ sɩŋ baarɩ kuworikpasa hʋ ko baŋ, ka sɩya tɔ ba hala abee ba sɩya dɩɩlaŋ buloŋ."
7,"The first creature was like a lion, the second one was like a bull, the third one had the face of a human, and the fourth was like a flying eagle.","Kɩweye banaa hʋ kɩdɩgɩ gyɩ kɩɩ gɛɛ rɛ anɩɩ naakyigi, kɩdɩgɩ mɛ kɩɩ gɛɛ anɩɩ nɔboliye, kɩdɩgɩ sɩya mɔgɩ mɛ kɩɩ gɛɛ anɩɩ nihuwobiŋ sɩya, ka kɩdɩgɩ mɛ kɩɩ gɛɛ anɩɩ kakyuu aa gyaarɩ."
11,"“Our Lord and God, you are worthy to receive glory, honor, and power. You created all things, and by your decision they are and were created.”","“Á Tɩɩna abee á Wɩɩsɩ, ʋ maga dɩ á kɩ kyʋwalɩ ɩ rɛ, á kɩ dannɩ ɩ, a kɩ yɩrɩ ɩ feŋ, Ɩ rɛ yaa Dee buloŋ Tɩɩna. Ɩ rɛ taa kɩŋ buloŋ, Ɩ kyɛrɩ tɩyaŋ nɛ ɩ ta ba, ba kaŋ mɩɩbol.”"
1,In the right hand of the one sitting on the throne I saw a scroll that had writing on the inside and on the outside. And it was sealed in seven places.,"Ɛɛ rɛ ka ŋ bɩl na dɩ nal hʋ aa hɔŋ kuworikpasa hʋ tɩyaŋ, dɩ ʋ kol teŋkulii ʋ noduu noŋ tɩyaŋ. Ba sabɩ kɩna we teŋ hʋ tɩya abee ʋ hal buloŋ tɩyaŋ, aŋ kpa kel taarɩ tɔ teŋ hʋ leye bapɛ tɩyaŋ."
2,"I saw a mighty angel ask with a loud voice, “Who is worthy to open the scroll and break its seals?”","Ɛɛ rɛ ŋ na malɩkaduwo kɩdɩgɩ dɩ ʋ heele a kɩ pɩyɛsɩ, “Kɩbee rɛ maga ʋ aa sɩ wuwo kaŋ kelni hʋ ba aa kaŋ taarɩ teŋkulii hʋ tɔ a tɔrɩ, aŋ suri teŋ hʋ?”"
3,No one in heaven or on earth or under the earth was able to open the scroll or look inside it.,"Amɛ nal buloŋ fa tuwo wɩɩsɩbee tɩyaŋ, koo taŋha nyuu tɩyaŋ koo taŋha memii tɩyaŋ a maga ʋ aa sɩ wuwo suri teŋ hʋ, a deŋ ʋ tɩya."
4,I cried hard because no one was found worthy to open the scroll or look inside it.,"Ŋ aa naa dɩ nal buloŋ tuwo a maga ʋ aa sɩ wuwo suri teŋ hʋ, koo a deŋ ʋ tɩya gɛɛ, ŋ wɩɩ weliŋ."
5,"Then one of the elders said to me, “Stop crying and look! The one who is called both the ‘Lion from the Tribe of Judah’ and ‘King David's Great Descendant’ has won the victory. He will open the scroll and its seven seals.”","Ɛɛ rɛ nɩhɩyasɩ hʋ kɩdɩgɩ basɩ tɩya ŋ a baa, “Ta kɩ wiye. Deŋ na! Nal hʋ ba aa yɩrɩ Gyuda doho nala Naakyigi hʋ, Deviti nihii hʋ aa yaa nɩbal, ʋ yuwo di rɛ, ɛɛwɩya ʋ aa wuwo ʋ tɔrɩ kelni hʋ bapɛ ba aa kaŋ taarɩ teŋ hʋ tɔ rɛ, aŋ suri ʋ."
6,"Then I looked and saw a Lamb standing in the center of the throne surrounded by the four living creatures and the elders. The Lamb looked as if it had once been killed. It had seven horns and seven eyes, which are the seven spirits of God, sent out to all the earth.","Ɛɛ rɛ ŋ deŋ a na Pebiye dɩ ʋ sɩŋ kuworikpasa hʋ abee kɩweye hʋ banaa abee nɩhɩyasɩ mɔlɩya bee banaa hʋ tʋtʋʋ, a kɩɩ gɛɛ anɩɩ ba fa aa kpʋ ʋ. Ʋ fa kaŋ nyɩŋdaasɩ bapɛ rɛ abee sɩya bapɛ. Sɩya hʋ bapɛ rɛ yaa Wiyesi Welii aa kaŋ de-iriŋma bapɛ hʋ Wɩɩsɩ aa taa ʋ ko tuu dʋnɩya logiŋ kɛ buloŋ."
7,The Lamb went over and took the scroll from the right hand of the one who sat on the throne.,Ɛɛ rɛ Pebiye hʋ mʋ laa teŋ hʋ nal hʋ aa hɔŋ kuworikpasa hʋ nyuu noduu noŋ tɩyaŋ.
10,"You let them become kings and serve God as priests, and they will rule on earth.”",Ɩ leŋ nala hʋ ɩ aa yɔbɔ yaa kuwori doho rɛ a yaa wɩɩkyʋwal sɩlaala a tʋma kɩ tɩya Wɩɩsɩ. Ba sɩ kɩ deŋ taŋha buloŋ.”
11,"As I looked, I heard the voices of a large number of angels around the throne and the voices of the living creatures and of the elders. There were millions and millions of them,","Ɛɛ rɛ ŋ nɩɩ malɩkasɩ aa pele tusi tusi aa sɩŋ gol kuworikpasa hʋ abee kɩweye hʋ abee nɩhɩyasɩ hʋ dɩ ba aa yɩɩ yɩɩla ba kɩ gyɩŋ,"
12,"and they were saying in a loud voice, “The Lamb who was killed is worthy to receive power, riches, wisdom, strength, honor, glory, and praise.”","a baa: “Pebiye hʋ ba aa kpʋwa rɛ maga dɩ ʋ kaŋ dee. Ʋ rɛ maga dɩ ʋ kaŋ dʋwa, abee wɩgyʋŋ, abee dee kɩŋ buloŋ tɩyaŋ. Ʋ rɛ maga dɩ ʋ kaŋ feŋbal, dɩ nala kɩ dannɩ ʋ a kɩ kyʋwalɩ ʋ.”"
13,"Then I heard all beings in heaven and on the earth and under the earth and in the sea offer praise. Together, all of them were saying, “Praise, honor, glory, and strength forever and ever to the one who sits on the throne and to the Lamb!”","Ɛɛ rɛ ka ŋ nɩɩ kɩna hʋ buloŋ aa we wɩɩsɩbee tɩyaŋ, abee kɩna hʋ buloŋ aa we dʋnɩya tɩyaŋ, abee kɩna hʋ aa we taŋha memii tɩyaŋ, abee kɩna hʋ buloŋ aa we mpʋwɔnʋʋ tɩyaŋ, abee kɩŋ kɛ buloŋ aa we doŋ dɩ ba aa yɩɩ yɩɩl a baa, “Nal hʋ aa hɔŋ kuworikpasa hʋ tɩyaŋ abee Pebiye hʋ, ba aa rɛ maga dɩ á kɩ kyʋwalɩ ba, a kɩ tɩya ba feŋ, a kɩ dannɩ ba. Ba aa rɛ kaŋ dee kɩŋ buloŋ nyuu tɩyaŋ, a kaŋ kɩ mʋ maakyiye buloŋ.”"
14,"The four living creatures said “Amen,” while the elders knelt down and worshiped.","Ɛɛ rɛ kɩweye hʋ banaa mɛ yaa amɩ kɩ we, ka nɩhɩyasɩ mɔlɩya bee banaa hʋ mɛ tuu gbinni a kyʋwalɩ ʋ."
1,"At the same time I saw the Lamb open the first of the seven seals, I heard one of the four living creatures shout with a voice like thunder. It said, “Come out!”","Ɛɛ rɛ ŋ na dɩ Pebiye hʋ kaŋ kelni bapɛ hʋ laasɩya kɩŋ a kaŋ tɔrɩ. Nyɛ rɛ ŋ nɩɩ dɩ kɩweye hʋ banaa kɩdɩgɩ yɩra, ʋ taal kɩɩ gɛɛ anɩɩ duwoŋ aa nɔsɔ, a baa “ko!”"
2,"Then I saw a white horse. Its rider carried a bow and was given a crown. He had already won some victories, and he went out to win more.","Ɛɛ rɛ ŋ deŋ, a na gyapʋlʋŋ. Nal hʋ aa gyɩna ʋ kol too, ka ba kpa kuworinyupugi tɩya ʋ. Ɛɛ rɛ ʋ lɩɩ mʋ anɩɩ bayuwol aa yuwo kɩ di saŋa buloŋ, dɩ ʋ yuwo yuwo a di ʋ dɔmɔ."
3,"When the Lamb opened the second seal, I heard the second living creature say, “Come out!”","Ɛɛ rɛ Pebiye hʋ bɩl kaŋ kelni hʋ kɩlɩya tɩɩna a kaŋ tɔrɩ. Doŋ nɛ ŋ bɩl nɩɩ dɩ kɩweye hʋ banaa lɩya tɩɩna mɛ yɩra a baa, “ko!”"
4,"Then another horse came out. It was fiery red. And its rider was given the power to take away all peace from the earth, so people would slaughter one another. He was also given a big sword.","Ɛɛ rɛ gyaagʋ kɩdɩgɩ mɛ ko lɩɩ, a yaa gyafɩyaŋ. Doŋ nɛ ba kpa dee tɩya nal hʋ aa gyɩna ʋ, dɩ ʋ kaŋ yuwo ko dʋnɩya, dɩ nala kɩ yuwo dɔmɔŋ a kɩ kpʋ dɔmɔŋ. Ba gyɩ kpaa takoobibal lɛ a tɩya ʋ."
5,"When the Lamb opened the third seal, I heard the third living creature say, “Come out!” Then I saw a black horse, and its rider had a balance scale in one hand.","Ɛɛ rɛ Pebiye hʋ bɩl kaŋ kelni hʋ kɩtoo tɩɩna a kaŋ tɔrɩ. Ɛɛ rɛ ŋ nɩɩ dɩ kɩweye hʋ too tɩɩna mɛ yɩra a baa, “Ko!” Ɛɛ rɛ ŋ deŋ, a na gyabiŋ. Nal hʋ aa gyɩna ʋ kol sanɩya ʋ noŋ tɩyaŋ."
6,"I heard what sounded like a voice from somewhere among the four living creatures. It said, “A liter of wheat will cost you a whole day's wages! Three liters of barley will cost you a day's wages too. But don't ruin the olive oil or the wine.”","Ɛɛ rɛ ŋ nɩɩ wɩɩ aa kɩɩ gɛɛ anɩɩ nal taal, a lɩɩ kɩweye hʋ banaa tʋtʋʋ tɩyaŋ, a baa, “Ba sɩ yallɩ nasaarɩmɩya kʋrʋba a maga baadee tʋŋtʋnnɩ kyɛpiliŋ tuno, ka dɩ ba yallɩ mɩkʋrʋba boto mɛ a maga baadee tʋŋtʋnnɩ kyɛpiliŋ tuno. Amɛ ma ta kyogi nʋʋ bee sɩŋ yalɩɩ kɛ nyɛ.”"
7,"When the Lamb opened the fourth seal, I heard the voice of the fourth living creature say, “Come out!”","Ɛɛ rɛ Pebiye hʋ bɩl kaŋ kelni kɩnaa tɩɩna a kaŋ tɔrɩ. Ɛɛ rɛ ŋ nɩɩ dɩ kɩweye hʋ kɩnaa tɩɩna mɛ yɩra a baa, “ko!”"
8,"Then I saw a pale green horse. Its rider was named Death, and Death's Kingdom followed close behind. They were given power over one fourth of the earth, and they could kill its people with swords, famines, diseases, and wild animals.","Ɛɛ rɛ ŋ deŋ a na gyakɔŋ-kpɩlɩlɩ kɩdɩgɩ. Nal hʋ aa gyɩna ʋ feŋ nɛ yaa Sʋʋ, ka lalɩyabee kɩ tɩŋ ʋ hal. Ɛɛ rɛ Wɩɩsɩ tɩya ba dee dɩ ba kpa yuwo abee losi abee wɩɩla abee ɔhɔ-kɩna a kpʋ nihuwobisi buloŋ aa we dʋnɩya ba aa kaŋ kpaa leye banaa lɩdɩgɩ tɩyaŋ."
9,"When the Lamb opened the fifth seal, I saw under the altar the souls of everyone who had been killed for speaking God's message and telling about their faith.","Pebiye hʋ aa kaŋ kelni hʋ kɩnɔɔ tɩɩna a kaŋ tɔrɩ, ɛɛ rɛ ŋ deŋ a na nala ba aa kpʋwa dʋŋsɩ dɩ ba we kogu hʋ ba aa kpaa wɩɩsʋllɩ kɩna kɩ nyɔgɔ memii tɩyaŋ. Nala no fa aa basɩ Wɩɩsɩ wɩya rɛ abee wɩtɩɩ aŋ bɩ bɩla hal, ɛɛ rɛ tɩŋ ba kpʋ ba."
10,"They shouted, “Master, you are holy and faithful! How long will it be before you judge and punish the people of this earth who killed us?”","Ɛɛ rɛ ba ŋmaa nyʋwa baŋ baŋ baŋ a baa, “Á Tɩɩna Wɩɩgyoribakɔɔ, Ɩ yaa Tɩpʋlʋŋ Tɩɩna rɛ a kaŋ wɩtɩɩ mɛ, kyɛbee rɛ ɩ tɩɩ sɩ di dʋnɩya nala hʋ aa kpʋ ma sarɩya, a dɔgɩsɩ ba?”"
11,Then each of those who had been killed was given a white robe and told to rest for a little while. They had to wait until the complete number of the Lord's other servants and followers would be killed.,"Ɛɛ rɛ Wɩɩsɩ kpa gapʋlʋŋ a tɩya ba kɩdɩgɩ buloŋ aŋ basɩ tɩya ba dɩ ba gyegili mʋhʋ tʋlɩɩ, dɩ ba kpʋ ba tʋŋtʋnnɩ-dɔŋtɩŋsɩ abee ba nɩmmabalɩya hʋ badɔmɔŋ mɛ anɩɩ gɛɛ ba aa kpʋʋ ba, a maga gɛɛ Wɩɩsɩ aa magɩlɩ biŋ."
12,"When I saw the Lamb open the sixth seal, I looked and saw a great earthquake. The sun turned as dark as sackcloth, and the moon became red as blood.","Pebiye hʋ aa kaŋ kelni hʋ kɩdʋʋ tɩɩna a kaŋ tɔrɩ, ŋ na dɩ taŋha gyegile yʋga. Ɛɛ rɛ wɩɩpɔsɩɩ buloŋ bil gɛɛ timm anɩɩ gabiŋyohi, pene buloŋ mɛ fɩyɛsɩ gɛɛ anɩɩ kyal."
13,"The stars in the sky fell to earth, just like figs shaken loose by a windstorm.",Ka kyɩŋwʋlɩya lɩɩ wɩɩsɩnyuu a ko tuu kɩ tele taŋha anɩɩ puwoduwo aa kyɩrɩ pil-huwoni kɩ lo taŋha gɛɛ.
14,"Then the sky was rolled up like a scroll, and all mountains and islands were moved from their places.",Ɛɛ rɛ wɩɩsɩnyuu buloŋ nyʋgɩsɩ gɛɛ anɩɩ ba aa kaŋ wasa kulo kpa dɩgɩ dʋŋ. Dogiŋsi abee fuwokpoŋiye buloŋ sii ba liweeliye tɩyaŋ.
15,"The kings of the earth, its famous people, and its military leaders hid in caves or behind rocks on the mountains. They hid there together with the rich and the powerful and with all the slaves and free people.","Ɛɛ rɛ dʋnɩya kuworo, abee paalʋʋ didenne, abee laalyuwolhɩyasɩ, abee kɩna tɩmma, abee nɩbala, abee nala buloŋ, yosi abee nala hʋ aa tɩŋ ba tɩɩma, ba buloŋ fá gyʋʋ faŋa dogiŋsi bʋbʋʋsɩ abee bʋpagɩsɩ tɩyaŋ."
16,"Then they shouted to the mountains and the rocks, “Fall on us! Hide us from the one who sits on the throne and from the anger of the Lamb.","Aŋ kɩ yɩrɩ dogiŋsi hʋ abee bʋwa hʋ abaa, “Ma tele tɔ ma dɩ nal hʋ aa hɔŋ kuworikpasa hʋ nyuu ta naa ma, dɩ Pebiye hʋ mɛ ta dɔgɩsɩ ma,"
17,"That terrible day has come! God and the Lamb will show their anger, and who can face it?”",Beewɩya kyɛɛ hʋ ba aa sɩ daga ba baaŋ dʋnɩya nala nyuu tɩyaŋ pele rɛ. Nal buloŋ tuwo aa sɩ wuwo sɩŋ ba sɩya.”
000,from Benjamin. People from Every Nation,Nɩgyamaa hʋ aa bɩ kaŋ dɩɩsɩɩ
2,"After this I saw four angels. Each one was standing on one of the earth's four corners. The angels held back the four winds, so that no wind would blow on the earth or on the sea or on any tree. These angels had also been given the power to harm the earth and the sea. Then I saw another angel come up from where the sun rises in the east, and he was ready to put the mark of the living God on people. He shouted to the four angels,","Ɛɛ rɛ ka ŋ na malɩka kɩdɩgɩ dɩ ʋ lɩɩ wɩɩpɔsɩɩ dɩɩlaŋ a ko kɩ gyɩŋ wɩɩsɩnyuu, a kol kɩŋ hʋ Wɩɩsɩ hʋ aa weye aa kaŋ magɩlɩ ʋ nala. Ɛɛ rɛ ʋ huwori yɩrɩ malɩkasɩ hʋ banaa Wɩɩsɩ fa aa tɩya ba dee dɩ ba kyogi taŋha abee mpʋwɔnʋʋ hʋ,"
3,“Don't harm the earth or the sea or any tree! Wait until I have marked the foreheads of the servants of our God.”,"a basɩ tɩya ba abaa, “Ma ha ta ko kyogi taŋha koo mpʋwɔnʋʋ koo tɩɩsɩ, see dɩ á magɩlɩ á Tɩɩna Wɩɩsɩ tʋŋtʋnna ba tilli tɩyaŋ a teŋ.”"
4,Then I heard how many people had been marked on the forehead. There were,Ɛɛ rɛ ba daga nala hʋ Wɩɩsɩ aa magɩla nyʋwa a tɩya ŋ. Ba yaa tusi kɔɔ abee tusi mɔllɩ balɩya bee banaa rɛ (
12,"and said, “Amen! Praise, glory, wisdom, thanks, honor, power, and strength belong to our God forever and ever! Amen!”","a baa, “Amɩ. Á Tɩɩna Wɩɩsɩ kaŋ dee rɛ abee wɩgyʋŋ abee gaŋdarɩ. Ma leŋ dɩ á kɩ dannɩ ʋ, a kɩ kyʋwalɩ ʋ aŋgyʋwasʋ, a kɩ kpa ʋ yohuŋ a kaŋ kɩ mʋ maakyiye buloŋ. Amɩ.”"
9,"After this, I saw a large crowd with more people than could be counted. They were from every race, tribe, nation, and language, and they stood before the throne and before the Lamb. They wore white robes and held palm branches in their hands,","Ɛɛ hal tɩyaŋ nɛ ŋ deŋ a na nɩgyamaa badɔmɔŋ nal buloŋ aa bɩ sɩ wuwo dɩɩsɩ. Ba lɩɩ dʋnɩya logiŋ kɛ buloŋ nɛ a lɩɩ taŋhasɩ iriŋ iriŋ buloŋ, abee nihuwobisi doho iriŋ iriŋ buloŋ tɩyaŋ, a kɩ basɩ taanɩ iriŋ iriŋ buloŋ. Ŋ na dɩ ba sɩŋ kuworikpasa hʋ abee Pebiye hʋ sɩya tɩyaŋ, a laalɩ gapʋlʋŋdoliye doliye, a kol abɛɛ paaponni ba nosi tɩyaŋ."
10,"as they shouted, “Our God, who sits upon the throne, has the power to save his people, and so does the Lamb.”","Nɩgyamaa hʋ yaa kyagɩŋsɩ yʋga abaa, “Á Tɩɩna Wɩɩsɩ aa hɔŋ kuworikpasa hʋ nyuu abee Pebiye hʋ, ba aa rɛ laa ma ta.”"
11,The angels who stood around the throne knelt in front of it with their faces to the ground. The elders and the four living creatures knelt there with them. Then they all worshiped God,"Ka malɩkasɩ hʋ buloŋ sɩŋ gol kuworikpasa hʋ abee nɩhɩyasɩ mɔlɩya bee banaa hʋ abee kɩweye banaa hʋ. Ɛɛ rɛ malɩkasɩ hʋ aa tuu kyige pumpuŋ kuworikpasa hʋ sɩya tɩyaŋ, a kyʋwalɩ Wɩɩsɩ"
13,"One of the elders asked me, “Do you know who these people are that are dressed in white robes? Do you know where they come from?”","Ɛɛ rɛ nɩhɩyasɩ hʋ kɩdɩgɩ pɩyɛsɩ ŋ a baa, “Kɩbeema rɛ laalɩ gapʋlʋŋdoliye hʋ gɛɛ, lee rɛ ba lɩɩ?”"
14,"“Sir,” I answered, “you must know.” Then he told me: “These are the ones who have gone through the great suffering. They have washed their robes in the blood of the Lamb and have made them white.","Ɛɛ rɛ ŋ basɩ tɩya ʋ a baa, “Ŋ nɩhɩyawʋ, Ɩ rɛ gyɩma.” Ɛɛ rɛ ʋ basɩ tɩya ŋ a baa, “Nala no rɛ Wɩɩsɩ lɩɩ tʋwarɩbal hʋ tɩyaŋ. Ba aa rɛ sasɩ ba gannɩ Pebiye hʋ kyal tɩyaŋ, ba lɩɩ peretete."
15,And so they stand before the throne of God and worship him in his temple day and night. The one who sits on the throne will spread his tent over them.,"Ɛɛ rɛ tɩŋ ba sɩŋ Wɩɩsɩ kuworikpasa hʋ sɩya tɩyaŋ, a tʋma kɩ tɩya ʋ kyɛɛ bee ʋ nyʋwa buloŋ ʋ Wɩɩkyʋwaldɩɩbal hʋ tɩyaŋ. Nal hʋ aa hɔŋ kuworikpasa hʋ tɩyaŋ nɛ sɩ we ba lee a kɩ pɔ ba."
16,"They will never hunger or thirst again, and they won't be troubled by the sun or any scorching heat.","Losi bɩl bɩ sɩ kaŋ ba, nɩɩnyʋwasɩ mɛ bɩ sɩ kaŋ ba, wɩɩnʋŋ bɩl bɩ sɩ nyɔgɩ ba, nʋŋ mɛ bɩl bɩ sɩ kaŋ ba."
17,"“The Lamb in the center of the throne will be their shepherd. He will lead them to streams of life-giving water, and God will wipe all tears from their eyes.”","Wɩɩ buloŋ bɩl bɩ sɩ yaa ba, beewɩya Pebiye hʋ aa sɩŋ Wɩɩsɩ kuworikpasa hʋ sɩya rɛ sɩ kɩ deŋ ba nyuu tɩyaŋ, anɩɩ pedaal aa kɩ deŋ ʋ piyese nyuu gɛɛ. Ʋ rɛ sɩ kaŋ ba mʋ nɩɩpaala lee, nɩɩ hʋ aa tɩya mɩɩbol. Wɩɩsɩ mɛ sɩ tɩɩgɩ ba sɩnɩɩl buloŋ ta.”"
1,"When the Lamb opened the seventh seal, there was silence in heaven for about half an hour.","Saŋa hʋ Pebiye hʋ aa kaŋ kelni bapɛ hʋ ba aa kaŋ taarɩ teŋkulii hʋ tɔ kateŋsi tɔrɩ, wɩɩsɩbee buloŋ yaa sɩrɩtɩtɩ a pele miŋti mɔlɩya abee fi."
2,I noticed that the seven angels who stood before God were each given a trumpet.,Ɛɛ rɛ ka ŋ na malɩkasɩ hʋ bapɛ aa sɩŋ Wɩɩsɩ sɩya tɩyaŋ. Doŋ nɛ ba kpa kabɩla bapɛ tɩya ba.
3,"Another angel, who had a gold container for incense, came and stood at the altar. This one was given a lot of incense to offer with the prayers of God's people on the gold altar in front of the throne.","Malɩka kɩdɩgɩ mɛ ko sɩŋ kogu hʋ logiŋ, a kol salma tahana hʋ ba aa kpaa wɩsɩnaaŋ we a nyɔgɔ kɩ tɩya Wɩɩsɩ. Ɛɛ rɛ ba kpa wɩsɩnaaŋ yʋga tɩya ʋ, dɩ ʋ kpa pɛ Wɩɩsɩ nala wɩɩkyʋwalɩ tɩyaŋ a nyɔgɔ tɩya Wɩɩsɩ. Ʋ sɩ nyɔgɩ ba salma kogu hʋ aa sɩŋ kuworikpasa hʋ sɩya tɩyaŋ nyuu."
4,"Then the smoke of the incense, together with the prayers of God's people, went up to God from the hand of the angel.",Ɛɛ rɛ wɩsɩnaaŋ hʋ nyʋwɔsɩ abee Wɩɩsɩ nala wɩɩkyʋwalɩ lɩɩ malɩka hʋ noŋ tɩyaŋ a mʋ Wɩɩsɩ lee.
5,"After this, the angel filled the incense container with fire from the altar and threw it on the earth. Thunder roared, lightning flashed, and the earth shook. The Trumpets","Doŋ nɛ malɩka hʋ kyaanɩ diŋ kogu hʋ nyuu tɩyaŋ a su salma tahana hʋ a kpa yuwo ʋ ko tuu taŋha. Ɛɛ rɛ duwoŋ kɩ nɔsɩ, a kɩ lɩgɩsɩ, ka taŋha kɩ gyigili. Malɩkasɩ hʋ mʋʋ kabɩla hʋ"
6,The seven angels now got ready to blow their trumpets.,Ɛɛ rɛ malɩkasɩ hʋ bapɛ aa kaŋ kabɩla bapɛ hʋ yaa siri dɩ ba mʋʋ kabɩla hʋ.
7,"When the first angel blew his trumpet, hail and fire mixed with blood were thrown down on the earth. A third of the earth, a third of the trees, and a third of all green plants were burned.","Malɩka-buŋbuŋ tɩɩna hʋ mʋʋ ʋ kabɩl. Ɛɛ rɛ ba kpa duwoŋbʋwa abee diŋ aa guwosi kyal tɩyaŋ a yuwo lo taŋha. Ɛɛ rɛ taŋha nyuu buloŋ ba aa kaŋ kpaa leye boto a kaŋ lɩdɩgɩ lɩɩ buloŋ di diŋ, taŋha nyuu tɩɩsɩ buloŋ ba aa kaŋ kpaa leye boto a kaŋ lɩdɩgɩ lɩɩ buloŋ mɛ di diŋ, taŋha nyuu ɔfɩyɛla buloŋ mɛ di diŋ."
8,"When the second angel blew his trumpet, something like a great fiery mountain was thrown into the sea. A third of the sea turned to blood,",Ɛɛ rɛ malɩka-lɩya hʋ tɩɩna mɛ mʋʋ ʋ kabɩl. Doŋ nɛ ba kpa kɩŋ aa kɩɩ gɛɛ anɩɩ dogiŋbal aa di diŋ a yuwo we mpʋwɔnʋʋ tɩyaŋ.
10,"When the third angel blew his trumpet, a great star fell from heaven. It was burning like a torch, and it fell on a third of the rivers and on a third of the springs of water.","Ɛɛ rɛ malɩka-too hʋ tɩɩna mɛ mʋʋ ʋ kabɩl. Doŋ nɛ kyɩŋwʋlbal kɩdɩgɩ lɩɩ wɩɩsɩnyuu, a kɩ di gɛɛ anɩɩ fɩŋtɩna, a ko tuu tele fuwoni abee bulli buloŋ ba aa kaŋ kpaa leye boto a kaŋ lɩdɩgɩ lɩɩ tɩyaŋ."
11,"The name of the star was Bitter, and a third of the water turned bitter. Many people died because the water was so bitter.","Kyɩŋwʋlɩɩ hʋ feŋ nɛ yaa Kɩhaa. Ʋ aa hayɛ wɩya, nɩɩrɩ hʋ tɩyaŋ ʋ aa tele hʋ mɛ hayɛ, nɩgyamaa yʋga aa nyʋwa nɩɩ hʋ sʋba akuu nɩɩ hʋ aa hayɛ wɩya."
12,"When the fourth angel blew his trumpet, a third of the sun, a third of the moon, and a third of the stars were struck. They each lost a third of their light. So during a third of the day there was no light, and a third of the night was also without light.","Ɛɛ rɛ malɩka-naa hʋ tɩɩna mɛ mʋʋ ʋ kabɩl. Ɛɛ rɛ ba ŋmaa wɩɩpɔsɩɩ abee pene abee kyɩŋwʋlɩya ba aa kaŋ ba kɩdɩgɩ buloŋ kpaa leye boto a kaŋ lɩdɩgɩ lɩɩ. Ɛɛ rɛ ba kɩdɩgɩ buloŋ pʋlʋŋ ba aa kaŋ kpaa leye boto a kaŋ lɩdɩgɩ lɩɩ buloŋ nyʋgɩsɩ. Ɛɛ rɛ pʋlʋŋ bɩl tuwo sɩgballɩya ba kaŋ kpaa leye boto a kaŋ lɩdɩgɩ lɩɩ tɩyaŋ, a bɩl tuwo tebine mɛ ba aa kaŋ kpaa leye boto a kaŋ lɩdɩgɩ lɩɩ tɩyaŋ."
13,"Then I looked and saw a lone eagle flying across the sky. It was shouting, “Trouble, trouble, trouble to everyone who lives on earth! The other three angels are now going to blow their trumpets.”","Ɛɛ rɛ ŋ deŋ a na kakyuu dɩ ʋ aa gyaarɩ wɩɩsɩnyuu tɩyaŋ ka ŋ nɩɩ dɩ ʋ nɔsɔ yʋga abaa, “Owu, Tʋwara! Tʋwara! Tʋwara! Nala hʋ aa we taŋha nyuu tɩyaŋ sɩ na tʋwara saŋa hʋ malɩka-kaalɩya hʋ boto aa sɩ mʋʋ ba kabɩla.”"
1,"When the fifth angel blew his trumpet, I saw a star fall from the sky to earth. It was given the key to the tunnel that leads down to the deep pit.",Ɛɛ rɛ malɩka-nɔɔ hʋ tɩɩna mɛ mʋʋ ʋ kabɩl. Doŋ nɛ ŋ na kyɩŋwʋlɩɩ dɩ ʋ lɩɩ wɩɩsɩnyuu a ko tuu tele taŋha. Ba kpa bootogiluŋii hʋ aa bɩ kaŋ lɩtenii saafɩɩbii a tɩya ʋ.
2,"As it opened the tunnel, smoke poured out like the smoke of a great furnace. The sun and the air turned dark because of the smoke.","Ɛɛ rɛ ʋ kaŋ bootogiluŋii hʋ nyʋwa suri, nyʋwɔsɩ lɩɩ bootogiluŋii hʋ tɩyaŋ a kɩɩ gɛɛ anɩɩ diŋbal nyʋwɔsɩ, a tɔ pʋlʋŋ abee wɩɩsɩnyuu buloŋ, ba bil."
3,Locusts came out of the smoke and covered the earth. They were given the same power that scorpions have.,Ɛɛ rɛ hʋwa lɩɩ nyʋwɔsɩ hʋ tɩyaŋ a ko tuu taŋha. Ba leŋ ba wuwo kɩ dʋŋ nala gɛɛ anɩɩ nʋʋŋsɩ.
4,The locusts were told not to harm the grass on the earth or any plant or any tree. They were to punish only those people who did not have God's mark on their foreheads.,Ba bɩ tɩya ba ŋmanɩɩ dɩ ba kyogi ɔhɔ koo tɩɩsɩ koo kɩna hʋ aa nyʋʋ taŋha tɩyaŋ. Amɛ ba tɩya ba ŋmanɩɩ rɛ dɩ ba bɔŋsɩ nal hʋ buloŋ aa bɩ kaŋ Wɩɩsɩ magɩl ʋ tile tɩyaŋ.
5,"The locusts were allowed to make them suffer for five months, but not to kill them. The suffering they caused was like the sting of a scorpion.","Ba bɩ tɩya hʋwa hʋ ŋmanɩɩ dɩ ba kpʋ nala no, amɛ dɩ ba dɔgɩsɩ ba peŋsi bɔnɔŋ. Tʋwara hʋ ba aa naa ʋ kɩɩ gɛɛ rɛ nʋʋma aa dʋŋ nal ʋ kɩ wɩɩ gɛɛ."
6,"In those days people will want to die, but they will not be able to. They will hope for death, but it will escape from them.","Haŋ saŋa hʋ tɩyaŋ, nala sɩ kɩ kyɛ dɩ ba sʋba, amɛ ba bɩ sɩ wuwo sʋba. Ba sɩ kyo dɩ ba sʋba ka dɩ sʋʋ fá nyʋgɩsɩ ba sɩya tɩyaŋ."
7,"These locusts looked like horses ready for battle. On their heads they wore something like gold crowns, and they had human faces.","Hʋwa hʋ fa kɩɩ gɛɛ anɩɩ gyaaga ba aa kpɩyɛra dɩ ba kaŋ mʋ yuwo. Ba kyige kɩna aa kɩɩ gɛɛ anɩɩ salma nyupugini rɛ, ka ba sɩya mɔgɩ mɛ kɩɩ gɛɛ nihuwobisi sɩya."
8,"Their hair was like a woman's long hair, and their teeth were like those of a lion.",Ba nyupʋna mɛ gyɩ kɩɩ gɛɛ anɩɩ haaŋ nyupʋna. Ba nyɩŋa mɛ kɩɩ gɛɛ anɩɩ naakyigi nyɩŋa.
9,On their chests they wore armor made of iron. Their wings roared like an army of horse-drawn chariots rushing into battle.,Kɩna badɔmɔŋ gyɩ tɔɔ ba bembiye rɛ a kɩɩ gɛɛ anɩɩ hɔgɩ ba aa kpa tɔ bembii a kaŋ kɩ yuwo yuwo. Ba kɩŋkanɩya mɛ kɩ yaa kyagɩŋsɩ anɩɩ gyagyamaa aa tarɩ torukusi a fá kɩ mʋ yuwo.
10,Their tails were like a scorpion's tail with a stinger that had the power to hurt someone for five months.,"Ba gyɩ kaŋ gyosi bee fɩllɩ rɛ anɩɩ nʋʋŋsɩ. Dee hʋ buloŋ ba fa aa kana dɩ ba kaŋ dɔgɩsɩ nala peŋsi bɔnɔŋ hʋ buloŋ, ʋ fa we ba gyosi no tɩyaŋ nɛ."
11,"Their king was the angel in charge of the deep pit. In Hebrew his name was Abaddon, and in Greek it was Apollyon.","Malɩka hʋ fa aa kol bootogiluŋii hʋ saafɩɩbii hʋ rɛ fa yaa ba kuwori. Gyuuma taal tɩyaŋ ba aa yɩrɩ ʋ Abadaŋ. Giriki tɩmma taal tɩyaŋ mɛ, ba aa yɩrɩ ʋ Apɔliyɔŋ nɛ."
12,The first horrible thing has now happened! But wait. Two more horrible things will happen soon.,Laasɩya tʋwara hʋ ba aa sɩ na ʋ lɩtenii rɛ nyɛ. Amɛ tʋwarasɩ balɩya rɛ ha kaa.
13,Then the sixth angel blew his trumpet. I heard a voice speak from the four corners of the gold altar that stands in the presence of God.,Ɛɛ rɛ malɩka-dʋʋ hʋ tɩɩna mɛ mʋʋ ʋ kabɩl. Doŋ nɛ ŋ nɩɩ taal dɩ ʋ lɩɩ salma kogu hʋ aa sɩŋ Wɩɩsɩ sɩya logimo banaa hʋ tɩyaŋ.
14,"The voice spoke to this angel and said, “Release the four angels who are tied up beside the great Euphrates River.”","Ɛɛ rɛ taal hʋ basɩ tɩya malɩka-dʋʋ hʋ tɩɩna hʋ aa kol kabɩl hʋ a baa, “Puri malɩkasɩ hʋ banaa hʋ ba aa vʋwa biŋ Yufireti fuwobal hʋ tɩyaŋ a ta.”"
15,The four angels had been prepared for this very hour and day and month and year. Now they were set free to kill a third of all people.,Ba fa vʋwa ba biŋ nɛ a yaa siri gbala kyɛɛ no abee pene no abee bɩna no ba aa puri ba ta dɩ ba kpʋ dʋnɩya nala buloŋ ba aa kaŋ kpaa leye boto a kaŋ lɩdɩgɩ lɩɩ.
18,"One third of all people were killed by the three terrible troubles caused by the fire, the smoke, and the sulfur.",Balo-kɩna no boto rɛ kpʋʋ nihuwobisi doho nala buloŋ ba aa kaŋ kpaa leye boto lɩdɩgɩ hʋ. Ba aa rɛ nyɛ: Diŋ abee nyʋwɔsɩ abee gyɩrɩbʋyɩ hʋ aa lɩɩ gyaaga hʋ nyʋʋsɩ tɩyaŋ.
19,"The horses had powerful mouths, and their tails were like poisonous snakes that bite and hurt.","Gyaaga hʋ dee buloŋ fa we ba nyʋʋsɩ abee ba gyosi tɩyaŋ nɛ. Ba gyosi gyɩ kɩɩ gɛɛ rɛ anɩɩ dʋma, a kaŋ nyuni. Kɩna no rɛ ba kaŋ kɩ bɔŋsɩ nala."
20,"The people who lived through these terrible troubles did not turn away from the idols they had made, and they did not stop worshiping demons. They kept on worshiping idols that were made of gold, silver, bronze, stone, and wood. Not one of these idols could see, hear, or walk.","Dʋnɩya nɩkaalɩya hʋ baloo no aa bɩ kpʋwa, ba mɛ ha bɩ leŋ kɩna hʋ ba tɩɩ aa mara a kɩ kpaarɩ. Ba ha aa tɩŋ gyɩŋbɔmɔ hal lɛ a kɩ marɩ vʋga ba aa kpaa salma koo kpana koo kɔlɩɩ koo bʋwa koo daasɩ a marɩ. Vʋga no bee na, ba bee nɩɩ wɩya, a bɩ wuwo kɩ vala mɛ."
21,No one stopped murdering or practicing witchcraft or being immoral or stealing.,"Nala no bɩ bɩrɩmɩ ba hakɩllɩ a lɩɩ nala kpʋyɩ, abee hɩrʋ abee sɔŋsɔŋ abee gaal hʋ tɩyaŋ ba aa we."
1,"I saw another powerful angel come down from heaven. This one was covered with a cloud, and a rainbow was over his head. His face was like the sun, his legs were like columns of fire,","Ɛɛ rɛ ka ŋ bɩl na malɩkaduwo kɩdɩgɩ dɩ ʋ lɩɩ wɩɩsɩbee a ko tuu. Taala tɔ ʋ buloŋ gɛɛ anɩɩ ʋ aa laalɩ gadolii, ka dosiye baarɩ ʋ nyuu. Ʋ sɩya mɔgɩ kɩ tʋla gɛɛ anɩɩ wɩɩpɔsɩɩ. Ʋ naasɩ mɛ kɩɩ gɛɛ anɩɩ diŋpʋwala."
2,and with his hand he held a little scroll that had been unrolled. He stood there with his right foot on the sea and his left foot on the land.,"Ka ʋ kol teŋbiye aa suro ʋ noŋ tɩyaŋ. Ɛɛ rɛ ʋ kpa ʋ noduu naaŋ a dɔbɔ mpʋwɔnʋʋ nyuu tɩyaŋ, a kpa ʋ nogɔbɔ naaŋ mɛ a sɩgɩ taŋha."
3,Then he shouted with a voice that sounded like a growling lion. Thunder roared seven times.,"Ɛɛ rɛ ʋ nɔsɩ yʋga anɩɩ naakyigi aa gerise gɛɛ. Ʋ aa nɔsɔ gɛɛ, duwoŋ mɛ laa nɔsɩ bʋpɛ."
4,"After the thunder stopped, I was about to write what it had said. But a voice from heaven shouted, “Keep it secret! Don't write these things.”","Ɛɛ rɛ ŋ fa kɩ kyɛ dɩ ŋ sabɩ wɩya hʋ duwoŋ hʋ aa nɔsɔ bʋpɛ hʋ a basɩ. Doŋ nɛ ŋ nɩɩ taal dɩ ʋ lɩɩ wɩɩsɩnyuu a basɩ tɩya ŋ a baa, “Leŋ dɩ wɩya hʋ duwoŋ hʋ aa nɔsɔ basɩ we ɩ nyuu tɩyaŋ. Ta saba biŋ.”"
5,The angel I had seen standing on the sea and the land then held his right hand up toward heaven.,"Ɛɛ rɛ ka ŋ na malɩka hʋ, nal hʋ naadɩgɩ aa sɩŋ mpʋwɔnʋʋ tɩyaŋ, ka kɩdɩgɩ mɛ sɩŋ taŋhahɩlɩɩ tɩyaŋ, dɩ ʋ kaŋ ʋ noduu noŋ a yɩya wɩɩsɩnyuu."
6,"He made a promise in the name of God who lives forever and who created heaven, earth, the sea, and every living creature. The angel said, “You won't have to wait any longer.","Ɛɛ rɛ ʋ ŋmɩyɛsɩ nal hʋ aa we doŋ a kaŋ kɩ mʋ maakyiye buloŋ, nal hʋ aa taa wɩɩsɩnyuu abee kɩna hʋ buloŋ aa we wɩɩsɩnyuu, abee taŋha abee kɩna hʋ buloŋ aa we doŋ, abee mpʋwɔnʋʋ abee kɩna buloŋ aa we ʋ tɩyaŋ. Ʋ ŋmɩyɛsa rɛ a baa, “Wɩɩsɩ bɩl bɩ sɩ gyegili bee wɩɩ hʋ ʋ aa kyɛ dɩ ʋ yaa.”"
7,"God told his secret plans to his servants the prophets, and it will all happen by the time the seventh angel sounds his trumpet.”","Amɛ kyɛɛ hʋ malɩka-pɛɛ hʋ tɩɩna aa sɩ ko mʋʋ ʋ kabɩl, Wɩɩsɩ sɩ leŋ dɩ ʋ bampaga hʋ aa yaa wɩfaŋɩya hʋ buloŋ yaa anɩɩ gɛɛ ʋ gyɩ aa basɩ tɩya ʋ tʋŋtʋnna Wɩɩsɩ tɩŋdaala hʋ."
8,"Once again the voice from heaven spoke to me. It said, “Go and take the open scroll from the hand of the angel standing on the sea and the land.”","Ɛɛ rɛ ŋ bɩl nɩɩ taal hʋ tɩɩ aa lɩɩ wɩɩsɩnyuu dɩ ʋ basɩ tɩya ŋ a baa, “Mʋ laa teŋbiye hʋ aa suro malɩka hʋ noŋ tɩyaŋ, malɩka hʋ naadɩgɩ aa sɩŋ mpʋwɔnʋʋ tɩyaŋ, ka kɩdɩgɩ mɛ sɩŋ taŋha tɩyaŋ hʋ.”"
9,"When I went over to ask the angel for the little scroll, the angel said, “Take the scroll and eat it! Your stomach will turn sour, but the taste in your mouth will be sweet as honey.”","Ɛɛ rɛ ŋ mʋ malɩka hʋ lee a sʋla ʋ dɩ ʋ kpa teŋbiye hʋ tɩya ŋ. Ɛɛ rɛ ʋ basɩ tɩya ŋ abaa “Laa kyaŋ! Ʋ sɩ leŋ dɩ ɩ fuu nyagɩmɩ, amɛ ɩ nyʋwa tɩyaŋ kɛ, ʋ sʋma anɩɩ tʋʋ.”"
10,"I took the little scroll from the hand of the angel and ate it. The taste was sweet as honey, but my stomach turned sour.","Ɛɛ rɛ ŋ laa teŋbiye hʋ malɩka hʋ noŋ tɩyaŋ a kpa kyaŋ. Ʋ sʋma anɩɩ tʋʋ ŋ nyʋwa tɩyaŋ, amɛ ʋ aa tuu ŋ fuu teŋ, ŋ fuu buloŋ nyagɩmɩ."
2,"But don't measure the courtyard outside the temple building. Leave it out. It has been given to those people who don't know God, and they will trample all over the holy city for","amɛ ta magɩsɩ Wɩɩkyʋwaldɩɩbal hʋ gyaŋwuwo kɛ, beewɩya ba kpaa doŋ tɩya nala hʋ aa bɩ yaa Gyuuma rɛ. Ba sɩ ŋmaa ʋ gyebiye lo, a fɩrɩgɩ Wɩɩsɩ tɔbal hʋ peŋsi mɔllɩbalɩya abee balɩya."
4,These two witnesses are the two olive trees and the two lampstands that stand in the presence of the Lord who rules the earth.,"Daŋsɩya tɩmma no balɩya rɛ yaa Olivi tɩɩsɩ hʋ balɩya abee fɩŋtɩŋdaasɩ hʋ balɩya aa sɩŋ á Tɩɩna Wɩɩsɩ, nal hʋ aa tɩŋ taŋha, sɩya tɩyaŋ."
5,Any enemy who tries to harm them will be destroyed by the fire that comes out of their mouths.,Dɩ ba dɔŋ buloŋ nɛ ko kɩ kyɛ dɩ ʋ yaa ba wɩbɔŋ diŋ aa lɩɩ ba nyʋʋsɩ tɩyaŋ nɛ a di tɩɩna. Nyɛ rɛ ba aa kpʋ nal hʋ buloŋ aa kyɛ dɩ ʋ yaa ba wɩbɔŋ.
6,"They have the power to lock up the sky and to keep rain from falling while they are prophesying. And whenever they want to, they can turn water to blood and cause all kinds of terrible troubles on earth.","Nala no kaŋ dee rɛ ba aa sɩ wuwo kile duwoŋ dɩ ʋ ta nɩya kyɛyɛ hʋ ba aa kyɛ dɩ ba basɩ Wɩɩsɩ wɩya Wiyesi Welii hʋ dee tɩyaŋ, a bɩl kaŋ dee mɛ ba aa sɩ wuwo leŋ dɩ nɩɩ buloŋ bɩrɩmɩ kyal. Ba sɩ wuwo leŋ dɩ baloo iriŋ buloŋ gyʋʋ dʋnɩya nala, saŋa kɛ buloŋ ba aa kyɛ."
7,"After the two witnesses have finished preaching God's message, the beast that lives in the deep pit will come up and fight against them. It will win the battle and kill them.","Dɩ ba aa rɛ ko basɩ wɩya hʋ Wɩɩsɩ aa kpaa tɩya ba teŋ, ɔhɔ-kɩŋ hʋ aa lɩɩ bootogiluŋii hʋ aa bɩ kaŋ lɩtenii tɩyaŋ ko kɩ lɩɩ, ʋ sɩ ko yuwo di ba a kpʋ ba."
8,Their bodies will be left lying in the streets of the same great city where their Lord was nailed to a cross. And this city is spiritually like the city of Sodom or the country of Egypt.,"Ba sɩ vɩya ba teŋbiye ta dɩ ba pɩŋ haŋ tɔbal hʋ dimbee tɩyaŋ, tɔbal hʋ tɩyaŋ ba aa kpaasɩ ba tɩɩna daagarɩɩ hʋ tɩyaŋ. Ba kaŋ tɔbal no kɩ yɩrɩ Sodɔm koo Igyipiti rɛ."
9,"For three and a half days the people of every nation, tribe, language, and race will stare at the bodies of these two witnesses and refuse to let them be buried.","Nihuwobisi doho iriŋ iriŋ buloŋ nala, aa basɩ taanɩ iriŋ iriŋ buloŋ, a lɩɩ paalʋʋ iriŋ iriŋ, ba buloŋ sɩ deŋ ba kɩsʋʋnɩ kyɛyɛ boto abee kyalɩɩ. Ba bɩ sɩ laa nyʋwa dɩ ba paa ba hogo."
10,"Everyone on earth will celebrate and be happy. They will give gifts to each other, because of what happened to the two prophets who caused them so much trouble.","Dʋnɩya nala tenni sɩ fɩyɛlɩ akuu ba aa kpʋʋ nala no balɩya wɩya. Ba sɩ kɩ gbɩyalɩ, a kɩ gbɩllɩ dɔmɔŋ, a yaa bɔnyɛ wɩya kɩ tɩya dɔmɔŋ, beewɩya Wɩɩsɩ tɩŋdaala no balɩya fa kaŋ dʋnɩya nala bagɩna tɩyaŋ nɛ."
11,"But three and a half days later, God will breathe life into their bodies. They will stand up, and everyone who sees them will be terrified.","Amɛ kyɛyɛ boto abee faŋ kyɛɛ Wɩɩsɩ mɩɩgɩ tɩya nala no balɩya mɩɩbol lɛ, ba sii sɩŋ ba naasɩ tɩyaŋ. Nala hʋ buloŋ aa naa ba, kambɩŋ kaŋ ba weliŋ."
12,"The witnesses then heard a loud voice from heaven, saying, “Come up here.” And while their enemies were watching, they were taken up to heaven in a cloud.","Ɛɛ rɛ ba nɩɩ taal dɩ ʋ lɩɩ wɩɩsɩbee a basɩ tɩya nala hʋ balɩya a baa, “Ma ko gyɩŋ daha.” Ʋ aa basɩ gɛɛ teŋ, ba gyʋʋ taal tɩyaŋ a gyɩŋ wɩɩsɩbee. Ba dɔmɔ kɩ deŋ ba ka ba kɩ gyɩŋ."
13,"At that same moment there was a terrible earthquake that destroyed a tenth of the city. Seven thousand people were killed, and the rest were frightened and praised the God who rules in heaven.","Haŋ saŋa hʋ tɩɩ tɩyaŋ taŋha gyigili yʋga. Tɔbal hʋ dɩɩsɩ buloŋ ba aa kaŋ kpaa leye fi a lɩɩ lɩdɩgɩ tele, a kpʋ nala tusi bapɛ. Ɛɛ rɛ kambɩŋ kaŋ nɩkaalɩya hʋ, ba dannɩ Wɩɩsɩ aa we wɩɩsɩbee tɩyaŋ."
14,The second horrible thing has now happened! And the third one will be here soon. The Seventh Trumpet,"Tʋwarɩlɩya hʋ lɩtenii rɛ gɛɛ, too hʋ tɩɩna mɛ bɩ sɩ pɩɩsɩ aŋ tɩŋa. Malɩka-pɛɛ hʋ tɩɩna mɛ mʋʋ ʋ kabɩl"
15,"At the sound of the seventh trumpet, loud voices were heard in heaven. They said, “Now the kingdom of this world belongs to our Lord and to his Chosen One! And he will rule forever and ever!”","Ɛɛ rɛ malɩka-pɛɛ hʋ tɩɩna mɛ mʋʋ ʋ kabɩl. Doŋ nɛ ŋ nɩɩ taabala dɩ ba aa basɩ wɩya wɩɩsɩbee tɩyaŋ a baa, “Nyɛ kɛ á Tɩɩna Wɩɩsɩ abee ʋ nal hʋ ʋ aa lɩya dɩ ʋ ko laa dʋnɩya nala ta, ba laa dʋnɩya buloŋ tɩŋa rɛ a kɩ deŋ, Á Tɩɩna Wɩɩsɩ sɩ di koro dʋnɩya tɩyaŋ a kaŋ kɩ mʋ maakyiye buloŋ.”"
17,"They said, “Lord God All-Powerful, you are and you were, and we thank you. You used your great power and started ruling.","“Á aa kyʋwalɩ á Tɩɩna Wɩɩsɩ, Gyoribaŋa Bakɔɔ, aŋgyʋwasʋ rɛ, Ɩ rɛ yaa nal hʋ fa aa we doŋ faafaa buloŋ abee nal hʋ ha aa we doŋ gyɩnaŋ. Beewɩya, ɩ kpaa ɩ debal, a piili a kɩ deŋ dʋnɩya rɛ."
18,"When the nations got angry, you became angry too! Now the time has come for the dead to be judged. It is time for you to reward your servants the prophets and all your people who honor your name, no matter who they are. It is time to destroy everyone who has destroyed the earth.”","Dʋnɩya nala hʋ aa bɩ gyɩma ɩ fa naa baaŋ a beel-ɩ rɛ. Amɛ saŋa hʋ ɩ baaŋ mɛ aa sɩ sii ba nyuu tɩyaŋ pele rɛ, ka saŋa hʋ tɩɩ ɩ aa sɩ di nala hʋ aa sʋba sarɩya mɛ pele rɛ, saŋa hʋ ɩ aa sɩ tuŋ ɩ nala mɛ pele rɛ. ɩ sɩ tuŋ ɩ tʋŋtʋnna nala hʋ aa basɩ ɩ wɩya Wiyesi Welii hʋ dee tɩyaŋ, abee ɩ nala buloŋ, nala hʋ aa fá ɩ, nɩbala abee nɩbiisi buloŋ, Saŋa hʋ ɩ aa sɩ kyogi nala hʋ aa kyogi dʋnɩya mɛ pele rɛ.”"
19,"The door to God's temple in heaven was then opened, and the sacred chest could be seen inside the temple. I saw lightning and heard roars of thunder. The earth trembled and huge hailstones fell to the ground.","Ɛɛ rɛ ba kaŋ Wɩɩkyʋwaldɩɩbal hʋ aa we wɩɩsɩbee tɩyaŋ boro suri, ŋ na daga hʋ aa yaa Wɩɩsɩ bee ʋ nala nyʋwa hʋ magɩl doŋ. Ɛɛ rɛ duwoŋ kɩ lɩgɩsɩ lee buloŋ, ka duwoŋ kɩ nɔsɩ kpanana kpanana. Taŋha gyigili, ka duwoŋbʋwa ko tuu kɩ tele taŋha yʋga yʋga."
2,"She was about to give birth, and she was crying because of the great pain.","Haaŋ hʋ fa kaŋ luwol lɛ, luwol hʋ kɩ wɩɩ, ʋ kɩ kyɛ dɩ ʋ lʋla, a kɩ wɩɩ baŋbaŋ."
3,"Something else appeared in the sky. It was a huge red dragon with seven heads and ten horns, and a crown on each of its seven heads.","Ɛɛ rɛ kɩkperii kɩdɩgɩ mɛ bɩl ko lɩɩ wɩɩsɩnyuu tɩyaŋ, a kɩɩ gɛɛ anɩɩ parinyeŋŋifiyaŋbalbal, aŋ kaŋ nyuni bapɛ abee nyɩŋdaasɩ fi, aŋ kyige kuworinyupugi nyuni bapɛ hʋ kɩdɩgɩ buloŋ tɩyaŋ."
4,"With its tail, it dragged a third of the stars from the sky and threw them down to the earth. Then the dragon turned toward the woman, because it wanted to eat her child as soon as it was born.","Ɛɛ rɛ ʋ kaŋ ʋ gyoho gbaa wɩɩsɩnyuu kyɩŋwʋlɩya ba aa kaŋ kpaa leye boto lɩdɩgɩ, ba ko tuu tele taŋha. Aŋka parinyeŋŋi hʋ mʋ sɩŋ haaŋ hʋ fa aa kyɛ dɩ ʋ lʋla hʋ sɩya a gbala, dɩ ʋ lʋla dɩ ʋ kpa biye hʋ kyaŋ haŋ lagɩlagɩbiye hʋ."
5,"The woman gave birth to a son, who would rule all nations with an iron rod. The boy was snatched away. He was taken to God and placed on his throne.","Ɛɛ rɛ haaŋ hʋ lʋl boyoŋbiye, nal hʋ aa sɩ kɩ deŋ dʋnɩya nala buloŋ abee hɔgɩ-kpaasa. Ɛɛ rɛ ba kaŋ biye hʋ fasɩ gyɩŋ mʋ tɩya Wɩɩsɩ ʋ kuworikpasa hʋ tɩyaŋ,"
6,The woman ran into the desert to a place that God had prepared for her. There she would be taken care of for,"aŋka haaŋ hʋ fá gyʋʋ pogo, lee hʋ Wɩɩsɩ aa mara bine ʋ. Ʋ we doŋ ba kɩ deŋ ʋ nyuu tɩyaŋ kyɛyɛ tusi abee kɔɔsɩbalɩya abee mɔllɩboto."
7,A war broke out in heaven. Michael and his angels were fighting against the dragon and its angels.,"Saŋa no tɩyaŋ, yuwo gyɩ sii wɩɩsɩbee tɩyaŋ. Ɛɛ rɛ malɩkahɩyawʋ Maakɩl bee ʋ malɩkadɔŋtɩŋsɩ abee parinyeŋŋi hʋ bee ʋ hatɩnna kaŋ yuwo sɩgɩ."
8,But the dragon lost the battle. It and its angels were forced out of their places in heaven,Maakɩl bee ʋ noŋ nala hʋ yuwo di parinyeŋŋi hʋ bee ʋ hatɩnna. Ɛɛ rɛ ba kil parinyeŋŋi hʋ bee ʋ hatɩnna ta ba lɩɩ wɩɩsɩbee tɩyaŋ.
9,"and were thrown down to the earth. Yes, that old snake and his angels were thrown out of heaven! That snake, who fools everyone on earth, is known as the devil and Satan.",Ɛɛ rɛ ba kpa parinyeŋŋibal hʋ bee ʋ hatɩnna hʋ buloŋ a yuwo ta ba lɩɩ wɩɩsɩbee a ko tuu taŋha. Ʋ rɛ yaa Dʋŋ hʋ aa we doŋ faafaa buloŋ ba kɩ yɩrɩ Feŋkyogil koo Sɩtaanɩ. Ʋ rɛ aa mʋrɩ dʋnɩya nala buloŋ.
10,"Then I heard a voice from heaven shout, “Our God has shown his saving power, and his kingdom has come! God's own Chosen One has shown his authority. Satan accused our people in the presence of God day and night. Now he has been thrown out!","Ɛɛ rɛ ka ŋ bɩl nɩɩ taabal kɩdɩgɩ wɩɩsɩbee tɩyaŋ dɩ ʋ baa, “Saŋa hʋ Wɩɩsɩ aa sɩ laa nala ta pele rɛ. Saŋa no tɩyaŋ, Wɩɩsɩ daga ʋ dee abee ʋ koro rɛ. Krisita, laataal hʋ Wɩɩsɩ aa lɩya dɩ ʋ laa dʋnɩya nala ta mɛ daga anɩɩ ʋ kaŋ dee dʋnɩya nala buloŋ nyuu tɩyaŋ nɛ, beewɩya nal hʋ aa kpaa kyogisi kɩ tɩya á nɩmmabalɩya hʋ Wɩɩsɩ sɩya wɩɩhaa abee tebine buloŋ hʋ, ba kpa ʋ yuwo ta rɛ."
11,“Our people defeated Satan because of the blood of the Lamb and the message of God. They were willing to give up their lives.,"Wɩɩsɩ Pebiye hʋ kyal abee Wɩɩsɩ wɩya hʋ á nɩmmabalɩya hʋ aa basɩ, ba aa rɛ ba kpa yuwo di Sɩtaanɩ. Ba mɩɩbol wɩya gyɩ bɩ kyɩl ba yʋga, ba gyɩ yaa siri rɛ dɩ ba sʋba."
12,"“The heavens should rejoice, together with everyone who lives there. But pity the earth and the sea, because the devil was thrown down to the earth. He knows his time is short, and he is very angry.”","Ɛɛ wɩya, ma nala hʋ aa we wɩɩsɩbee tɩyaŋ, ma leŋ dɩ ma tenni fɩyɛlɩ. Amɛ ma nala hʋ bee kɩna hʋ aa we taŋha nyuu tɩyaŋ abee mpʋwɔnʋʋ tɩyaŋ, baloo sɩ gyʋʋ ma beewɩya Sɩtaanɩ ko tuu ma lee rɛ a kɩ na baaŋ weliŋ, beewɩya ʋ gyɩma anɩɩ ʋ bɩl bɩ sɩ pɩɩsɩ, ka dɩ ba laa ʋ dee.”"
13,"When the dragon realized it had been thrown down to the earth, it tried to make trouble for the woman who had given birth to a son.","Parinyeŋŋi hʋ aa naa dɩ ba kpa ʋ yuwo ta ʋ ko tuu taŋha gɛɛ, ɛɛ rɛ ʋ kile tɩŋ haaŋ hʋ aa lʋl boyoŋbiye hʋ hal."
14,"But the woman was given two wings like those of a huge eagle, so she could fly into the desert. There she would escape from the snake and be taken care of for a time, two times, and half a time.","Ɛɛ rɛ ba kpa kakyuubal kɩŋkanɩya tɩya haaŋ hʋ, dɩ ʋ wuwo gyaarɩ a gyʋʋ pogo a mʋ lee hʋ Wɩɩsɩ aa mara bine ʋ dɩ parinyeŋŋi hʋ ta wuwo dige ʋ. Doŋ nɛ ʋ we ba kɩ deŋ ʋ nyuu bɩsɩ boto abee faŋ."
15,The snake then spewed out water like a river to sweep the woman away.,"Ɛɛ rɛ parinyeŋŋi hʋ pʋʋsɩ nɩɩ lɩɩ ʋ nyʋwa tɩyaŋ gɛɛ anɩɩ fuwo, a kile tɩŋ haaŋ hʋ hal dɩ ʋ pallɩ kpa ʋ."
16,But the earth helped her and swallowed the water that had come from the dragon's mouth.,Amɛ taŋhahɩlɩɩ pɛ haaŋ hʋ tɩyaŋ a lɔgɔ suri a kpa nɩɩ hʋ aa lɩɩ parinyeŋŋi hʋ nyʋwa tɩyaŋ buloŋ a nyʋwa.
17,This made the dragon terribly angry with the woman. So it started a war against the rest of her children. They are the people who obey God and are faithful to what Jesus did and taught.,"Ɛɛ rɛ parinyeŋŋi hʋ na baaŋ haaŋ hʋ nyuu tɩyaŋ a lɩɩ mʋ dɩ ʋ kaŋ haaŋ hʋ doho nɩkaalɩya a yuwo yuwo. Nala no rɛ yaa nala hʋ aa tɩŋ Wɩɩsɩ nyʋwa, aŋ kaŋ wɩya hʋ Yesu aa daga ba abee wɩtɩɩ. Ɛɛ rɛ parinyeŋŋi hʋ mʋ sɩŋ mpʋwɔnʋʋ nyʋwa tɩyaŋ."
1,"I looked and saw a beast coming up from the sea. This one had ten horns and seven heads, and a crown was on each of its ten horns. On each of its heads were names that were an insult to God.","Ɛɛ rɛ ŋ na ɔhɔ-kɩŋ kɩdɩgɩ dɩ ʋ lɩɩ mpʋwɔnʋʋ tɩyaŋ a ko lɩɩ, a kaŋ nyuni bapɛ abee nyɩŋdaasɩ fi, a fa kyige kuworinyupugi ʋ nyɩŋdaasɩ fi hʋ kɩdɩgɩ buloŋ tɩyaŋ. Feŋ hʋ ʋ fa aa kana ʋ nyuni hʋ kɩdɩgɩ buloŋ tɩyaŋ fa aa tʋʋsɩ Wɩɩsɩ rɛ."
2,"The beast I saw had the body of a leopard, the feet of a bear, and the mouth of a lion. The dragon handed over its own power and throne and great authority to this beast.","Ɔhɔ-kɩŋ hʋ ŋ fa aa naa kɩɩ gɛɛ rɛ anɩɩ kpeyi, aŋka ʋ naasɩ kɩɩ gɛɛ anɩɩ nambugo naasɩ, ʋ nyʋwa mɛ kɩɩ gɛɛ anɩɩ naakyigi nyʋwa. Ɛɛ rɛ kɩŋ hʋ aa kɩɩ parinyeŋŋi hʋ kpa ʋ debal hʋ abee ʋ kuworikpasa hʋ a tɩya ɔhɔ-kɩŋ no."
3,"One of its heads seemed to have been fatally wounded, but now it was well. Everyone on earth marveled at this beast,","Ʋ kɩɩ gɛɛ anɩɩ ɔhɔ-kɩŋ hʋ nyuni bapɛ hʋ kɩdɩgɩ gyɩ aa kaŋ dʋgʋlɩbal anɩɩ ba aa ŋmana ʋ bɔŋsɩ tɩya sʋʋ, ka dʋgʋlɩɩ waa. Dʋnɩya nala buloŋ nyʋʋsɩ gyɩ fɩyɛlɩ ʋ wɩya ba sii tɩŋa ʋ hal."
4,"and they worshiped the dragon who had given its authority to the beast. They also worshiped the beast and said, “No one is like this beast! No one can fight against it.”","Ɛɛ rɛ ba buloŋ tuu gbinni kyʋwalɩ parinyeŋŋi hʋ akuu ʋ aa kpaa ʋ dee tɩya ɔhɔ-kɩŋ hʋ wɩya. Ka ba bɩl kyʋwalɩ ɔhɔ-kɩŋ hʋ, aŋ baa, “Kɩbee rɛ kaŋ dee anɩɩ ɔhɔ-kɩŋ no? Kɩbee rɛ sɩ wuwo kana ʋ kaa kaasɩ?”"
5,"The beast was allowed to brag and claim to be God, and for","Ɛɛ rɛ ba tɩya ɔhɔ-kɩŋ hʋ ŋmanɩɩ ʋ basɩ babiibawɩya a kɩ tʋʋsɩ Wɩɩsɩ. Ɛɛ rɛ ba lem-ʋ, ʋ dɩ dee peŋsi mɔllɩbalɩya abee balɩya."
6,"The beast cursed God, and it cursed the name of God. It even cursed the place where God lives, as well as everyone who lives in heaven with God.","Ʋ piili kɩ tʋʋsɩ Wɩɩsɩ, a kɩ kyogi Wɩɩsɩ feŋ abee ʋ liweelii, abee nala hʋ buloŋ aa we wɩɩsɩbee tɩyaŋ."
7,"It was allowed to fight against God's people and defeat them. It was also given authority over the people of every tribe, nation, language, and race.","Ɛɛ rɛ ba tɩya ʋ ŋmanɩɩ mɛ ʋ kaŋ Wɩɩsɩ nala a yuwo yuwo, a yuwo di ba. Ba gyɩ tɩya ʋ dee mɛ rɛ ʋ wuwo nihuwobisi doho nala iriŋ iriŋ buloŋ, aa lɩɩ paalʋʋ iriŋ iriŋ buloŋ, a kɩ basɩ taanɩ iriŋ iriŋ buloŋ."
9,"If you have ears, then listen!","Nala hʋ aa kaŋ dɩgɩna, ma gyegili nɩɩ wɩɩ no weliŋ."
10,"If you are doomed to be captured, you will be captured. If you are doomed to be killed by a sword, you will be killed by a sword. This means God's people must learn to endure and be faithful!","Dɩ nal buloŋ wɩɩdagɩ rɛ daga nɩɩ ba sɩ kana tɔ dɩyaŋ, ba aa kana ba tɔ dɩyaŋ nɛ. Dɩ nal buloŋ wɩɩdagɩ mɛ rɛ daga anɩɩ takoobii rɛ ba sɩ kpa kpʋ ʋ, takoobii rɛ ba sɩ kɔnɩ kpa kpʋ ʋ tɩɩna. Wɩɩ no daga anɩɩ Wɩɩsɩ nala buloŋ maga dɩ ba kaŋ kenyiri rɛ a kaŋ wɩya hʋ ba aa laa di weliŋ abee wɩtɩɩ ba wɩgyʋʋlɩya tɩyaŋ. Ɔhɔ-kɩŋ hʋ aa lɩɩ taŋha tɩyaŋ ko lɩɩ"
11,"I now saw another beast. This one came out of the ground. It had two horns like a lamb, but spoke like a dragon.",Ɛɛ rɛ ŋ bɩl na ɔhɔ-kɩŋ kɩdɩgɩ dɩ ʋ lɩɩ taŋha tɩyaŋ ko lɩɩ. Ʋ fa kaŋ nyɩŋdaasɩ balɩya rɛ anɩɩ pebolbiye aŋ kɩ basɩ wɩya gɛɛ anɩɩ kɩŋ hʋ aa kɩɩ gɛɛ nɩɩ parinyeŋŋi hʋ.
12,It worked for the beast whose fatal wound had been healed. And it used all its authority to force the earth and its people to worship that beast.,"Ʋ kpa dee hʋ buloŋ laasɩya ɔhɔ-kɩŋ hʋ aa kana rɛ, a laa ʋ naasɩ sɩŋ a kɩ di dee ʋ sɩya tɩyaŋ, a fɩla dʋnɩya nala buloŋ ba tuu gbinni kɩ kyʋwalɩ laasɩya ɔhɔ-kɩŋ hʋ, kɩŋ hʋ fa aa kaŋ dʋgʋlɩbal ka ʋ waa hʋ."
13,"It worked mighty miracles, and while people watched, it even made fire come down from the sky.","Ʋ yaa wɩmagɩla bee wɩkperiye rɛ yʋga, haalɩ a paalɩ wuwo leŋ diŋ lɩɩ wɩɩsɩnyuu ko tuu taŋha nal buloŋ na."
14,This second beast fooled people on earth by working miracles for the first one. Then it talked them into making an idol in the form of the beast that did not die after being wounded by a sword.,"Akuu wɩmagɩla hʋ ba aa tɩya ʋ dee ʋ laa laasɩya ɔhɔ-kɩŋ hʋ naasɩ sɩŋ a yaa wɩya, ɔhɔ-kɩlɩya hʋ wuwo mʋrɩ dʋnɩya nala rɛ, a fɩl ba, ba mɔ kɩŋ aa kɩɩ buŋbuŋ ɔhɔ-kɩŋ hʋ a kɩ kpa ʋ yohuŋ, kɩŋ hʋ ba fa aa kyɔgɔ bee takoobii bɔŋsɩ tɩya sʋʋ, ka ʋ bɩ sʋba hʋ."
15,"It was allowed to put breath into the idol, so it could speak. Everyone who refused to worship the idol of the beast was put to death.","Ɛɛ rɛ ba tɩya ɔhɔ-kɩlɩya hʋ dee ʋ wuwo kpa wiyese tɩya kɩŋ hʋ ba aa mɔɔ ʋ kɩɩ laasɩya ɔhɔ-kɩŋ hʋ, dɩ ʋ wuwo kɩ basɩ wɩya, aŋ leŋ dɩ ba kpʋ nala hʋ buloŋ aa vɩya ʋ kyʋwalɩɩ."
16,"All people were forced to put a mark on their right hand or forehead. Whether they were powerful or weak, rich or poor, free people or slaves,","Ɛɛ rɛ ɔhɔ-kɩlɩya hʋ bɩl fɩl nala buloŋ ba leŋ ba magɩlɩ ba, ba noduu nosi tɩyaŋ koo ba tilli tɩyaŋ, nɩbala abee nɩbiisi, kɩna tɩmma abee nyaaba, nala hʋ aa tɩŋ ba tɩɩ abee nala hʋ aa yaa yosi buloŋ."
17,"they all had to have this mark, or else they could not buy or sell anything. This mark stood for the name of the beast and for the number of its name.","Nal buloŋ bɩ wuwo yɔbɔ kɩŋ buloŋ koo a yallɩ kɩŋ buloŋ, see dɩ ʋ kaŋ laasɩya ɔhɔ-kɩŋ hʋ magɩl. Magɩl no rɛ yaa ɔhɔ-kɩŋ hʋ feŋ koo ʋ feŋ namba."
18,"You need wisdom to understand the number of the beast! But if you are smart enough, you can figure this out. Its number is","Dɩ nal buloŋ bɩ kaŋ wɩgyʋŋ, ʋ bɩ sɩ wuwo gyɩŋ wɩɩ no memii. Nal hʋ buloŋ aa kaŋ sʋnna, ʋ dɩɩsɩ a gyɩŋ ɔhɔ-kɩŋ namba hʋ nyʋwa, beewɩya namba hʋ bee nal kɩdɩgɩ feŋ yaa kɩdɩgɩ rɛ. Namba hʋ yaa kɔɔsɩbadʋ abee mɔllɩboto bee badʋ rɛ ("
2,Then I heard a sound from heaven that was like a roaring flood or loud thunder or even like the music of harps.,"Ɛɛ rɛ ka ŋ nɩɩ taal dɩ ʋ lɩɩ wɩɩsɩbee a kɩɩ gɛɛ anɩɩ kyuuribal aa kyuuri, a bɩl kɩɩ gɛɛ anɩɩ duwoŋ aa nɔsɩ, a bɩl kɩɩ gɛɛ anɩɩ koniŋmaala aa ŋmaa konima."
3,"And a new song was being sung in front of God's throne and in front of the four living creatures and the elders. No one could learn that song, except the","Nala no sɩŋ kuworikpasa hʋ abee nɩhɩyasɩ hʋ abee kɩweye hʋ sɩya tɩyaŋ nɛ, a kɩ yɩɩ yɩɩfalɩɩ kɩdɩgɩ. Nal buloŋ fa bɩ wuwo gʋnnɩ yɩɩl hʋ, see nala tusi kɔɔ abee tusi mɔllɩbalɩya abee banaa hʋ dʋŋ, nala hʋ Wɩɩsɩ aa tuŋ laa nihuwobisi doho nala buloŋ tɩyaŋ."
5,"They never tell lies, and they are innocent. The Messages of the Three Angels",Ba kɩdɩgɩ buloŋ bɩ maakyiye nyɩya wɩya; ba bɩ kaŋ wɩkyogii buloŋ mɛ. Malɩkasɩ boto hʋ
6,"I saw another angel. This one was flying across the sky and had the eternal good news to announce to the people of every race, tribe, language, and nation on earth.","Ɛɛ rɛ ŋ bɩl na malɩka kɩdɩgɩ dɩ ʋ aa gyaarɩ wɩɩsɩnyuu tɩyaŋ, a kol Wɩɩsɩ Wɩweliye hʋ aa we doŋ a kaŋ kɩ mʋ maakyiye buloŋ, dɩ ʋ kaŋ mʋ basɩ tɩya nal buloŋ aa we dʋnɩya lee buloŋ tɩyaŋ: nihuwobisi iriŋ buloŋ aa we paalʋʋ iriŋ buloŋ tɩyaŋ a kɩ basɩ taanɩ iriŋ iriŋ buloŋ."
7,"The angel shouted, “Worship and honor God! The time has come for him to judge everyone. Kneel down before the one who created heaven and earth, the oceans, and every stream.”","Ɛɛ rɛ malɩka hʋ nɔsɩ abaa, “Ma kɩ fá Wɩɩsɩ, a kɩ kpa ʋ yohuŋ, beewɩya saŋa hʋ ʋ aa sɩ di dʋnɩya nala sarɩya pele rɛ. Ma kɩ kyʋwalɩ Wɩɩsɩ, ʋ rɛ taa wɩɩsɩnyuu abee taŋha nyuu abee mpʋwɔnʋʋ abee bulli buloŋ.”"
8,"A second angel followed and said, “The great city of Babylon has fallen! This is the city that made all nations drunk and immoral. Now God is angry, and Babylon has fallen.”","Ka malɩka-lɩya hʋ tɩɩna mɛ tɩŋ laasɩya kɩŋ hʋ tɩyaŋ a kɩ basɩ, “Baabilɔŋ tele rɛ! Baabilɔŋ tele rɛ! Tɔbal hʋ ba aa yɩrɩ Baabilɔŋ tele rɛ! Ʋ rɛ kpa ʋ sɔŋsɔŋbɔŋ hʋ a kyol dʋnɩya nala buloŋ. Ʋ sɔŋsɔŋ hʋ kɩɩ gɛɛ rɛ anɩɩ sɩduwo ʋ aa kpaa tɩya dʋnɩya nala buloŋ ba nyʋwa bugo.”"
9,"Finally, a third angel came and shouted: Here is what will happen if you worship the beast and the idol and have the mark of the beast on your hand or forehead.","Ɛɛ rɛ malɩka-too hʋ mɛ kɩ tɩŋ ba hal, a mɛ kɩ nɔsɩ abaa, “Nala hʋ buloŋ aa kyʋwalɩ ɔhɔ-kɩŋ hʋ abee kɩŋ hʋ ba aa mɔɔ ʋ kɩɩ ʋ, aŋ kaŋ ʋ magɩl hʋ ba tilli tɩyaŋ koo ba nosi tɩyaŋ,"
10,"You will have to drink the wine that God gives to everyone who makes him angry. You will feel his mighty anger, and you will be tortured with fire and burning sulfur, while the holy angels and the Lamb look on.","Wɩɩsɩ sɩ na baaŋ kɩŋkaŋ ba nyuu tɩyaŋ, a dɔgɩsɩ ba kɩŋkaŋ. Ʋ sɩ kɩɩ gɛɛ anɩɩ ba aa nyʋwa sɩduwo Wɩɩsɩ baaŋ nɩɩnyʋwagbaŋbiye tɩyaŋ. Ba sɩ kpa diŋ bee gyɩrɩbʋyɩ a kɩ dɔgɩsɩ ba malɩkasɩ abee Pebiye hʋ sɩya tɩyaŋ."
11,"If you worship the beast and the idol and accept the mark of its name, you will be tortured day and night. The smoke from your torture will go up forever and ever, and you will never be able to rest.","Nyʋwɔsɩ hʋ aa lɩɩ diŋ hʋ ba aa kpaa kɩ dɔgɩsɩ ba tɩyaŋ sɩ sii kɩ gyɩŋ wɩɩsɩnyuu deŋdeŋ kɩ mʋ. Nala buloŋ aa kyʋwalɩ ɔhɔ-kɩŋ hʋ abee kɩŋ hʋ ba aa mɔɔ ʋ kɩɩ ʋ, abee nala hʋ aa kaŋ ʋ feŋ magɩl hʋ, ba bɩ sɩ maakyiye na wiyese wɩɩhaa abee tebine buloŋ.”"
12,God's people must learn to endure. They must also obey his commands and have faith in Jesus.,"Ba nyɛ tɩyaŋ ʋ maga dɩ Wɩɩsɩ nala buloŋ kaŋ mala rɛ, nala hʋ aa tɩŋ Wɩɩsɩ nyʋwa, aŋ kaŋ wɩtɩɩ Yesu tɩŋɩɩ tɩyaŋ."
13,"Then I heard a voice from heaven say, “Put this in writing. From now on, the Lord will bless everyone who has faith in him when they die.” The Spirit answered, “Yes, they will rest from their hard work, and they will be rewarded for what they have done.” The Earth Is Harvested","Ɛɛ rɛ ka ŋ bɩl nɩɩ taal kɩdɩgɩ dɩ ʋ lɩɩ wɩɩsɩbee aa baa, “Sabɩ wɩɩ no biŋ: Nyusʋŋtɩmma rɛ yaa nala hʋ aa sʋba a lɩɩ gyɩnaŋ kaŋ kɩ mʋ akuu ba aa tɩŋ á Tɩɩna Yesu abee wɩtɩɩ wɩya.” Doŋ nɛ Wiyesi Welii hʋ mɛ laa baa, “Wɩtɩɩ rɛ, ba kɔnɩ yaa nyusʋŋtɩmma rɛ! Ba sɩ wiyesi ba tʋma tɩyaŋ, beewɩya ba wɩyaalɩya sɩ tɩŋ ba hal.”"
14,"I looked and saw a bright cloud, and someone who seemed to be the Son of Man was sitting on the cloud. He wore a gold crown on his head and held a sharp sickle in his hand.","Ɛɛ rɛ ŋ bɩl deŋ a na taalpʋlʋŋ. Nal aa kɩɩ Nihuwobiŋ hɔŋ taal hʋ tɩyaŋ, a kyige salma kuworinyupugi, aŋ kolo gyasiye aa di nyamanyama ʋ noŋ tɩyaŋ."
15,"An angel came out of the temple and shouted, “Start cutting with your sickle! Harvest season is here, and all crops on earth are ripe.”","Ɛɛ rɛ malɩka kɩdɩgɩ lɩɩ Wɩɩkyʋwaldɩɩbal hʋ tɩyaŋ a ko lɩɩ, a nɔsɩ basɩ tɩya nal hʋ aa hɔŋ taal hʋ tɩyaŋ abaa, “Kpa ɩ gyasiye hʋ a kʋŋ kɩna beewɩya kɩna hʋ kʋmɩɩ saŋa pele rɛ. Dʋnɩya buloŋ bɩya a yaa kʋmɩɩ rɛ.”"
16,The one on the cloud swung his sickle and harvested the crops.,Ɛɛ rɛ nal hʋ aa hɔŋ taal hʋ tɩyaŋ kpa ʋ gyasiye hʋ a viri kʋma dʋnɩya buloŋ.
17,Another angel with a sharp sickle then came out of the temple in heaven.,"Ɛɛ rɛ malɩka kɩdɩgɩ mɛ lɩɩ Wɩɩkyʋwaldɩɩbal hʋ aa we wɩɩsɩbee tɩyaŋ a ko lɩɩ, a mɛ kol gyasiye aa dɩ nyamanyama."
18,"After this, an angel with power over fire came from the altar and shouted to the angel who had the sickle. He said, “All grapes on earth are ripe! Harvest them with your sharp sickle.”","Ɛɛ rɛ malɩka hʋ aa deŋ diŋ hʋ nyuu mɛ lɩɩ Wɩɩkyʋwaldɩɩbal kogu hʋ logiŋ a ko lɩɩ, a yɩrɩ nal hʋ aa kol gyasiye hʋ aa di nyamanyama a nɔsɩ basɩ tɩya ʋ abaa, “Kpa ɩ gyasiye hʋ a keri vaanɩ tɩya hʋ nɔŋ-kyɩga, beewɩya ba bɩya rɛ.”"
1,"After this, I looked at the sky and saw something else that was strange and important. Seven angels were bringing the seven last terrible troubles. When these are ended, God will no longer be angry.","Ɛɛ rɛ ŋ bɩl na kɩkperibalbal kɩdɩgɩ bɩla wɩɩsɩnyuu tɩyaŋ. Ŋ naa malɩkasɩ bapɛ dɩ ba kol balo-iriŋma bapɛ. Baloni no rɛ yaa balo-kateŋse beewɩya dɩ ba aa rɛ ko teŋ, Wɩɩsɩ baaŋ mɛ sɩ fɩyɛlɩ."
2,"Then I saw something that looked like a glass sea mixed with fire, and people were standing on it. They were the ones who had defeated the beast and the idol and the number that tells the name of the beast. God had given them harps,","Ɛɛ rɛ ŋ na kɩŋ kɩdɩgɩ pɩna gɛɛ waŋŋɩlaŋ anɩɩ mpʋwɔnʋʋ a kɩ tʋla gɛɛ anɩɩ nyagɩsa aŋ kɩ kyol diŋ. Ka ŋ na nala hʋ aa yuwo di ɔhɔ-kɩŋ hʋ, ɔhɔ-kɩŋ hʋ ba aa mɔɔ kɩŋ ʋ kɩɩ ʋ, aŋ kaŋ namba mɛ ʋ kɩ daga ʋ feŋ, dɩ ba sɩŋ mpʋwɔnʋʋ hʋ logiŋ a kol konima Wɩɩsɩ aa kpaa tɩya ba,"
3,"and they were singing the song his servant Moses and the Lamb had sung. They were singing, “Lord God All-Powerful, you have done great and marvelous things. You are the ruler of all nations, and you do what is right and fair.","a kɩ yɩɩ Wɩɩsɩ tʋŋtʋnnɩ Moosi yɩɩl abee Wɩɩsɩ Pebiye hʋ yɩɩl abaa: “Á Tɩɩna Wɩɩsɩ, Dee buloŋ tɩɩna, Ɩ wɩyaalɩya buloŋ yaa wɩkperiye rɛ, a yaa wɩduwoni mɛ. Dʋnɩya paalʋʋ paalʋʋ buloŋ kuwori. Ɩ wɩkanɩya buloŋ yaa wɩya aa kpaa ŋmanɩɩ rɛ a yaa wɩtɩɩ mɛ."
4,"Lord, who doesn't honor and praise your name? You alone are holy, and all nations will come and worship you, because you have shown that you judge with fairness.”","Á Tɩɩna Wɩɩsɩ, kɩbee rɛ bɩ sɩ kɩ fá ɩ? Kɩbee bɩ sɩ kɩ fá ɩ aŋ kɩ kpa ɩ feŋ yohuŋ? Beewɩya ɩ dʋŋ nɛ yaa tɩpʋlʋŋ tɩɩna. Dʋnɩya nala buloŋ sɩ ko kyʋwalɩ ɩ, beewɩya ɩ daga anɩɩ ɩ wɩyaalɩya buloŋ kpaa ŋmanɩɩ rɛ.”"
5,"After this, I noticed something else in heaven. The sacred tent used for a temple was open.","Ɛɛ hal tɩyaŋ nɛ ŋ bɩl deŋ a na wɩɩsɩbee Wɩɩkyʋwaldɩɩbal dɩya hʋ ba aa yɩrɩ Lɩweliye buloŋ Liwelii, dɩ ʋ suro."
6,And the seven angels who were bringing the terrible troubles were coming out of it. They were dressed in robes of pure white linen and wore belts made of pure gold.,"Ɛɛ rɛ malɩkasɩ hʋ bapɛ aa kol baloni hʋ bapɛ lɩɩ Wɩɩkyʋwaldɩɩbal ko lɩɩ, a laalɩ gadolweliye aa tʋl, ka bisiŋ buloŋ bɩ mal ba, aŋ kpaa salma kɩrɩsasɩ a vʋwa ba bembiye tɩyaŋ."
7,One of the four living creatures gave each of the seven angels a bowl made of gold. These bowls were filled with the anger of God who lives forever and ever.,Ɛɛ rɛ kɩweye banaa hʋ kɩdɩgɩ kpa salma tahaŋsɩ bapɛ a tɩya malɩkasɩ hʋ bapɛ. Salma tahaŋsɩ no fa suwo rɛ abee dɔgɩsɩ-bɔŋlɔrɩnɩ Wɩɩsɩ aa we doŋ a kaŋ kɩ mʋ maakyiye buloŋ aa kpa wirisi dʋnɩya nala.
8,The temple quickly filled with smoke from the glory and power of God. No one could enter it until the seven angels had finished pouring out the seven last troubles.,"Ɛɛ rɛ Wɩɩkyʋwaldɩɩbal hʋ buloŋ tɔ abee nyʋwɔsɩ aa lɩɩ Wɩɩsɩ gaŋdarɩ abee ʋ dee tɩyaŋ. Nal buloŋ bɩ wuwo gyʋʋ Wɩɩkyʋwaldɩɩbal hʋ, see saŋa hʋ malɩkasɩ hʋ bapɛ aa ko kpa baloni bapɛ hʋ buloŋ a wirisi dʋnɩya nala teŋ."
1,"From the temple I heard a voice shout to the seven angels, “Go and empty the seven bowls of God's anger on the earth.”","Ɛɛ rɛ ŋ nɩɩ taal kɩdɩgɩ dɩ ʋ lɩɩ Wɩɩkyʋwaldɩɩbal hʋ tɩyaŋ, a nɔsɩ basɩ tɩya malɩkasɩ hʋ bapɛ abaa, “Ma kaŋ tahaŋsɩ hʋ bapɛ tɩyaŋ Wɩɩsɩ baaŋ aa we, a kaŋ mʋ wirisi dʋnɩya.”"
2,The first angel emptied his bowl on the earth. At once ugly and painful sores broke out on everyone who had the mark of the beast and worshiped the idol.,"Ɛɛ rɛ malɩka buŋbuŋ hʋ tɩɩna kpa balo-kɩna hʋ aa we ʋ tahana hʋ tɩyaŋ, a kaŋ mʋ bɩsɩ we dʋnɩya. Ɛɛ rɛ dʋgʋlɩbɔŋlɔrɩnɩ aa wɩɩ kɩŋkaŋ lɔgɔ nala hʋ buloŋ aa kaŋ ɔhɔ-kɩŋ hʋ magɩl, aŋ kɩ kyʋwalɩ kɩŋ hʋ ba aa mɔɔ ʋ kɩɩ ʋ mɛ."
3,"The second angel emptied his bowl on the sea. At once the sea turned into blood like that of a dead person, and every living thing in the sea died.",Ɛɛ rɛ malɩka-lɩya hʋ tɩɩna mɛ kpa ʋ tahana hʋ kɩna a kaŋ mʋ bɩsɩ we mpʋwɔnʋʋ tɩyaŋ. Doŋ nɛ mpʋwɔnʋʋ nɩɩ buloŋ bɩrɩmɩ kyal gɛɛ anɩɩ nihuwobiŋ aa sʋba kyal. Ɛɛ rɛ kɩwiyesii buloŋ aa we mpʋwɔnʋʋ tɩyaŋ sʋba.
4,The third angel emptied his bowl into the rivers and streams. At once they turned to blood.,"Ɛɛ rɛ malɩka-too hʋ tɩɩna mɛ kaŋ ʋ tahana hʋ kɩna mʋ bɩsɩ we fuwoni abee bulli tɩyaŋ, ba buloŋ bɩrɩmɩ kyal."
5,"Then I heard the angel, who has power over water, say, “You have always been, and you always will be the holy God. You had the right to judge in this way.","Ɛɛ rɛ ŋ nɩɩ dɩ malɩka hʋ aa deŋ nɩɩ hʋ basa a baa “Á Tɩɩna Wɩɩsɩ, ɩ dʋŋ nɛ yaa Tɩpʋlʋŋ Tɩɩna, ɩ rɛ we doŋ faafaa buloŋ abee lagɩlagɩ no buloŋ, ɛɛ hʋ ɩ aa dɔgɩsɩ ba, ʋ kpaa ŋmanɩɩ rɛ a maga mɛ,"
6,They poured out the blood of your people and your prophets. So you gave them blood to drink as they deserve!”,"beewɩya ba kpʋʋ ɩ nala abee ɩ tɩŋdaala rɛ, ɛɛ rɛ tɩŋ ɩ kpa kyal tɩya ba dɩ ba nyʋwa. Ba pɩwasɩya rɛ aa bil ba nyʋʋsɩ gɛɛ.”"
8,"The fourth angel emptied his bowl on the sun, and it began to scorch people like fire.",Ɛɛ rɛ malɩka-naa tɩɩna hʋ mɛ kpa ʋ tahana hʋ kɩna a bɩsɩ we wɩɩpɔsɩɩ tɩyaŋ. Ɛɛ leŋ wɩɩsɩ pɔsɔ yʋga a kɩ nyɔgɔ nala anɩɩ diŋ.
9,"Everyone was scorched by its great heat, and all of them cursed the name of God who had power over these terrible troubles. But no one turned to God and praised him.","Wɩɩsɩ aa lɩɩ yʋga yʋga a kɩ nyɔgɔ nala gɛɛ, ba kɩ tʋʋsɩ Wɩɩsɩ, beewɩya ba gyɩma anɩɩ ʋ rɛ kaŋ balo-iriŋ noma buloŋ dee. Amɛ ba bɩ bɩrɩma ba hakɩllɩ a lɩɩ wɩbɔmɔ yayɩ tɩyaŋ, aŋ bee kpa Wɩɩsɩ yohuŋ mɛ."
10,"The fifth angel emptied his bowl on the throne of the beast. At once darkness covered its kingdom, and its people began biting their tongues in pain.","Ɛɛ rɛ malɩka-nɔɔ hʋ tɩɩna mɛ kpa ʋ tahana hʋ kɩna a mʋ bɩsɩ we ɔhɔ-kɩŋ hʋ kuworikpasa tɩyaŋ. Ɛɛ rɛ bilhuu tɔ lee hʋ ʋ aa deŋ buloŋ. Nala hʋ buloŋ aa we doŋ kɩ na tʋwara kɩŋkaŋ, a kɩ dʋŋ ba naŋdelime,"
11,"And because of their painful sores, they cursed the God who rules in heaven. But still they did not stop doing evil things.","a kɩ tʋʋsɩ Wɩɩsɩ aa we wɩɩsɩbee tɩyaŋ, akuu ba dʋgʋlɩya hʋ aa wɩɩ wɩya. Amɛ ba bɩ bɩrɩmɩ ba hakɩllɩ a lɩɩ wɩbɔmɔ yayɩ tɩyaŋ."
12,"The sixth angel emptied his bowl on the great Euphrates River, and it completely dried up to make a road for the kings from the east.",Ɛɛ rɛ malɩka-dʋʋ hʋ tɩɩna mɛ kpa ʋ tahana hʋ kɩna a mʋ bɩsɩ we Yufireti fuwobal hʋ tɩyaŋ ʋ hɩɩsɩ. Dɩ ɛɛ wuwo leŋ dɩ kuworo hʋ aa lɩɩ wɩɩpɔsɩɩ dɩɩlaŋ na ŋmanɩɩ a tɩŋ fuwo hʋ tɩyaŋ ko.
13,"An evil spirit that looked like a frog came out of the mouth of the dragon. One also came out of the mouth of the beast, and another out of the mouth of the false prophet.","Ɛɛ rɛ ŋ na gyɩŋbɔmɔ boto aa kɩɩ gɛɛ anɩɩ saŋpɔllɩ dɩ ba lɩɩ parinyeŋŋi hʋ nyʋwa tɩyaŋ, abee laasɩya ɔhɔ-kɩŋ hʋ nyʋwa tɩyaŋ, abee ɔhɔ-kɩlɩya hʋ aa nyɩya wɩya hʋ nyʋwa tɩyaŋ."
14,"These evil spirits had the power to work miracles. They went to every king on earth, to bring them together for a war against God All-Powerful. But that will be the day of God's great victory.","Ba yaa gyɩŋbɔmɔ aa yaa wɩmagɩla bee wɩkperiye rɛ. Ba aa rɛ lɩɩ mʋ dʋnɩya kuworo buloŋ lee, dɩ ba kaŋ ba ko pɛ dɔmɔŋ a yuwo yuwo hʋ aa sɩ sii Wɩɩsɩ dee buloŋ tɩɩna Kyɛbal hʋ, kyɛɛ no rɛ yaa kyɛɛ hʋ Wɩɩsɩ aa sɩ di dʋnɩya nala sarɩya."
15,"Remember Christ says, “When I come, it will surprise you like a thief! But God will bless you, if you are awake and ready. Then you won't have to walk around naked and be ashamed.”","Á tɩɩna baa; “Ma na! Ŋ sɩ ko pirigi ma tɩyaŋ anɩɩ gaal. Nyusʋŋtɩɩna rɛ yaa nal hʋ aa barɩ doo, aŋ paa ʋ gannɩ a yaa siri pɔ, dɩ ʋ ta ko kaŋ teŋbil gyamaa tɩyaŋ, dɩ hɩɩsɩ kana ʋ.”"
16,Those armies came together in a place that in Hebrew is called Armagedon.,Ɛɛ rɛ ba kaŋ dʋnɩya kuworo mʋ laŋŋɩ lee kɩdɩgɩ ba aa yɩrɩ Amagadɔŋ Gyuuma taal tɩyaŋ.
17,"As soon as the seventh angel emptied his bowl in the air, a loud voice from the throne in the temple shouted, “It's done!”","Ɛɛ rɛ malɩka-pɛɛ hʋ tɩɩna mɛ kpa ʋ tahana hʋ kɩna bɩsɩ we puwo tɩyaŋ. Ɛɛ rɛ taal kɩdɩgɩ lɩɩ lee hʋ kuworikpasa hʋ aa sɩna Wɩɩkyʋwaldɩɩbal hʋ tɩyaŋ a nɔsɩ basɩ abaa, “Wɩya hʋ lɩtenii rɛ nyɛ.”"
18,"There were flashes of lightning, roars of thunder, and the worst earthquake in all history.","Ɛɛ rɛ duwoŋ kɩ lɩgɩsɩ, a kɩ nɔsɩ, kyagɩŋsɩ tɔ lee buloŋ, ka taŋha mɛ gyigili yʋga. Nihuwobisi aa we dʋnɩya tɩyaŋ buloŋ, taŋha ha bɩ maakyiye gyigili nyɛ aŋka."
19,"The great city of Babylon split into three parts, and the cities of other nations fell. So God made Babylon drink from the wine cup filled with his anger.","Taŋha aa gyegile gɛɛ, ʋ kaŋ tɔbal hʋ kpaa leye boto, ka dʋnɩya paalʋʋ paalʋʋ buloŋ tɔbala mɛ tele teŋ. Doŋ nɛ Wɩɩsɩ liisi tɔbal hʋ baa yɩrɩ Baabilɔŋ wɩya, a dɔgɩsɩ ʋ kɩŋkaŋ abee baaŋ anɩɩ gɛɛ aa maga. Ʋ kɩɩ gɛɛ anɩɩ ʋ aa nyʋwa sɩh Wɩɩsɩ baaŋ nɩɩnyʋwagbaŋbiye tɩyaŋ."
20,"Every island ran away, and the mountains disappeared.",Ɛɛ rɛ taŋhasɩ hʋ nɩɩ aa golo kyige buloŋ nyʋgɩsɩ. Dogiŋsi buloŋ mɛ dɩɩgɩ.
1,"One of the seven angels who had emptied the bowls came over and said to me, “Come on! I will show you how God will punish that shameless prostitute who sits on many oceans.","Ɛɛ rɛ malɩkasɩ bapɛ hʋ aa kol tahaŋsɩ hʋ bapɛ kɩdɩgɩ yɩrɩ ŋ a baa, “Ko dɩ ŋ daga ɩ gɛɛ ba aa sɩ dɔgɩsɩ haaŋ hʋ aa yaa sɔŋsɔŋ-kuwori hʋ. Haaŋ no rɛ yaa tɔbal hʋ ba aa saa kpaga fuwogyamaa."
2,"Every king on earth has slept with her, and her shameless ways are like wine that has made everyone on earth drunk.”","Dʋnɩya kuworo kana ʋ kɩ sɔnnɩ rɛ, ka ʋ sɔŋsɔŋ hʋ kɩɩ gɛɛ anɩɩ sɩduwo ʋ kpa mʋrɩ dʋnɩya nala buloŋ ba nyʋwa bugo.”"
3,"With the help of the Spirit, the angel took me into a desert, where I saw a woman sitting on a red beast. The beast was covered with names that were an insult to God, and it had seven heads and ten horns.","Ɛɛ rɛ Wiyesi Welii hʋ ko laa ŋ tɩŋa, ka malɩka hʋ kpa ŋ gyʋʋ pogi-yiyeŋ kɩdɩgɩ. Doŋ nɛ ŋ na haaŋ kɩdɩgɩ dɩ ʋ hɔŋ ɔhɔ-kɩfɩyaŋ kɩdɩgɩ tɩyaŋ, ba sabɩ feŋgyamaa aa tʋʋsɩ á Tɩɩna Wɩɩsɩ a we ʋ buloŋ tɩyaŋ. Ʋ fa kaŋ nyuni bapɛ rɛ, abee nyɩŋdaasɩ fi."
4,"The woman was dressed in purple and scarlet robes, and she wore jewelry made of gold, precious stones, and pearls. In her hand she held a gold cup filled with the filthy and nasty things she had done.","Haaŋ hʋ fa laalɩ gal aa yaa kɩfɩyaŋ bee kyʋkyɔnɩɩ rɛ, aŋ kpa salma abee sɩfɩyaŋbʋwa iriŋ iriŋ abee gyiiŋbiweliye a kpɩyɛrɩ ʋ tɩɩ, aŋ fa kol salma nɩɩnyʋwagbaŋbiye mɛ aa suwo abee sɔkɔsɩ-wɩya abee bisiŋ wɩya hʋ aa lɩɩ ʋ sɔŋsɔŋ hʋ tɩyaŋ,"
5,"On her forehead a mysterious name was written: I AM THE GREAT CITY OF BABYLON, THE MOTHER OF EVERY IMMORAL AND FILTHY THING ON EARTH.",ka ba sabɩ feŋ kɩdɩgɩ memii nal buloŋ aa bɩ gyɩma a mal ʋ tile tɩyaŋ. Feŋ hʋ ba aa sabɩ mal ʋ tile tɩyaŋ hʋ rɛ nyɛ: “Tɔbal Baabilɔŋ! Dʋnɩya sɔŋsɔnnɔ abee bisiŋwɩyaala iriŋ buloŋ nɩɩna.”
6,"I could tell that the woman was drunk on the blood of God's people who had given their lives for Jesus. This surprising sight amazed me,","Ɛɛ rɛ ka ŋ na haaŋ hʋ dɩ ʋ nyʋwa Wɩɩsɩ nala kyal a bugo, nala hʋ ba aa kpʋwa akuu baa tɩŋ Yesu abee wɩtɩɩ wɩya. Ŋ aa na ʋ gɛɛ, ŋ nyʋwa fɩyɛlɩ kɩŋkaŋ."
7,"and the angel said: Why are you so amazed? I will explain the mystery about this woman and about the beast she is sitting on, with its seven heads and ten horns.","Ɛɛ rɛ malɩka hʋ pɩyɛsɩ ŋ a baa, “Bekiŋ nɛ tɩŋ ɩ nyʋwa fɩyɛlɩ wɩɩ no wɩya? Wɩɩ hʋ aa leŋ haaŋ hʋ abee ɔhɔ-kɩŋ hʋ ʋ aa gyɩna ʋ kaŋ nyuni bapɛ abee nyɩŋdaasɩ fi hʋ yaa wɩkperii, ŋ sɩ daga ʋ memii tɩya ɩ."
8,"The beast you saw is one that used to be and no longer is. It will come back from the deep pit, but only to be destroyed. Everyone on earth whose names were not written in the book of life before the time of creation will be amazed. They will see this beast that used to be and no longer is, but will be once more.","Ɔhɔ-kɩŋ hʋ ɩ fa aa naa, ʋ fa we doŋ nɛ, amɛ ʋ bɩl tuwo. Ʋ sɩ mɩɩgɩ lɩɩ bootogiluŋii hʋ aa bɩ kaŋ lɩtenii tɩyaŋ ko lɩɩ dɩ ba kpʋ ʋ ta. Nala hʋ aa we dʋnɩya no tɩyaŋ, ka Wɩɩsɩ bɩ sabɩ ba fene we ʋ mɩɩbol teŋ hʋ tɩyaŋ a lɩɩ dʋnɩya piilii tɩyaŋ buloŋ, dɩ ba aa rɛ ko na ɔhɔ-kɩŋ no, ba nyʋʋsɩ sɩ fɩyɛlɩ kɩŋkaŋ, beewɩya ʋ fa we doŋ nɛ, aŋ bɩl tuwo. Amɛ ʋ bɩl sɩ ko."
9,Anyone with wisdom can figure this out. The seven heads that the woman is sitting on stand for seven hills. These heads are also seven kings.,"Dɩ nal lɛ sɩ gyɩŋ wɩɩ no memii, see dɩ ʋ kaŋ wɩgyʋŋ: Nyuni bapɛ hʋ yaa dogiŋsi bapɛ rɛ, haaŋ hʋ hɔŋ ba tɩyaŋ, a yaa kuworo bapɛ mɛ."
10,"Five of the kings are dead. One is ruling now, and the other one has not yet come. But when he does, he will rule for only a little while.","Kuworo bapɛ hʋ tɩyaŋ, ba bɔnɔŋ sʋba rɛ, kɩdɩgɩ mɛ dɩ koro lagɩlagɩ no, ka kɩdɩgɩ mɛ ha bɩ dii koro. Dɩ ʋ mɛ rɛ ko dɩ koro, ʋ bɩ sɩ we doŋ pɩɩsɩ."
11,"You also saw a beast that used to be and no longer is. That beast is one of the seven kings who will return as the eighth king, but only to be destroyed.","Ɔhɔ-kɩŋ hʋ mɛ fa aa we doŋ aŋ bɩl tuwo hʋ, ʋ mɛ yaa kuwori rɛ, a pɛ kuworo hʋ tɩyaŋ ba yaa kyori, amɛ ʋ yaa kuworo bapɛ hʋ kɩdɩgɩ rɛ, a kɩ mʋ dɩ ba kpʋ ʋ ta."
12,"The ten horns you saw are ten more kings, who have not yet come into power, and they will rule with the beast for only a short time.","Nyɩŋdaasɩ fi hʋ ɩ fa aa naa, ba mɛ yaa kuworo fi rɛ, amɛ ba kɛ ha bɩ dii koro. Ba bee ɔhɔ-kɩŋ hʋ sɩ di koro, amɛ hawa dɩgɩ dʋŋ nɛ ba sɩ di koro hʋ."
13,They all think alike and will give their power and authority to the beast.,"Kuworo no buloŋ, wɩdɩgɩ tɩyaŋ nɛ ba buloŋ sɩŋ, ba sɩ yaa nyʋʋdɩgɩ a kpa ba dee hʋ ba aa kaŋ kɩ deŋ lee a tɩya ɔhɔ-kɩŋ hʋ."
14,"These kings will go to war against the Lamb. But he will defeat them, because he is Lord over all lords and King over all kings. His followers are chosen and special and faithful.","Ba bee ɔhɔ-kɩŋ hʋ sɩ kpa yuwo kyeŋ Pebiye hʋ, amɛ Pebiye hʋ bee ʋ hatɩnna, nala hʋ ʋ aa yɩra, a lɩɩ ba, ba kɩ tɩŋa ʋ abee wɩtɩɩ, ba sɩ yuwo di ba, beewɩya ʋ rɛ yaa nɩbala buloŋ nɩbal abee kuworo buloŋ kuwori."
16,The ten horns and the beast will start hating the shameless woman. They will strip off her clothes and leave her naked. Then they will eat her flesh and throw the rest of her body into a fire.,"Nyɩŋdaasɩ hʋ fi mɛ ŋ aa naa, ba bee ɔhɔ-kɩŋ hʋ sɩ haasɩ hasɔŋsɔnnɩ hʋ. Ba sɩ kaŋ ʋ kɩna buloŋ wuri, ka dɩ ʋ kaŋ teŋbil. Ba sɩ kyaŋ ʋ namɩya aŋ kpa ʋ nyɔgɔ ta."
17,God is the one who made these kings all think alike and decide to give their power to the beast. And they will do this until what God has said comes true.,"Beewɩya Wɩɩsɩ rɛ kpaa gɛɛ hakɩla we ba tɩyaŋ dɩ ba kpa yaa wɩya hʋ ʋ aa kyɛɛ, a leŋ ba yaa nyʋʋdɩgɩ a kpa ba dee hʋ ba aa kaŋ kɩ deŋ lee a tɩya ɔhɔ-kɩŋ hʋ, dɩ ʋ kɩ deŋ lee a kaŋ kɩ mʋ saŋa hʋ wɩya hʋ buloŋ Wɩɩsɩ aa basa biŋ aa sɩ yaa teŋ."
18,The woman you saw is the great city that rules over all kings on earth.,Ɛɛ rɛ malɩka hʋ bɩl basɩ tɩya ŋ dɩ haaŋ hʋ ŋ aa na rɛ yaa tɔbal hʋ kuwori aa kaŋ dee dʋnɩya kuworo buloŋ nyuu tɩyaŋ.”
1,"I saw another angel come from heaven. This one had great power, and the earth was bright because of his glory.","Wɩya no buloŋ hal tɩyaŋ, ŋ bɩl naa malɩka kɩdɩgɩ dɩ ʋ lɩɩ wɩɩsɩbee a ko kɩ tuu. Ʋ fa kaŋ dee rɛ yʋga, ka ʋ gaŋdarɩ kyaanɩ dʋnɩya buloŋ tɩyaŋ."
2,"The angel shouted, “Fallen! Powerful Babylon has fallen and is now the home of demons. It is the den of every filthy spirit and of all unclean birds, and every dirty and hated animal.","Ɛɛ rɛ ʋ heeli a baa, “Baabilɔŋ tele rɛ! Tɔbal hʋ tele rɛ! Lagɩlagɩ no, sɩtaaŋkɩna iriŋ buloŋ abee gyɩŋbɔmɔ dʋŋ nɛ we ʋ tɩyaŋ, ʋ bɩrɩmɩ gyaalkperiye abee bisiŋgyaala iriŋ kɛ buloŋ lɩgyʋʋlɩɩ rɛ."
3,"Babylon's evil and immoral wine has made all nations drunk. Every king on earth has slept with her, and every merchant on earth is rich because of her evil desires.”","Beewɩya, ʋ kpaa ʋ sɔŋsɔŋ hʋ kyol dʋnɩya paalʋʋ paalʋʋ buloŋ nala rɛ. Ʋ sɔŋsɔŋ hʋ kɩɩ gɛɛ rɛ anɩɩ sɩduwo ʋ aa kpaa mʋrɩ dʋnɩya nala buloŋ ba nyʋwa bugo. Dʋnɩya kuworo mɛ kana ʋ kɩ sɔnnɩ rɛ. Dʋnɩya bayalɩya mɛ tɩŋ ʋ sɔŋsɔŋ-parɩɩ hʋ tɩyaŋ a bɩrɩmɩ kɩna tɩmma.”"
4,"Then I heard another voice from heaven shout, “My people, you must escape from Babylon. Don't take part in her sins and share her punishment.","Ɛɛ rɛ ŋ bɩl nɩɩ taal kɩdɩgɩ dɩ ʋ lɩɩ wɩɩsɩbee a baa, “Ŋ nala, ma sii lɩɩ Baabilɔŋ tɩyaŋ, dɩ ma mɛ ta ko kɩ yaa wɩbɔmɔ hʋ ʋ nala aa yaa. dɩ baloni hʋ aa sɩ gyʋʋ ba ko daagɩ ma mɛ."
5,Her sins are piled as high as heaven. God has remembered the evil she has done.,"Beewɩya ʋ wɩbɔmɔ kyʋwara gɛɛ kyurutu a gyɩŋ yɩ wɩɩsɩbee, ɛɛ wɩya Wɩɩsɩ bɩ yeŋŋi ʋ wɩyaakyogiye."
6,Treat her as she has treated others. Make her pay double for what she has done. Make her drink twice as much of what she mixed for others.,"Wɩya hʋ ʋ aa kpaa yaa nala, ma mɛ kpa ba tɩɩ yaa ʋ tuŋ naaŋsɩɩnyʋwa bʋlɩya. Gbaha hʋ ʋ aa kaŋ yaa sɩduwo tɩya nala ba nyʋwa, ma mɛ kaŋ ʋ tɩɩ a yaa sɩŋ aa deye te gɛɛ naaŋsɩɩnyʋwa bʋlɩya tɩya ʋ dɩ ʋ nyʋwa."
7,"That woman honored herself with a life of luxury. Reward her now with suffering and pain. “Deep in her heart Babylon said, ‘I am the queen! Never will I be a widow or know what it means to be sad.’","Ma dɔgɩsɩ ʋ weliŋ, a leŋ dɩ tʋwara bee tɩkyogi gyʋʋ ʋ, a maga gɛɛ tɩɩ ʋ gyɩ aa daga ʋ gaŋdarɩ, abee gɛɛ hʋ ʋ gyɩ aa nɩɩ sʋma. Beewɩya ʋ aa bɩɩnɩ ʋ hakɩla tɩyaŋ nɛ abaa, ‘Ŋ yaa kuwori rɛ, ŋ bɩ yaa lohaaŋ, ŋ bɩ sɩ maakyiye wɩɩ loho’"
8,"And so, in a single day she will suffer the pain of sorrow, hunger, and death. Fire will destroy her dead body, because her judge is the powerful Lord God.”","Ɛɛ wɩya, kyɛdɩgɩ dʋŋ nɛ baloo sɩ sii gyʋʋ ʋ. Ʋ nala sɩ sʋba, dɩ ʋ wii. Losi sɩ gyʋʋ ʋ, ka dɩ diŋ kpa ʋ buloŋ di. Wɩya no buloŋ sɩ yaa, beewɩya á Tɩɩna Wɩɩsɩ aa sɩ di ʋ sarɩya hʋ, ʋ kaŋ wɩɩ buloŋ dee rɛ."
9,"Every king on earth who slept with her and shared in her luxury will mourn. They will weep, when they see the smoke from that fire.","Dɩ dʋnɩya kuworo hʋ aa kpaa ba tɩɩ we ʋ sɔŋsɔŋ hʋ tɩyaŋ a kɩ nɩɩ ʋ sʋma hʋ rɛ ko na diŋ hʋ aa di tɔɔ hʋ nyʋwɔsɩ sii kɩ gyɩŋ, ba sɩ kyiyesi a wii weliŋ ʋ wɩya."
10,"Her sufferings will frighten them, and they will stand at a distance and say, “Pity that great and powerful city! Pity Babylon! In a single hour her judgment has come.”","Ba aa sɩ na tʋwara hʋ aa tele tɔɔ hʋ tɩyaŋ, kambɩŋ sɩ kaŋ ba dɩ sɩŋ libolii bolii aŋ kyiyesi abaa, ‘Owu! Owu! Tɔbalbal Baabilɔŋ, ɩ tɔɔ hʋ aa kaŋ dee yʋga, hawa dɩgɩ dʋŋ paga tɩyaŋ nɛ ba dɔgɩsɩ ɩ nyɛ.’"
11,"Every merchant on earth will mourn, because there is no one to buy their goods.","Dʋnɩya bayalɩya sɩ wɩɩ Baabilɔŋ wɩya abee tɩkyogi, beewɩya nal buloŋ bɩl bee yɔbɔ ba kɩyallɩya."
12,"There won't be anyone to buy their gold, silver, jewels, pearls, fine linen, purple cloth, silk, scarlet cloth, sweet-smelling wood, fancy carvings of ivory and wood, as well as things made of bronze, iron, or marble.","Nal buloŋ bɩl bee yɔbɔ ba salma, abee kpana, abee sɩfɩyaŋ bʋwa iriŋ buloŋ, abee gaweliye iriŋ iriŋ buloŋ yalɩɩ aa hayɛ abee ba daatɩɩma yalɩɩ aa hayɛ abee kɩna iriŋ buloŋ ba aa kaŋ daatɩɩma yalɩɩ aa hayɛ marɩ, abee kɩna hʋ buloŋ ba aa kaŋ batu-kaŋa marɩ, abee kɩna ba aa kaŋ kɔlɩɩ marɩ, abee hɔgɩkɩmarɩya, abee kɩna ba aa kyara lɩɩ sɩfɩyaŋbʋduwowelii kɩdɩgɩ tɩyaŋ."
14,"Babylon, the things your heart desired have all escaped from you. Every luxury and all your glory will be lost forever. You will never get them back.","Bayalɩya hʋ sɩ baa, ‘Kɩweliye hʋ buloŋ ɩ fa aa kyo dɩ ɩ kana, ba buloŋ mʋwa, ɩ dʋwa abee ɩ gaŋdarɩ hʋ buloŋ nyʋgɩsa. Ɩ bɩl bɩ sɩ maakyiye na ba.’"
15,"The merchants had become rich because of her. But when they saw her sufferings, they were terrified. They stood at a distance, crying and mourning.","Bayalɩya hʋ buloŋ fa aa yallɩ kɩna Baabilɔŋ tɩyaŋ a na molbiye, kambɩŋ sɩ gyʋʋ ba akuu tʋwara hʋ aa tele ʋ tɩyaŋ wɩya, dɩ ba sɩŋ libolii aŋ kɩ wii bee tɩkyogi a baa,"
16,"Then they shouted, “Pity the great city of Babylon! She dressed in fine linen and wore purple and scarlet cloth. She had jewelry made of gold and precious stones and pearls.","‘Owu! Owu! Tɔbal no fa weliye rɛ, a kaŋ kɩweliye mɛ. Ʋ fa aa laalɩ gawelii aa yaa kɩfɩyaŋ abee kyʋkyɔnɩɩ rɛ, ka ʋ kpa salma abee sɩfɩyaŋbʋwa iriŋ iriŋ abee gyiiŋbiweliye a kpɩyɛrɩ ʋ tɩɩ."
17,"Yet in a single hour her riches disappeared.” Every ship captain and passenger and sailor stood at a distance, together with everyone who does business by traveling on the sea.","Ka hawa dɩgɩ dʋŋ paga tɩyaŋ ɩ dʋwa no buloŋ kyogi ta nyɛ.’ Ɛɛ rɛ nala hʋ aa yaa nɩɩduworiboribala hʋ aa vala mpʋwɔnʋʋ tɩyaŋ tʋŋtʋnna nɩhɩyasɩ, abee nala hʋ aa kaŋ nɩɩduworiborisi kɩ vala, abee nala hʋ aa gyʋʋ nɩɩduworiborisi kɩ mʋ leye, abee bayalɩya hʋ buloŋ aa kyɛ kɩna mpʋwɔnʋʋ tɩyaŋ,"
18,"When they saw the smoke from her fire, they shouted, “This was the greatest city ever!”","ba buloŋ aa naa nyʋwɔsɩ hʋ aa lɩɩ diŋ hʋ aa di bee tɩyaŋ, ba sɩŋ libolii rɛ aŋ kyiyesi abaa, ‘Tɔbee rɛ fa we dʋnɩya buloŋ tɩyaŋ a kɩɩ tɔbal no?’"
19,"They cried loudly, and in their sorrow they threw dust on their heads, as they said, “Pity the great city of Babylon! Everyone who sailed the seas became rich from her treasures. But in a single hour the city was destroyed.","Ɛɛ rɛ ba kɩ wii a kɩ kyiyesi a yaa taŋha kɩ we ba nyuni tɩyaŋ a baa, ‘Owu, owu, tɔbal no tɩyaŋ nɛ nala hʋ buloŋ aa kaŋ nɩɩduworiborisi tɩŋa a yaa kɩna tɩmma. Ka hawa dɩgɩ dʋŋ paga tɩyaŋ ʋ kɩŋ kɩŋ buloŋ kyogi ta nyɛ."
21,"A powerful angel then picked up a huge stone and threw it into the sea. The angel said, “This is how the great city of Babylon will be thrown down, never to rise again.","Ɛɛ rɛ malɩka-gaduwogɩ kɩdɩgɩ kpa bʋbal aa maga nɔŋ a yuwo we mpʋwɔnʋʋ tɩyaŋ aŋ baa, ‘Nyɛ tɩɩ rɛ ba sɩ yigi tɔbal Baabilɔŋ lo abee dee, dɩ ʋ nyʋgɩsɩ dʋnɩya tɩyaŋ a kaŋ kɩ mʋ maakyiye buloŋ."
22,"The music of harps and singers and of flutes and trumpets will no longer be heard. No workers will ever set up shop in that city, and the sound of grinding grain will be silenced forever.","Gɔbɩya bɩl bɩ sɩ maakyiye ŋmaa konima, koo a yɩɩ yɩɩla, koo mʋʋ loŋbiisi koo kabɩla ɩ tɩyaŋ. Tʋŋtʋnna iriŋ kɛ buloŋ bɩl bɩ sɩ maakyiye we ɩ tɩyaŋ. Ba bɩl bɩ sɩ maakyiye nɩɩ nɔŋbii dɔmɔ mɛ ɩ tɩyaŋ."
23,"Lamps will no longer shine anywhere in Babylon, and couples will never again say wedding vows there. Her merchants ruled the earth, and by her witchcraft she fooled all nations.","Fɩŋtɩŋsɩ iriŋ kɛ buloŋ bɩl bɩ sɩ maakyiye kyaanɩ ɩ tɩyaŋ. Nal buloŋ bɩl bɩ sɩ maakyiye nɩɩ dɩ baal kpaa haaŋ koo dɩ haaŋ yal bala ɩ tɩyaŋ. Ɩ bayalɩya rɛ fa yaa nɩbala dʋnɩya no tɩyaŋ, ka ɩ kpa daaluliye a mʋrɩ dʋnɩya nala buloŋ."
24,"On the streets of Babylon is found the blood of God's people and of his prophets, and everyone else.”","Baabilɔŋ tɩyaŋ nɛ ba kpʋ Wɩɩsɩ tɩŋdaala abee Wɩɩsɩ nala abee nala kɛ buloŋ ba aa kpʋwa dʋnɩya tɩyaŋ, ɛɛ rɛ tɩŋ ba dɔgɩsɩ ʋ gɛɛ.”’"
1,"After this, I heard what sounded like a lot of voices in heaven, and they were shouting, “Praise the Lord! To our God belongs the glorious power to save,","Ɛɛ hal tɩyaŋ, ŋ bɩl nɩɩ dɔmɔ kɩdɩgɩ aa kɩɩ gɛɛ anɩɩ gyamaa aa yaa kyagɩŋsɩ wɩɩsɩbee tɩyaŋ a baa, “Ma dannɩ Wɩɩsɩ! Ʋ rɛ yaa Laataal, a yaa Gaŋdaal abee Dee buloŋ tɩɩna."
2,because his judgments are honest and fair. That filthy prostitute ruined the earth with shameful deeds. But God has judged her and made her pay the price for murdering his servants.”,"Ma leŋ dɩ á dannɩ ʋ, beewɩya ɛɛ hʋ ʋ aa dɔgɩsɩ nala, ʋ yaa ŋmanɩɩ rɛ a maga mɛ. Haŋ hasɔŋsɔnnɔ kuwori hʋ fa aa kpa ʋ sɔŋsɔŋ kyol dʋnɩya nala buloŋ hʋ, Wɩɩsɩ di ʋ sarɩya rɛ ʋ tele. Ʋ aa kpʋʋ Wɩɩsɩ tʋŋtʋnna wɩya rɛ tɩŋ Wɩɩsɩ mɛ dɔgɩsɩ ʋ tuŋ gɛɛ.”"
3,"Then the crowd shouted, “Praise the Lord! Smoke will never stop rising from her burning body.”","Ɛɛ rɛ ba bɩl yaa kyagɩŋsɩ abaa, “Ma dannɩ Wɩɩsɩ! Diŋ hʋ aa di Baabilɔŋ, ʋ nyʋwɔsɩ sii kɩ gyɩŋ wɩɩsɩnyuu rɛ a kaŋ kɩ mʋ maakyiye buloŋ.”"
5,"From the throne a voice said, “If you worship and fear our God, give praise to him, no matter who you are.”","Ɛɛ rɛ taal kɩdɩgɩ lɩɩ Wɩɩsɩ kuworikpasa hʋ logiŋ abaa, “Mamaa Wɩɩsɩ tʋŋtʋnna buloŋ abee ma nala hʋ buloŋ aa fá Wɩɩsɩ, nɩbala abee nɩbiisi buloŋ, ma leŋ dɩ á dannɩ á Wɩɩsɩ.”"
6,"Then I heard what seemed to be a large crowd that sounded like a roaring flood and loud thunder all mixed together. They were saying, “Praise the Lord! Our Lord God All-Powerful now rules as king.","Ɛɛ rɛ ŋ bɩl nɩɩ dɔmɔ kɩdɩgɩ aa kɩɩ gɛɛ anɩɩ gyamaa aa yaa kyagɩŋsɩ, a kɩɩ gɛɛ anɩɩ kyuuri aa dɔŋ, a bɩl kɩɩ gɛɛ anɩɩ duwoŋ aa nɔsɩ, abaa, “Ma dannɩ Wɩɩsɩ! Beewɩya á Tɩɩna Wɩɩsɩ dee buloŋ tɩɩna yaa kuwori rɛ."
7,"So we will be glad and happy and give him praise. The wedding day of the Lamb is here, and his bride is ready.","Ma leŋ dɩ á tenni fɩyɛlɩ dɩ á kɩ gyʋwɔsɩ. Ma leŋ dɩ á yɩrɩ ʋ gaŋdaa-feŋ, a dannɩ ʋ weliŋ. Beewɩya saŋa hʋ Pebiye hʋ aa sɩ kpa ʋ haaŋ pele rɛ. Haaŋ hʋ mɛ ʋ aa sɩ kpa yaa siri rɛ, a kɩ gyegili ʋ."
8,She will be given a wedding dress made of pure and shining linen. This linen stands for the good things God's people have done.”,Ɛɛ rɛ ba kpa gapʋlʋŋ pogipogi aa tʋl a tɩya haaŋ hʋ dɩ ʋ laalɩ.
9,"Then the angel told me, “Put this in writing. God will bless everyone who is invited to the wedding feast of the Lamb.” The angel also said, “These things God has said are true.”","Ɛɛ rɛ malɩka hʋ basɩ tɩya ŋ a baa, “Sabɩ wɩɩ no! Nyusʋŋtɩmma rɛ yaa nala hʋ ba aa yɩra dɩ ba ko gbɩyalɩ Pebiye hʋ hafalɩɩ gbɩyala a di kɩna.” Ɛɛ rɛ ka malɩka hʋ bɩl basɩ tɩya ŋ abaa, “Wɩɩsɩ nyʋwa wɩbiye tɩɩ rɛ nyɛ.”"
10,"I knelt at the feet of the angel and began to worship him. But the angel said, “Don't do that! I am a servant, just like you and everyone else who tells about Jesus. Don't worship anyone but God. Everyone who tells about Jesus does it by the power of the Spirit.” The Rider on the White Horse","Ɛɛ rɛ ŋ tuu gbinni dɩ ŋ kyʋwalɩ ʋ. Doŋ nɛ ʋ mɩɩgɩ basɩ tɩya ŋ abaa “Ta yaa gɛɛ, ŋ mɛ yaa Wɩɩsɩ tʋŋtʋnnɩ rɛ anɩɩ ɩ abee ɩ dɔŋtɩŋsɩ hʋ buloŋ aa laa Yesu wɩya di, abee nala hʋ buloŋ aa kaŋ wɩtɩɩ hʋ Yesu aa kpaa daga ma weliŋ. Wɩɩsɩ dʋŋ nɛ ʋ maga ɩ kɩ kyʋwalɩ ʋ! Beewɩya wɩtɩɩ hʋ Yesu aa kpaa daga ma, haŋ wɩtɩɩ hʋ rɛ leŋ Wɩɩsɩ nala wuwo kɩ basɩ Wɩɩsɩ wɩya.” Nal hʋ aa gyɩŋ gyapʋlʋŋ hʋ"
11,"I looked and saw heaven was open, and a white horse was there. Its rider was called Faithful and True, and he is always fair when he judges or goes to war.","Ɛɛ rɛ ŋ na dɩ wɩɩsɩbee suro. Ŋ na gyapʋlʋŋ dɩ nal gyɩna. Nal hʋ aa gyɩna ʋ feŋ nɛ yaa Wɩtɩɩ Tɩɩna. Beewɩya wɩtɩɩ rɛ ʋ kaŋ kɩ di nala sarɩya, a kaŋ wɩtɩɩ mɛ a kɩ yuwo yuwo."
12,"He had eyes like flames of fire, and he was wearing a lot of crowns. His name was written on him, but he was the only one who knew what the name meant.","Ʋ sɩya buloŋ kɩ kyol a kɩɩ diŋgel, aŋka ʋ kyige kuworinyupugigyamaa ʋ nyuu tɩyaŋ. Ba sabɩ ʋ feŋ mal ʋ tɩyaŋ nɛ, amɛ nal buloŋ bɩ gyɩŋ feŋ hʋ see ʋ dʋŋ."
13,"The rider wore a robe that was covered with blood, and he was known as “The Word of God.”",Ka gadolii hʋ ʋ aa laala hʋ buloŋ tɔ abee kyal. Ba kan-ʋ kɩ yɩrɩ Wɩɩsɩ Wɩbii rɛ.
14,He was followed by armies from heaven that rode on white horses and were dressed in pure white linen.,"Wɩɩsɩbee laalyuwolo mɛ gyɩŋ gyapʋllɩ a kɩ tɩŋa ʋ hal, a laalɩ gapʋlʋŋweliye aa bɩ kaŋ bisiŋ buloŋ."
15,From his mouth a sharp sword went out to attack the nations. He will rule them with an iron rod and will show the fierce anger of God All-Powerful by trampling the grapes in the pit where wine is made.,"Ɛɛ rɛ takoobii aa di nyamanyama lɩɩ nal hʋ aa gyɩŋ gyaagʋ hʋ nyʋwa tɩyaŋ a ko lɩɩ. Takoobii no rɛ ʋ sɩ kaŋ yuwo yuwo a di dʋnɩya nala buloŋ. Hɔgɩ-kpaasa rɛ ʋ sɩ kaŋ kɩ deŋ dʋnɩya. Ʋ sɩ leŋ dɩ á Tɩɩna Wɩɩsɩ, Dee buloŋ tɩɩna na baaŋ kɩŋkaŋ dʋnɩya nala nyuu tɩyaŋ, a kyaga ba bʋrɩgɩ anɩɩ ba aa kyaga tɩɩnɔnɔ bʋrɩgɩ sɩŋbʋwa tɩyaŋ gɛɛ."
16,"On the part of the robe that covered his thigh was written, “KING OF KINGS AND Lord OF LordS.”",Ba sabɩ ʋ feŋ mal gadolii hʋ ʋ aa laala tɩyaŋ nɛ abee ʋ naapuyi tɩyaŋ. Feŋ hʋ rɛ nyɛ: “Kuworo buloŋ Kuwori abee Nɩbala buloŋ Nɩbal.”
17,"I then saw an angel standing on the sun, and he shouted to all the birds flying in the sky, “Come and join in God's great feast!","Ɛɛ rɛ ka ŋ bɩl na malɩka kɩdɩgɩ dɩ ʋ sɩŋ wɩɩpɔsɩɩ tɩyaŋ, a huwori kɩ yɩrɩ digibiisi buloŋ aa gyaarɩ wɩɩsɩnyuu tɩyaŋ a baa: “Ma ko pɛ dɔmɔŋ a di kɩdibala hʋ Wɩɩsɩ aa kpaa biŋ ma."
18,"You can eat the flesh of kings, rulers, leaders, horses, riders, free people, slaves, important people, and everyone else.”","Ma ko di kuworo namɩya, abee laalyuwolhɩyasɩ namɩya, abee gaduwogo namɩya, abee gyaaga namɩya, abee gyagyɩnna namɩya, abee nihuwobisi buloŋ namɩya, nala hʋ aa tɩŋ ba tɩɩ abee yosi, nɩbala abee nɩbiisi buloŋ.”"
19,I also saw the beast and all kings of the earth come together. They fought against the rider on the white horse and against his army.,Ɛɛ rɛ ŋ na ɔhɔ-kɩŋ hʋ abee dʋnɩya kuworo abee ba laalyuwolo dɩ ba laŋŋa dɩ ba yuwo nal hʋ aa gyɩŋ gyaagʋ hʋ abee ʋ laalyuwolo.
20,"But the beast was captured and so was the false prophet. This is the same prophet who had worked miracles for the beast, so he could fool everyone who had the mark of the beast and worshiped the idol. The beast and the false prophet were thrown alive into a lake of burning sulfur.","Nal hʋ aa gyɩŋ gyaagʋ hʋ bee ʋ laalyuwolo yuwo kaŋ ɔhɔ-kɩŋ hʋ, a yuwo kaŋ nal hʋ aa nyɩya wɩya anɩɩ ʋ yaa Wɩɩsɩ tɩŋdaal hʋ mɛ. Ʋ rɛ fa laa ɔhɔ-kɩŋ hʋ nyuu a yaa wɩmagɩla a mʋrɩ nala hʋ ba aa kpaa ɔhɔ-kɩŋ hʋ feŋ a magɩlɩ, abee nala hʋ aa kyʋwalɩ kɩŋ hʋ ba aa mɔɔ ʋ kɩɩ ʋ ɔhɔ-kɩŋ hʋ. Ɛɛ rɛ ba kpa nala no balɩya kɩweye a yuwo ta ba ko tuu gyʋʋ gyɩrɩbʋyɩ aa di diŋ aa pɩŋ gɛɛ anɩɩ nɩɩpaal hʋ tɩyaŋ."
21,But the rest of their army was killed by the sword that came from the mouth of the rider on the horse. Then birds stuffed themselves on the dead bodies.,Ka nal hʋ aa gyɩŋ gyaagʋ hʋ kaŋ takoobii hʋ aa lɩɩ ʋ nyʋwa a kpʋ nɩkaalɩya hʋ buloŋ. Ɛɛ rɛ digibiisi hʋ kpa ba naŋpʋŋ buloŋ di a vɔgɔ parɩ.
4,"I saw thrones, and sitting on those thrones were the ones who had been given the right to judge. I also saw the souls of the people who had their heads cut off because they had told about Jesus and preached God's message. They were the same ones who had not worshiped the beast or the idol, and they had refused to let its mark be put on their foreheads or hands. They will come to life and rule with Christ for","Ɛɛ rɛ ŋ na nala dɩ ba hɔŋ kuworikpasɩnɩ tɩyaŋ. Nala no rɛ ba tɩya ŋmanɩɩ dɩ ba di nala sarɩya. Ɛɛ rɛ ka ŋ na nala dʋŋsɩ mɛ. Nala hʋ dʋŋsɩ ŋ aa naa rɛ yaa nala hʋ nyuni ba aa kere akuu ba aa basɩ Wɩɩsɩ wɩya aŋ kɩ tɩŋ Yesu abee wɩtɩɩ wɩya. Nala no kɛ fa bee kyʋwalɩ ɔhɔ-kɩŋ hʋ koo kɩŋ hʋ ba aa mɔɔ ʋ kɩɩ ʋ. Ba bɩ kaŋ ɔhɔ-kɩŋ hʋ magɩl mɛ ba tilli koo ba nosi tɩyaŋ. Nala no fa sʋba rɛ aŋ sii sʋʋ tɩyaŋ, ba bee Krisita di koro a kɩ deŋ dʋnɩya nala bɩsɩ tusi."
6,"These people are the first to be raised to life, and they are especially blessed and holy. The second death has no power over them. They will be priests for God and Christ and will rule with them for","Nala hʋ aa pɛ sʋʋnɩ hʋ aa laa sɩya sii sʋʋ tɩyaŋ, ba yaa nyusʋŋtɩmma rɛ a yaa nɩtɩɩma Wɩɩsɩ sɩya tɩyaŋ. Ba kɛ, sʋʋlɩya hʋ bɩl bɩ kaŋ dee ba nyuu tɩyaŋ. Ba sɩ yaa wɩɩkyʋwal sɩlaala a tʋma kɩ tɩya Wɩɩsɩ abee Krisita, ka dɩ ba bee Krisita di koro a kaŋ kɩ mʋ bɩsɩ tusi. Ba kpaa Sɩtaanɩ we diŋ tɩyaŋ"
8,"He will fool the countries of Gog and Magog, which are at the far ends of the earth, and their people will follow him into battle. They will have as many followers as there are grains of sand along the beach,",Ʋ sɩ ko lɩɩ a mʋ mʋrɩ nala aa we dʋnɩya paalʋʋ paalʋʋ buloŋ tɩyaŋ dɩ ʋ leŋ ba ko pɛ dɔmɔŋ a yuwo yuwo. Ba kaŋ paalʋʋsɩ no kɩ yɩrɩ Gɔgɩ abee Magɔgɩ rɛ. Ba nala yʋga gɛɛ rɛ anɩɩ mpʋwɔnʋʋ nyʋwa bumbugulo.
9,and they will march all the way across the earth. They will surround the camp of God's people and the city God loves. But fire will come down from heaven and destroy the whole army.,"Ba nala talla laa dʋnɩya buloŋ nɛ a mʋ gol tɔɔ hʋ Wɩɩsɩ aa kyo, lee hʋ ʋ nala aa laŋŋa. Amɛ diŋ lɩɩ wɩɩsɩnyuu a ko tuu kpa ba di."
10,"Then the devil who fooled them will be thrown into the lake of fire and burning sulfur. He will be there with the beast and the false prophet, and they will be in pain day and night forever and ever. The Judgment at the Great White Throne",Ɛɛ rɛ ba kpa Sɩtaanɩ hʋ aa mʋrɩ ba a yuwo we gyɩrɩbʋyɩ aa di diŋ a pɩŋ gɛɛ anɩɩ nɩɩpaal. Lee hʋ ba gyɩ aa laasɩya kpa ɔhɔ-kɩŋ hʋ abee nal hʋ aa nyɩya wɩya anɩɩ ʋ yaa Wɩɩsɩ tɩŋdaal hʋ mɛ yuwo we. Ba sɩ na tʋwara doŋ wɩɩhaa abee tebine buloŋ a kaŋ kɩ mʋ maakyiye buloŋ. Dʋnɩya sarɩkateŋse hʋ dii
11,"I saw a great white throne with someone sitting on it. Earth and heaven tried to run away, but there was no place for them to go.","Ɛɛ rɛ ka ŋ na kuworikpasɩpʋlʋŋbal dɩ ʋ sɩna, a na nal hɔŋ ʋ tɩyaŋ mɛ. Ɛɛ rɛ ŋ na dɩ taŋha abee wɩɩsɩnyuu buloŋ fáá nyʋgɩsɩ nal hʋ sɩya tɩyaŋ, nal buloŋ bɩl bɩ naa ba."
12,"I also saw all the dead people standing in front of that throne. Every one of them was there, no matter who they had once been. Several books were opened, and then the book of life was opened. The dead were judged by what those books said they had done.","Ɛɛ rɛ ka ŋ na nala hʋ aa sʋba, nɩbala abee nɩbiisi buloŋ, dɩ ba sɩŋ kuworikpasa hʋ sɩya tɩyaŋ. Ɛɛ rɛ ba suri teŋgyamaa, aŋ bɩl suri Mɩɩbol Teŋ hʋ mɛ. Nal buloŋ wɩyaalɩya ba aa saba biŋ tenni no tɩyaŋ, ba aa rɛ ba kpa di ʋ sarɩya."
13,"The sea gave up the dead people who were in it, and death and its kingdom also gave up their dead. Then everyone was judged by what they had done.","Ɛɛ rɛ mpʋwɔnʋʋ ugo nala hʋ buloŋ aa sʋba ʋ tɩyaŋ ba ko lɩɩ. Sʋʋ bee lalɩyabee mɛ fa aa kaŋ sʋʋnɩ hʋ buloŋ biŋ, ba mɛ kpa ba ta ba ko lɩɩ. Ɛɛ rɛ ba deŋ tenni hʋ tɩyaŋ a na wɩya hʋ buloŋ ba aa yaa dʋnɩya tɩyaŋ a kpa ba di ba sarɩya."
14,"Afterwards, death and its kingdom were thrown into the lake of fire. This is the second death.","Ɛɛ rɛ ka ba kpa sʋʋ abee lalɩyabee a yuwo we diŋbal hʋ aa pɩna gɛɛ anɩɩ nɩɩpaal tɩyaŋ. Nal hʋ buloŋ aa sɩ gyʋʋ diŋbal no, sʋʋlɩya hʋ rɛ ʋ sʋba gɛɛ."
15,Anyone whose name wasn't written in the book of life was thrown into the lake of fire.,"Dɩ nal buloŋ feŋ nɛ ko tuwo Mɩɩbol Teŋ hʋ tɩyaŋ, ba aa kpa ʋ yuwo we diŋbal hʋ aa pɩna gɛɛ anɩɩ nɩɩpaal tɩyaŋ nɛ."
3,"I heard a loud voice shout from the throne: God's home is now with his people. He will live with them, and they will be his own. Yes, God will make his home among his people.","Ɛɛ rɛ ka ŋ nɩɩ taabal kɩdɩgɩ dɩ ʋ lɩɩ kuworikpasa hʋ nyuu, a baa, “Ma na! Lagɩlagɩ no Wɩɩsɩ saa ʋ bee nihuwobisi tɩyaŋ nɛ. Ʋ beel-ba sɩ pɛ hɔŋ dɩ ba yaa ʋ nala. Wɩɩsɩ tɩɩ sɩ we ba lee, a yaa ba Wɩɩsɩ."
4,"He will wipe all tears from their eyes, and there will be no more death, suffering, crying, or pain. These things of the past are gone forever.","Ʋ sɩ tɩɩgɩ ba sɩnɩɩl buloŋ ta. Sʋʋ koo tɩkyogi koo wiile bɩl bɩ sɩ we doŋ, ba teŋ lee kɩdɩgɩ buloŋ mɛ bɩl bɩ sɩ wɩɩ, beewɩya wɩbɩnɩya buloŋ para rɛ.”"
5,Then the one sitting on the throne said: I am making everything new. Write down what I have said. My words are true and can be trusted.,"Ɛɛ rɛ nal hʋ aa hɔŋ kuworikpasa hʋ nyuu baa, “Ma na! Lagɩlagɩ no ŋ kaŋ kɩna buloŋ kɩ bɩrɩmɩ kɩfalɩya rɛ.” Aŋ bɩl basɩ tɩya ŋ a baa, “Sabɩ wɩya no ŋ aa basa, beewɩya ba yaa wɩtɩɩ rɛ, a maga dɩ nal buloŋ laa ba di.”"
6,"Everything is finished! I am Alpha and Omega, the beginning and the end. I will freely give water from the life-giving fountain to everyone who is thirsty.","Ɛɛ rɛ ka ʋ bɩl basɩ tɩya ŋ a baa, “Wɩɩ buloŋ tene rɛ! Mɩyaŋ nɛ yaa Alfa abee Omega, wɩɩ buloŋ lipiilii abee wɩɩ buloŋ litenii. Nal hʋ buloŋ nɩɩnyʋwasɩ a kana, ŋ sɩ yaa nɩɩ bulo hʋ tɩyaŋ nɩɩ hʋ aa tɩya mɩɩbol aa bul a tɩya ʋ waasʋ."
7,"All who win the victory will be given these blessings. I will be their God, and they will be my people.","Nal hʋ buloŋ aa ko wuwo yuwo di, ʋ rɛ sɩ na kɩna no buloŋ. Ŋ sɩ yaa ʋ Wɩɩsɩ, dɩ ʋ mɛ yaa ŋ biye."
8,But I will tell you what will happen to cowards and to everyone who is unfaithful or dirty-minded or who murders or is sexually immoral or uses witchcraft or worships idols or tells lies. They will be thrown into that lake of fire and burning sulfur. This is the second death. The New Jerusalem,"Amɛ kambɩnna, abee nala hʋ aa bɩ laa ŋ di, abee nala hʋ aa yaa bisiŋ wɩya, abee nɩkpʋʋla, abee sɔŋsɔnnɔ, abee daaluliye tɩmma, abee vʋgɩmarɩla, abee wɩnyɩyɛla, lee hʋ ba aa sɩ we rɛ yaa gyɩrɩbʋyɩ diŋ hʋ aa pɩna gɛɛ anɩɩ nɩɩpaal tɩyaŋ. Nyɛ rɛ yaa sʋʋlɩya hʋ.” Gyerusalɛmfalɩɩ hʋ"
9,"I saw one of the seven angels who had the bowls filled with the seven last terrible troubles. The angel came to me and said, “Come on! I will show you the one who will be the bride and wife of the Lamb.”","Ɛɛ rɛ malɩkasɩ bapɛ hʋ aa kolo tahaŋsɩ bapɛ hʋ aa suwo abee balo-kateŋse bapɛ hʋ kɩdɩgɩ ko basɩ tɩya ŋ a baa, “Ko dɩ ŋ daga ɩ haaŋ hʋ Pebiye hʋ aa sɩ kpa.”"
10,"Then with the help of the Spirit, he took me to the top of a very high mountain. There he showed me the holy city of Jerusalem coming down from God in heaven.","Ɛɛ rɛ Wiyesi Welii hʋ ko laa ŋ tɩŋa, ka malɩka hʋ kpa ŋ kaŋ gyɩŋ dogiŋbal kɩdɩgɩ aa gyɩna yʋga nyuu. Doŋ nɛ ʋ daga ŋ Wɩɩsɩ Tɔbal hʋ ba aa yɩrɩ Gyerusalɛm, Wɩɩsɩ aa leŋ ʋ lɩɩ wɩɩsɩbee ko kɩ tuu."
11,The glory of God made the city bright. It was dazzling and crystal clear like a precious jasper stone.,"Wɩɩsɩ gaŋdarɩ gyɩ we tɔɔ hʋ tɩyaŋ a leŋ ʋ buloŋ kyaanɩ, a kɩ nyʋlsɩ gɛɛ anɩɩ sɩfɩyaŋ bʋyɩ kɩdɩgɩ ba aa yɩrɩ gyasɩpa, aŋ kyaanɩ gɛɛ anɩɩ nyagɩsa."
12,"The city had a high and thick wall with twelve gates, and each one of them was guarded by an angel. On each of the gates was written the name of one of the twelve tribes of Israel.","Ba gyɩ saa gyebibal aa gyɩna rɛ a baarɩ tɔɔ hʋ ko baŋ. Gyebii hʋ gyɩ kaŋ pagɩsɩ fi abee balɩya rɛ, malɩkasɩ fi abee balɩya sɩŋ kɩ pɔ pagɩsɩ hʋ, ka ba sabɩ Iziral tɩmma bekyige fi abee balɩya hʋ fene a we pagɩsɩ hʋ borisi tɩyaŋ."
13,"Three of these gates were on the east, three were on the north, three more were on the south, and the other three were on the west.","Tɩɩmemii dɩɩlaŋ gyɩ kaŋ pagɩsɩ boto rɛ, tɩɩnyuu dɩɩlaŋ mɛ kaŋ pagɩsɩ boto, wɩɩpɔsɩɩ noduu dɩɩlaŋ kaŋ pagɩsɩ boto, ka wɩɩpɔsɩɩ nogɔbɔ dɩɩlaŋ mɛ kaŋ pagɩsɩ boto."
14,The city was built on twelve foundation stones. On each of the stones was written the name of one of the Lamb's twelve apostles.,"Bʋwa fi abee balɩya rɛ ba gyɩ kpa biŋ gyebii hʋ aa barɩ tɔɔ hʋ memii, ka ba sabɩ Pebiye hʋ kpambɩsɩ fi abee balɩya hʋ fene a we bʋwa no tɩyaŋ."
15,The angel who spoke to me had a gold measuring stick to measure the city and its gates and its walls.,Malɩka hʋ aa basɩ wɩya ŋ lee kol salɩŋ daamagɩsɩɩ rɛ dɩ ʋ kaŋ magɩsɩ tɔbal hʋ abee ʋ pagɩsɩ abee ʋ gyebiye buloŋ.
16,"The city was shaped like a cube, because it was just as high as it was wide. When the angel measured the city, it was about",Tɔɔ hʋ gyalɩŋ abee ʋ doluŋ buloŋ maga dɔmɔŋ nɛ. Ɛɛ rɛ ʋ magɩsɩ bee hʋ abee salɩŋ daamagɩsɩɩ hʋ dɩ ʋ yaa meeldaasɩ tusi abee kɔɔsɩ bɔnɔŋ (
17,"Then the angel measured the wall, and by our measurements it was about","Malɩka hʋ gyɩ magɩsɩ bee hʋ gyebii mɛ rɛ anɩɩ nihuwobisi aa magɩsɩ kɩna gɛɛ, dɩ ʋ gyɩnɩɩ yaa naaŋsɩɩnyʋwa kɔɔsɩ balɩya abee fi bee badʋ."
18,"The wall was built of jasper, and the city was made of pure gold, clear as crystal.","Bʋyɩ hʋ ba aa yɩrɩ gyasɩpa rɛ ba kpa saa gyebii hʋ aa baarɩ bee hʋ, aŋka bee hʋ tɩɩ buloŋ kɛ yaa salma, ʋ buloŋ kyaanɩ gɛɛ anɩɩ nyagɩsa."
20,"the fifth was onyx, the sixth was carnelian, the seventh was chrysolite, the eighth was beryl, the ninth was topaz, the tenth was chrysoprase, the eleventh was jacinth, and the twelfth was amethyst.","nɔɔ tɩɩna hʋ feŋ nɛ onisi, dʋʋ tɩɩna hʋ mɛ feŋ nɛ kanɛɛlɩyaŋ, pɛɛ tɩɩna hʋ mɛ feŋ nɛ kirisolati, kyori tɩɩna hʋ mɛ feŋ nɛ bɛril, nibi tɩɩna hʋ mɛ feŋ nɛ topasɩ, fi tɩɩna hʋ mɛ feŋ nɛ kirisopirasi, fi bee kɩdɩgɩ tɩɩna hʋ mɛ feŋ nɛ gyasinti, fi bee balɩya tɩɩna hʋ mɛ feŋ nɛ amɛtisi."
21,"Each of the twelve gates was a solid pearl. The streets of the city were made of pure gold, clear as crystal.","Pagɩsɩ fi bee balɩya hʋ buloŋ yaa gyiiŋbiweliye ba aa yɩrɩ pɛɛlɩsɩ fi bee balɩya rɛ, ba kpa pɛɛl-dɩgɩ a marɩ paga buloŋ. Ŋmaŋbal hʋ aa pɩŋ bee hʋ tɩyaŋ buloŋ mɛ yaa salɩŋtɩɩ dʋŋ nɛ, a kɩ kyaanɩ gɛɛ anɩɩ nyagɩsa."
22,I did not see a temple there. The Lord God All-Powerful and the Lamb were its temple.,"Ŋ fa bɩ naa wɩɩkyʋwaldɩya buloŋ bee hʋ tɩyaŋ beewɩya á Tɩɩna Wɩɩsɩ, dee buloŋ tɩɩna abee Pebiye hʋ tɩɩtɩɩ we doŋ nɛ ba kɩ kyʋwalɩ ba lee kɛ buloŋ tɩyaŋ."
23,"And the city did not need the sun or the moon. The glory of God was shining on it, and the Lamb was its light.","Wɩɩpɔsɩɩ koo pene daa leŋ bee hʋ kyaanɩ, beewɩya Wɩɩsɩ gaŋdarɩ rɛ kyaana kɩ we ʋ tɩyaŋ, Pebiye hʋ mɛ yaa ʋ fɩŋtɩna."
24,"Nations will walk by the light of that city, and kings will bring their riches there.",Ʋ pʋlʋŋ tɩyaŋ nɛ dʋnɩya nala buloŋ sɩ we. Dʋnɩya kuworo buloŋ mɛ sɩ kaŋ ba dʋwa ko gyʋʋ ʋ tɩyaŋ.
25,"Its gates are always open during the day, and night never comes.","Ba bɩ sɩ maakyiye kaŋ bee hʋ paga tɔ kyɛɛ kɩdɩgɩ buloŋ, beewɩya tebine tuwo doŋ."
26,The glorious treasures of nations will be brought into the city.,Ba sɩ kaŋ paalʋʋsɩ buloŋ nala dʋwa abee ba gaŋdaa-kɩna ko gyʋʋ doŋ.
27,But nothing unworthy will be allowed to enter. No one who is dirty-minded or who tells lies will be there. Only those whose names are written in the Lamb's book of life will be in the city.,"Amɛ kɩŋ kɛ buloŋ aa kaŋ bisiŋ, koo nal buloŋ aa yaa hɩɩsɩ wɩya koo a kɩ nyɩya wɩya, ba kɩdɩgɩ buloŋ bɩ sɩ maakyiye gyʋʋ bee no, see nala hʋ fene ba aa saba we Pebiye hʋ Mɩɩbol Teŋ hʋ tɩyaŋ."
1,"The angel showed me a river that was crystal clear, and its waters gave life. The river came from the throne where God and the Lamb were seated.","Ɛɛ rɛ malɩka hʋ bɩl daga ŋ fuwo hʋ nɩɩ aa tɩya mɩɩbol. Ŋ na nɩɩ hʋ dɩ ʋ pʋlla gɛɛ peretete aŋ kyaanɩ gɛɛ anɩɩ nyagɩsa, a pallɩ lɩɩ Wɩɩsɩ abee Pebiye hʋ kuworikpasa hʋ tɩyaŋ,"
2,"Then it flowed down the middle of the city's main street. On each side of the river are trees that grow a different kind of fruit each month of the year. The fruit gives life, and the leaves are used as medicine to heal the nations.","a tɩŋ tɔbal hʋ ŋmaŋbal tʋtʋʋ kɩ tuu, ka Mɩɩbol Tɩya hʋ mɛ sɩŋ fuwo hʋ kyolli balɩya hʋ buloŋ tɩyaŋ. Tɩya hʋ aa nɔnɔ naaŋsɩɩnyʋwa fi bee balɩya rɛ bɩna buloŋ. Ɛɛ daga nɩɩ pene buloŋ, ʋ aa nɔnɔ rɛ. Tɩya hʋ paaponni yaa luliye rɛ paalʋʋsɩ buloŋ nala ba kpa kɩ tɩɩbɩ ba tɩɩ."
3,"God's curse will no longer be on the people of that city. He and the Lamb will be seated there on their thrones, and its people will worship God","Kɩŋ kɛ buloŋ aa yaa Wɩɩsɩ sɩna bɩ sɩ we bee no tɩyaŋ. Wɩɩsɩ abee Pebiye hʋ kuworikpasa hʋ sɩ sɩŋ doŋ, ka ʋ nala kɩ kyʋwalɩ ʋ."
4,and will see him face to face. God's name will be written on the foreheads of the people.,"Ba sɩ na Wɩɩsɩ abee ba sɩbii, ka dɩ ʋ feŋ we ba tilli tɩyaŋ."
5,"Never again will night appear, and no one who lives there will ever need a lamp or the sun. The Lord God will be their light, and they will rule forever. The Coming of Christ","Tebine bɩl bɩ sɩ we doŋ, dɩ ba bɩl kɩ kyɛ fɩŋtɩŋsɩ koo wɩɩpɔsɩɩ, beewɩya á Tɩɩna Wɩɩsɩ rɛ sɩ yaa ba pʋlʋŋ, ka dɩ ba di koro a kaŋ kɩ mʋ maakyiye buloŋ."
6,"Then I was told: These words are true and can be trusted. The Lord God controls the spirits of his prophets, and he is the one who sent his angel to show his servants what must happen very soon.","Ɛɛ rɛ malɩka hʋ bɩl basɩ tɩya ŋ a baa, “Wɩya no yaa wɩtɩɩ rɛ, a maga dɩ nal buloŋ laa ba di. Á Tɩɩna Wɩɩsɩ, nal hʋ aa kpa ʋ Wiyesi Welii hʋ we ʋ tɩŋdaala tɩyaŋ, ʋ rɛ tɩma ŋ dɩ ŋ ko basɩ wɩya hʋ aa bɩ sɩ pɩɩsɩ aŋ yaa a tɩya ʋ nala.” Yesu koyi"
7,"Remember, I am coming soon! God will bless everyone who pays attention to the message of this book.","Yesu baa, “Ma na! Ŋ bɩ sɩ pɩɩsɩ ka dɩ ŋ ko! Nyusʋŋtɩmma rɛ yaa nala hʋ aa tɩŋ wɩya hʋ ba aa basa teŋ no tɩyaŋ anɩɩ ba sɩ yaa lagɩlagɩ no abee maakyiye.”"
8,"My name is John, and I am the one who heard and saw these things. Then after I had heard and seen all this, I knelt down and began to worship at the feet of the angel who had shown it to me.","Mɩyaŋ Gyɔɔŋ nɛ yaa nal hʋ aa nɩɩ aŋ na wɩya no buloŋ. Ŋ aa nɩɩ aŋ na wɩya no buloŋ ko teŋ, ŋ tuu gbinni malɩka hʋ aa kpaa wɩya no daga ŋ sɩya tɩyaŋ, a kɩ kyɛ dɩ ŋ kyʋwalɩ ʋ."
9,"But the angel said, Don't do that! I am a servant, just like you. I am the same as a follower or a prophet or anyone else who obeys what is written in this book. God is the one you should worship.","Ɛɛ rɛ ʋ basɩ tɩya ŋ abaa, “Ta yaa gɛɛ! Ŋ beel-ɩ, abee ɩ dɔŋtɩŋsɩ Wɩɩsɩ tɩŋdaala abee nala hʋ buloŋ aa tɩŋ wɩya hʋ aa we teŋ no tɩyaŋ, á buloŋ yaa Wɩɩsɩ tʋŋtʋnna rɛ. Wɩɩsɩ dʋŋ nɛ maga ɩ kɩ kyʋwalɩ ʋ.”"
12,"Then I was told: I am coming soon! And when I come, I will reward everyone for what they have done.","Yesu baa, “Ma na! Ŋ bɩ sɩ pɩɩsɩ ka dɩ ŋ ko! Ŋ sɩ ko tuŋ nal buloŋ a maga wɩya hʋ ʋ aa yaa."
13,"I am Alpha and Omega, the first and the last, the beginning and the end.","Mɩyaŋ nɛ yaa Alfa abee Omega, nal hʋ aa laasɩya abee nal hʋ aa laa hal, wɩɩ buloŋ lipiilii abee wɩɩ buloŋ litenii."
14,"God will bless all who have washed their robes. They will each have the right to eat fruit from the tree that gives life, and they can enter the gates of the city.","Nyusʋŋtɩmma rɛ yaa nala hʋ aa sasɩ ba gannɩ ba kyaanɩ, dɩ ba na ŋmanɩɩ a tɩŋ tɔbal hʋ pagɩsɩ a gyʋʋ bee hʋ a di mɩɩbol tɩya hʋ nɔnɔ."
15,"But outside the city will be dogs, witches, immoral people, murderers, idol worshipers, and everyone who loves to tell lies and do wrong.","Amɛ nala no iriŋ kɛ rɛ sɩ sɩŋ bee hʋ gyaŋhal tɩyaŋ. Ba aa rɛ yaa nala hʋ aa yaa bisiŋ wɩya, abee daaluliye tɩmma, abee sɔŋsɔnnɔ, abee nɩkpʋʋla, abee vʋgɩmarɩla, abee nala hʋ buloŋ aa kyo wɩnyɩyɛl a kɩ nyɩya wɩya.”"
16,"I am Jesus! And I am the one who sent my angel to tell all of you these things for the churches. I am David's Great Descendant, and I am also the bright morning star.","Ɛɛ rɛ Yesu baa, “Mɩyaŋ nɛ tɩma ŋ malɩka ma lee dɩ ʋ ko basɩ wɩya no tɩya nala hʋ aa laa ŋ wɩya di a kɩ laŋŋɩ lee buloŋ tɩyaŋ. Ŋ yaa Deviti doho nal lɛ. Mɩyaŋ nɛ yaa nɔnyʋwa aa kyaanɩ sɩgballɩnyʋwa.”"
17,"The Spirit and the bride say, “Come!” Everyone who hears this should say, “Come!” If you are thirsty, come! If you want life-giving water, come and take it. It's free!","Ɛɛ rɛ Wiyesi Welii hʋ abee haaŋ hʋ Pebiye hʋ aa kyɛ dɩ ʋ kpa basɩ abaa, “Ko.” Nal hʋ buloŋ aa nɩɩ wɩɩ no, ʋ mɛ baa, “Ko.” Nal hʋ buloŋ nɩɩnyʋwasɩ a kana, ʋ ko. Nal hʋ buloŋ mɛ aa kyɛ, ʋ laa nɩɩ hʋ aa tɩya mɩɩbol ba aa kpaa kɩ tɩya waasʋ waasʋ. Wɩkateŋse"
19,"If you take anything away from these prophecies, God will not let you have part in the life-giving tree and in the holy city described in this book.","Dɩ nal buloŋ mɛ rɛ ko lɩɩ wɩdɩgɩ ta wɩya no tɩyaŋ, tol hʋ ʋ aa kana Mɩɩbol Tɩya hʋ wɩya ba aa basa teŋ no tɩyaŋ nɔnɔ tɩyaŋ, Wɩɩsɩ sɩ kaŋ ba laa, aŋ bɩ sɩ leŋ dɩ ʋ gyʋʋ Wɩɩsɩ tɔbal hʋ wɩya mɛ ba aa basa teŋ no tɩyaŋ."
20,"The one who has spoken these things says, “I am coming soon!” So, Lord Jesus, please come soon!","Nal hʋ aa dii wɩya no buloŋ daŋsɩya, ʋ basa rɛ abaa, “Wɩtɩɩ rɛ! Ŋ bɩ sɩ pɩɩsɩ ka dɩ ŋ ko.” Ɛɛ rɛ ŋ baa, “Amɩ! Ko, á Tɩɩna Yesu.”"
21,I pray that the Lord Jesus will be kind to all of you.,Á Tɩɩna Yesu bɔnyɛ sɩ we Wɩɩsɩ nala buloŋ lee. Amɩ.
